   2.50224075200738e+01
   2.50944643371439e+01
   2.49503507029835e+01
   2.49543538594890e+01
   2.49663633290053e+01
   2.49023128249120e+01
   2.49903822680362e+01
   2.49743696420159e+01
   2.49503507029835e+01
   2.49903822680362e+01
   2.49543538594890e+01
   2.49663633290053e+01
   2.50144012070648e+01
   2.49183254509368e+01
   2.50704453981228e+01
   2.48903033553927e+01
   2.49743696420159e+01
   2.50264106765782e+01
   2.50224075200738e+01
   2.48822970423795e+01
   2.50184043635693e+01
   2.49663633290053e+01
   2.49823759550261e+01
   2.49743696420159e+01
   2.49623601725000e+01
   2.49983885810460e+01
   2.50384201460911e+01
   2.48782938858728e+01
   2.49503507029835e+01
   2.50144012070648e+01
   2.49223286074429e+01
   2.50624390851152e+01
   2.49663633290053e+01
   2.49423443899722e+01
   2.49023128249120e+01
   2.49903822680362e+01
   2.50344169895869e+01
   2.49663633290053e+01
   2.49863791115312e+01
   2.49983885810460e+01
   2.49503507029835e+01
   2.49783727985210e+01
   2.49423443899722e+01
   2.49983885810460e+01
   2.49663633290053e+01
   2.49743696420159e+01
   2.49583570159945e+01
   2.50224075200738e+01
   2.49623601725000e+01
   2.49783727985210e+01
   2.49623601725000e+01
   2.49503507029835e+01
   2.50664422416190e+01
   2.48943065118992e+01
   2.50224075200738e+01
   2.48863001988861e+01
   2.49143222944307e+01
   2.50063948940555e+01
   2.50144012070648e+01
   2.49743696420159e+01
   2.49503507029835e+01
   2.50504296156035e+01
   2.49983885810460e+01
   2.50063948940555e+01
   2.50103980505602e+01
   2.49583570159945e+01
   2.50464264590994e+01
   2.49583570159945e+01
   2.49863791115312e+01
   2.50424233025953e+01
   2.49423443899722e+01
   2.49783727985210e+01
   2.49703664855106e+01
   2.49863791115312e+01
   2.48863001988861e+01
   2.49863791115312e+01
   2.49343380769607e+01
   2.49943854245411e+01
   2.50063948940555e+01
   2.50304138330826e+01
   2.49823759550261e+01
   2.50224075200738e+01
   2.50304138330826e+01
   2.50023917375508e+01
   2.50344169895869e+01
   2.49183254509368e+01
   2.50384201460911e+01
   2.49263317639489e+01
   2.50544327721075e+01
   2.50304138330826e+01
   2.49143222944307e+01
   2.50464264590994e+01
   2.50344169895869e+01
   2.50144012070648e+01
   2.49703664855106e+01
   2.50584359286114e+01
   2.50023917375508e+01
   2.49903822680362e+01
   2.50464264590994e+01
   2.49503507029835e+01
   2.49663633290053e+01
   2.49703664855106e+01
