   4.00003000000000e+05   2.28759768106102e-06   2.51064738066536e+01
   8.00006000000000e+05   2.08811593438440e-06   2.50264106765782e+01
   1.20000800000000e+06   2.09395534511714e-06   2.50264106765782e+01
   1.60001100000000e+06   2.21819141188462e-06   2.49943854245411e+01
   2.00001300000000e+06   1.99121495825239e-06   2.50584359286114e+01
   2.40001600000000e+06   2.02693968276435e-06   2.50264106765782e+01
   2.80001900000000e+06   1.81778477781336e-06   2.49943854245411e+01
   3.20002100000000e+06   1.98866109712981e-06   2.50264106765782e+01
   3.60002400000000e+06   1.92579477698018e-06   2.50344169895869e+01
   4.00002600000000e+06   1.73653586443834e-06   2.50624390851152e+01
   4.40002900000000e+06   1.90511150321981e-06   2.49983885810460e+01
   4.80003200000000e+06   1.67249891092069e-06   2.50144012070648e+01
   5.20003400000000e+06   1.79514267983905e-06   2.49823759550261e+01
   5.60003700000000e+06   1.80956863005122e-06   2.50664422416190e+01
   6.00003900000000e+06   1.67302971476602e-06   2.50504296156035e+01
   6.40004200000000e+06   1.69818622453022e-06   2.51024706501504e+01
   6.80004500000000e+06   1.55014186020708e-06   2.50824548676336e+01
   7.20004700000000e+06   1.61578100232873e-06   2.51184832761627e+01
   7.60005000000000e+06   1.59550893386040e-06   2.49943854245411e+01
   8.00005200000000e+06   1.49626578149764e-06   2.50624390851152e+01
   8.40005500000000e+06   1.74430192600994e-06   2.50103980505602e+01
   8.80005800000000e+06   1.61130412834609e-06   2.50584359286114e+01
   9.20006000000000e+06   1.74214517301152e-06   2.50264106765782e+01
   9.60006300000000e+06   1.64141829372966e-06   2.50023917375508e+01
   4.22298810000000e+07  -2.05402425490320e-03   2.50704453981228e+01
   4.26298840000000e+07   7.28941927263804e-07   2.50184043635693e+01
   4.30298860000000e+07   1.34693436848465e-06   2.50184043635693e+01
   4.34298890000000e+07   2.70374175670440e-06   2.50584359286114e+01
   4.38298910000000e+07   1.58388183990610e-06   2.50344169895869e+01
   4.42298940000000e+07   1.11214365006163e-06   2.50704453981228e+01
   4.46298970000000e+07   9.96506969386246e-07   2.50464264590994e+01
   4.50298990000000e+07   1.47206242218090e-06   2.49183254509368e+01
   4.54299020000000e+07   2.83121335087344e-06   2.49783727985210e+01
   4.58299040000000e+07   1.40004726745246e-06   2.50264106765782e+01
   4.62299070000000e+07   1.38072687150270e-06   2.50224075200738e+01
   4.66299100000000e+07   1.37515860387794e-06   2.50023917375508e+01
   4.70299120000000e+07   2.23994516090897e-06   2.50304138330826e+01
   4.74299150000000e+07   2.92263621304301e-06   2.49063159814183e+01
   4.78299170000000e+07   1.44860848649842e-06   2.49263317639489e+01
   4.82299200000000e+07   1.12300392629550e-06   2.50264106765782e+01
   4.86299230000000e+07   1.49960999351606e-06   2.49783727985210e+01
   4.90299250000000e+07   1.97863846551627e-06   2.49343380769607e+01
   4.94299280000000e+07   2.47987554757856e-06   2.49063159814183e+01
   4.98299300000000e+07   1.11306076178153e-06   2.50824548676336e+01
   5.02299330000000e+07   1.62412800364109e-06   2.50144012070648e+01
   5.06299360000000e+07   2.00828321794688e-06   2.50504296156035e+01
   5.10299380000000e+07   2.58207523984311e-06   2.49743696420159e+01
   5.14299410000000e+07   2.74632679975184e-06   2.50664422416190e+01
   5.18299430000000e+07   1.46037848480773e-06   2.49863791115312e+01
   9.55450960000000e+07   4.60690027102828e-03   2.50504296156035e+01
   9.59450990000000e+07   3.16067621497496e-06   2.49983885810460e+01
   9.63451010000000e+07   1.60315244102094e-06   2.51024706501504e+01
   9.67451040000000e+07   1.77153219738102e-06   2.49823759550261e+01
   9.71451060000000e+07   1.41480120419146e-06   2.50264106765782e+01
   9.75451090000000e+07   2.17554998016567e-06   2.50144012070648e+01
   9.79451120000000e+07   3.12341626340640e-06   2.49943854245411e+01
   9.83451140000000e+07   1.26756015106366e-06   2.50103980505602e+01
   9.87451170000000e+07   1.48771664498781e-06   2.49543538594890e+01
   9.91451190000000e+07   1.32314278289414e-06   2.50224075200738e+01
   9.95451220000000e+07   1.91710182662064e-06   2.50224075200738e+01
   9.99451250000000e+07   2.84878387901699e-06   2.50624390851152e+01
   1.00345127000000e+08   1.20761853850126e-06   2.50063948940555e+01
   1.00745130000000e+08   1.77208858076483e-06   2.50424233025953e+01
   1.01145132000000e+08   1.62230173827993e-06   2.50504296156035e+01
   1.01545135000000e+08   2.39032874560507e-06   2.51104769631567e+01
   1.01945138000000e+08   2.76648006547475e-06   2.49903822680362e+01
   1.02345140000000e+08   1.09713698748237e-06   2.50144012070648e+01
   1.02745143000000e+08   1.58598118105147e-06   2.50304138330826e+01
   1.03145145000000e+08   1.69768338764698e-06   2.50264106765782e+01
   1.03545148000000e+08   2.14818555832608e-06   2.51224864326656e+01
   1.03945151000000e+08   2.42928877014492e-06   2.50704453981228e+01
   1.04345153000000e+08   8.55881410188886e-07   2.50384201460911e+01
   1.04745156000000e+08   1.61423201916477e-06   2.49903822680362e+01
   1.05145158000000e+08   1.57722354288126e-06   2.50504296156035e+01
   1.48905147000000e+08  -4.20612469315529e-03   2.50144012070648e+01
   1.49305150000000e+08   1.60998592946271e-06   2.51184832761627e+01
   1.49705152000000e+08   1.29965485484718e-06   2.52625969102287e+01
   1.50105155000000e+08   1.75873526586656e-06   2.50704453981228e+01
   1.50505157000000e+08   2.48019046011905e-06   2.49903822680362e+01
   1.50905160000000e+08   2.43794920606888e-06   2.51825337802020e+01
   1.51305163000000e+08   1.29342743093730e-06   2.49183254509368e+01
   1.51705165000000e+08   1.26787153931218e-06   2.50464264590994e+01
   1.52105168000000e+08   1.63991933277430e-06   2.48662844163524e+01
   1.52505170000000e+08   2.39510700339451e-06   2.49343380769607e+01
   1.52905173000000e+08   1.99889609575621e-06   2.48903033553927e+01
   1.53305176000000e+08   9.28048962123285e-07   2.50103980505602e+01
   1.53705178000000e+08   1.16446290121530e-06   2.49823759550261e+01
   1.54105181000000e+08   1.83254724106519e-06   2.49703664855106e+01
   1.54505183000000e+08   2.36834557654220e-06   2.50784517111300e+01
   1.54905186000000e+08   1.87323541922524e-06   2.51064738066536e+01
   1.55305189000000e+08   8.39234985505755e-07   2.49583570159945e+01
   1.55705191000000e+08   1.45826686548389e-06   2.49983885810460e+01
   1.56105194000000e+08   2.14511078411306e-06   2.50144012070648e+01
   1.56505196000000e+08   2.51805749940104e-06   2.50063948940555e+01
   1.56905199000000e+08   1.99549617718731e-06   2.50103980505602e+01
   1.57305202000000e+08   1.25087740343588e-06   2.50784517111300e+01
   1.57705204000000e+08   1.97689200831519e-06   2.50824548676336e+01
   1.58105207000000e+08   2.31014860219148e-06   2.51304927456713e+01
   1.58505209000000e+08   2.38349025494244e-06   2.50304138330826e+01
   1.93645628000000e+08   2.36284988932312e-03   2.50063948940555e+01
   1.94045630000000e+08   3.86896363124833e-06   2.50584359286114e+01
   1.94445633000000e+08   1.86638101240533e-06   2.50063948940555e+01
   1.94845635000000e+08   2.71690919362300e-06   2.50904611806405e+01
   1.95245638000000e+08   2.48814717451751e-06   2.50023917375508e+01
   1.95645641000000e+08   1.04906757769641e-06   2.50184043635693e+01
   1.96045643000000e+08   3.93513710150728e-06   2.50344169895869e+01
   1.96445646000000e+08   1.56716180299554e-06   2.50984674936472e+01
   1.96845648000000e+08   2.37440099226660e-06   2.50744485546264e+01
   1.97245651000000e+08   2.10511257137114e-06   2.50664422416190e+01
   1.97645654000000e+08   1.02174010407907e-06   2.50824548676336e+01
   1.98045656000000e+08   3.80646156372677e-06   2.50544327721075e+01
   1.98445659000000e+08   1.34281549435400e-06   2.50864580241371e+01
   1.98845661000000e+08   2.46706349571468e-06   2.50624390851152e+01
   1.99245664000000e+08   1.97347480934695e-06   2.49983885810460e+01
   1.99645667000000e+08   1.19276273835567e-06   2.49303349204548e+01
   2.00045669000000e+08   3.52842062056880e-06   2.49263317639489e+01
   2.00445672000000e+08   1.08843528323632e-06   2.48943065118992e+01
   2.00845674000000e+08   2.11053429666208e-06   2.49503507029835e+01
   2.01245677000000e+08   1.56421890551428e-06   2.49263317639489e+01
   2.01645680000000e+08   1.18067123366927e-06   2.49623601725000e+01
   2.02045682000000e+08   3.47037143910711e-06   2.48702875728593e+01
   2.02445685000000e+08   1.00571242001024e-06   2.50144012070648e+01
   2.02845687000000e+08   2.29687793762423e-06   2.49943854245411e+01
   2.03245690000000e+08   1.80427593932109e-06   2.50424233025953e+01
