   4.00002000000000e+05   1.81434324986185e-06   2.50984674936472e+01
   8.00005000000000e+05   1.82009409854800e-06   2.49503507029835e+01
   1.20000700000000e+06   1.70330372384342e-06   2.49983885810460e+01
   1.60001000000000e+06   1.83242093498848e-06   2.50023917375508e+01
   2.00001200000000e+06   1.67639313986001e-06   2.49863791115312e+01
   2.40001500000000e+06   1.85001215413649e-06   2.50023917375508e+01
   2.80001800000000e+06   1.72969691902836e-06   2.50984674936472e+01
   3.20002000000000e+06   1.79822700374643e-06   2.49743696420159e+01
   3.60002300000000e+06   1.75391858192597e-06   2.50424233025953e+01
   4.00002500000000e+06   1.77166725734423e-06   2.50624390851152e+01
   4.40002800000000e+06   1.76583569100330e-06   2.49983885810460e+01
   4.80003100000000e+06   1.87225441550254e-06   2.49823759550261e+01
   5.20003300000000e+06   1.75879711150628e-06   2.50264106765782e+01
   5.60003600000000e+06   1.89590059562761e-06   2.49743696420159e+01
   6.00003800000000e+06   1.77324773176224e-06   2.50544327721075e+01
   6.40004100000000e+06   1.85626936399785e-06   2.49983885810460e+01
   6.80004400000000e+06   1.86993463557883e-06   2.50304138330826e+01
   7.20004600000000e+06   1.89941818007355e-06   2.50744485546264e+01
   7.60004900000000e+06   1.83183772151096e-06   2.50704453981228e+01
   8.00005100000000e+06   1.90860214388522e-06   2.49783727985210e+01
   8.40005400000000e+06   1.85290639365121e-06   2.50864580241371e+01
   8.80005700000000e+06   1.80607037236769e-06   2.50464264590994e+01
   9.20005900000000e+06   1.78026323283120e-06   2.50784517111300e+01
   9.60006200000000e+06   1.74219974269363e-06   2.50704453981228e+01
   4.20469020000000e+07   1.43412689794786e-04   2.52906190057322e+01
   4.24469050000000e+07   1.65216135883384e-06   2.51905400932058e+01
   4.28469070000000e+07   1.97286681213882e-06   2.50144012070648e+01
   4.32469100000000e+07   1.88552871804859e-06   2.52265685017198e+01
   4.36469130000000e+07   1.86117028988519e-06   2.52746063797306e+01
   4.40469150000000e+07   2.00840167963179e-06   2.51425022151793e+01
   4.44469180000000e+07   1.82170902007783e-06   2.52625969102287e+01
   4.48469200000000e+07   2.17795582102553e-06   2.50824548676336e+01
   4.52469230000000e+07   2.07582183975319e-06   2.52786095362311e+01
   4.56469250000000e+07   1.91466619980929e-06   2.49903822680362e+01
   4.60469280000000e+07   2.14946317100839e-06   2.50824548676336e+01
   4.64469310000000e+07   1.93657433555927e-06   2.49543538594890e+01
   4.68469330000000e+07   2.21131767830229e-06   2.49983885810460e+01
   4.72469360000000e+07   2.01039097191824e-06   2.48662844163524e+01
   4.76469380000000e+07   2.05332821678894e-06   2.49503507029835e+01
   4.80469410000000e+07   2.22018979911809e-06   2.51264895891685e+01
   4.84469440000000e+07   1.78712593879027e-06   2.49383412334665e+01
   4.88469460000000e+07   1.99766282094060e-06   2.50824548676336e+01
   4.92469490000000e+07   1.79548078449443e-06   2.50584359286114e+01
   4.96469510000000e+07   1.86507691068982e-06   2.49663633290053e+01
   5.00469540000000e+07   1.90956802725850e-06   2.51184832761627e+01
   5.04469570000000e+07   1.69555084994499e-06   2.50544327721075e+01
   5.08469590000000e+07   1.98457109945593e-06   2.50864580241371e+01
   5.12469620000000e+07   1.76545268004702e-06   2.50344169895869e+01
   5.16469640000000e+07   1.80721463038935e-06   2.50824548676336e+01
   9.54424980000000e+07   2.05150223337114e-04   2.51505085281844e+01
   9.58425010000000e+07   1.56700787101727e-06   2.50264106765782e+01
   9.62425040000000e+07   2.01719990400306e-06   2.50864580241371e+01
   9.66425060000000e+07   1.97906524590508e-06   2.49303349204548e+01
   9.70425090000000e+07   1.74218882875721e-06   2.49743696420159e+01
   9.74425110000000e+07   2.07320431400149e-06   2.50944643371439e+01
   9.78425140000000e+07   1.66778943366808e-06   2.52065527192126e+01
   9.82425170000000e+07   2.03827562472725e-06   2.49943854245411e+01
   9.86425190000000e+07   1.69663701399259e-06   2.50384201460911e+01
   9.90425220000000e+07   1.68144345025212e-06   2.50464264590994e+01
   9.94425240000000e+07   1.96112023331807e-06   2.49223286074429e+01
   9.98425270000000e+07   1.63281765708234e-06   2.47982307557260e+01
   1.00242530000000e+08   1.85560838872334e-06   2.51665211541937e+01
   1.00642532000000e+08   1.67087250702025e-06   2.49223286074429e+01
   1.01042535000000e+08   1.57751810547779e-06   2.47581991906431e+01
   1.01442537000000e+08   1.73963451288728e-06   2.51425022151793e+01
   1.01842540000000e+08   1.35057587158371e-06   2.50464264590994e+01
   1.02242543000000e+08   1.82774681434239e-06   2.47902244427099e+01
   1.02642545000000e+08   1.61227546868759e-06   2.50624390851152e+01
   1.03042548000000e+08   1.65720257427893e-06   2.50304138330826e+01
   1.03442550000000e+08   1.76323817413504e-06   2.50264106765782e+01
   1.03842553000000e+08   1.72908482909406e-06   2.51745274671980e+01
   1.04242556000000e+08   1.79549192580453e-06   2.49263317639489e+01
   1.04642558000000e+08   1.61579441737558e-06   2.49623601725000e+01
   1.05042561000000e+08   1.58025875407475e-06   2.51184832761627e+01
   1.48434656000000e+08   1.92800274817273e-04   2.50264106765782e+01
   1.48834659000000e+08   1.71153158134985e-06   2.49743696420159e+01
   1.49234662000000e+08   1.78693903762905e-06   2.50344169895869e+01
   1.49634664000000e+08   1.57012368617870e-06   2.51264895891685e+01
   1.50034667000000e+08   1.84977659500873e-06   2.50624390851152e+01
   1.50434669000000e+08   1.55487384745356e-06   2.50464264590994e+01
   1.50834672000000e+08   1.84866814834095e-06   2.49983885810460e+01
   1.51234675000000e+08   1.80783740688639e-06   2.49823759550261e+01
   1.51634677000000e+08   1.68536666933505e-06   2.49503507029835e+01
   1.52034680000000e+08   1.94705080502899e-06   2.49743696420159e+01
   1.52434682000000e+08   1.65429196385958e-06   2.50384201460911e+01
   1.52834685000000e+08   1.89473610134883e-06   2.49783727985210e+01
   1.53234688000000e+08   1.82600865628046e-06   2.50103980505602e+01
   1.53634690000000e+08   1.63614470238826e-06   2.50424233025953e+01
   1.54034693000000e+08   1.99394821720489e-06   2.50224075200738e+01
   1.54434695000000e+08   1.79729022420361e-06   2.50384201460911e+01
   1.54834698000000e+08   2.03927788788860e-06   2.50624390851152e+01
   1.55234701000000e+08   2.05650871976104e-06   2.50304138330826e+01
   1.55634703000000e+08   1.92344828064961e-06   2.51024706501504e+01
   1.56034706000000e+08   2.17131696444994e-06   2.50944643371439e+01
   1.56434708000000e+08   1.74591639279242e-06   2.50704453981228e+01
   1.56834711000000e+08   1.81563950718555e-06   2.50544327721075e+01
   1.57234714000000e+08   1.71678254901053e-06   2.50504296156035e+01
   1.57634716000000e+08   1.67852385857259e-06   2.49903822680362e+01
   1.58034719000000e+08   1.84080840881506e-06   2.50784517111300e+01
   1.93007446000000e+08   1.61762713105418e-04   2.48662844163524e+01
   1.93407449000000e+08   1.83220697635988e-06   2.49863791115312e+01
   1.93807451000000e+08   1.84198711394856e-06   2.48542749468314e+01
   1.94207454000000e+08   1.78672087258747e-06   2.51865369367039e+01
   1.94607456000000e+08   1.85329975010973e-06   2.51585148411891e+01
   1.95007459000000e+08   1.81974405677465e-06   2.49903822680362e+01
   1.95407462000000e+08   1.76603043655632e-06   2.48782938858728e+01
   1.95807464000000e+08   1.89157401564444e-06   2.46981518430070e+01
   1.96207467000000e+08   1.79980088432785e-06   2.49583570159945e+01
   1.96607469000000e+08   2.00566478270048e-06   2.49263317639489e+01
   1.97007472000000e+08   1.93340838450240e-06   2.51425022151793e+01
   1.97407475000000e+08   1.96311270883598e-06   2.52625969102287e+01
   1.97807477000000e+08   2.04901721190254e-06   2.49943854245411e+01
   1.98207480000000e+08   1.85253531981289e-06   2.51505085281844e+01
   1.98607482000000e+08   2.04627463062934e-06   2.50224075200738e+01
   1.99007485000000e+08   1.95098505173519e-06   2.48822970423795e+01
   1.99407488000000e+08   1.95078769138490e-06   2.50784517111300e+01
   1.99807490000000e+08   2.01621674023045e-06   2.48462686338171e+01
   2.00207493000000e+08   1.86972863502888e-06   2.54147168572112e+01
   2.00607495000000e+08   1.99196529138135e-06   2.48502717903243e+01
   2.01007498000000e+08   1.70412363331707e-06   2.48742907293661e+01
   2.01407501000000e+08   1.90368393759854e-06   2.49183254509368e+01
   2.01807503000000e+08   1.85469650659797e-06   2.48222496947727e+01
   2.02207506000000e+08   1.80920767434145e-06   2.48342591642952e+01
   2.02607508000000e+08   2.00115232473763e-06   2.49183254509368e+01
