   4.00003000000000e+05   1.78213258550386e-06   2.51144801196597e+01
   8.00005000000000e+05   1.90821720025269e-06   2.50304138330826e+01
   1.20000800000000e+06   1.63302320288494e-06   2.49623601725000e+01
   1.60001000000000e+06   1.84723774054874e-06   2.49463475464779e+01
   2.00001300000000e+06   1.51502717926633e-06   2.49623601725000e+01
   2.40001600000000e+06   1.35249308641505e-06   2.50864580241371e+01
   2.80001800000000e+06   1.54666076923604e-06   2.49423443899722e+01
   3.20002100000000e+06   1.26970132896531e-06   2.50023917375508e+01
   3.60002300000000e+06   1.66817244462436e-06   2.49743696420159e+01
   4.00002600000000e+06   1.95586699192063e-06   2.50304138330826e+01
   4.40002900000000e+06   2.03032846002316e-06   2.50023917375508e+01
   4.80003100000000e+06   2.22932317228697e-06   2.49583570159945e+01
   5.20003400000000e+06   1.96905079974385e-06   2.50184043635693e+01
   5.60003600000000e+06   2.19930348066555e-06   2.49823759550261e+01
   6.00003900000000e+06   1.84142913894902e-06   2.49943854245411e+01
   6.40004200000000e+06   1.80994504717091e-06   2.51144801196597e+01
   6.80004400000000e+06   1.97222766473715e-06   2.50984674936472e+01
   7.20004700000000e+06   1.71465762832668e-06   2.50063948940555e+01
   7.60004900000000e+06   1.95215761777945e-06   2.50063948940555e+01
   8.00005200000000e+06   2.24443851948308e-06   2.49663633290053e+01
   8.40005500000000e+06   2.19484127228498e-06   2.50224075200738e+01
   8.80005700000000e+06   2.52434051617456e-06   2.50304138330826e+01
   9.20006000000000e+06   2.14990063795995e-06   2.50744485546264e+01
   9.60006200000000e+06   2.53516827797284e-06   2.50624390851152e+01
   4.22691690000000e+07   2.38440046086907e-03   2.50544327721075e+01
   4.26691720000000e+07   1.77044591964659e-06   2.50744485546264e+01
   4.30691740000000e+07   1.12494137738395e-06   2.50224075200738e+01
   4.34691770000000e+07   2.03068270820950e-06   2.51104769631567e+01
   4.38691790000000e+07   2.47517095885996e-06   2.50704453981228e+01
   4.42691820000000e+07   7.42008012366568e-07   2.50584359286114e+01
   4.46691850000000e+07   1.63052754942328e-06   2.50504296156035e+01
   4.50691870000000e+07   9.42208316700999e-07   2.49943854245411e+01
   4.54691900000000e+07   1.75414925251971e-06   2.50624390851152e+01
   4.58691920000000e+07   2.50027665060770e-06   2.49943854245411e+01
   4.62691950000000e+07   9.99325379780203e-07   2.50424233025953e+01
   4.66691980000000e+07   1.84744317266450e-06   2.50344169895869e+01
   4.70692000000000e+07   1.15880720841233e-06   2.50624390851152e+01
   4.74692030000000e+07   2.05195397029456e-06   2.50624390851152e+01
   4.78692050000000e+07   2.50628909270745e-06   2.50304138330826e+01
   4.82692080000000e+07   9.61654222919606e-07   2.49703664855106e+01
   4.86692110000000e+07   1.71533520187950e-06   2.49503507029835e+01
   4.90692130000000e+07   1.19041362722783e-06   2.49903822680362e+01
   4.94692160000000e+07   1.92255902220495e-06   2.49863791115312e+01
   4.98692180000000e+07   2.47437969846942e-06   2.50424233025953e+01
   5.02692210000000e+07   1.08786719010823e-06   2.50344169895869e+01
   5.06692240000000e+07   1.90529533483641e-06   2.50023917375508e+01
   5.10692260000000e+07   1.39636983931268e-06   2.49743696420159e+01
   5.14692290000000e+07   1.95405209524324e-06   2.50664422416190e+01
   5.18692310000000e+07   2.47865841629391e-06   2.50664422416190e+01
   9.57005590000000e+07  -4.25862381234765e-03   2.50584359286114e+01
   9.61005620000000e+07   8.08172728739009e-07   2.50184043635693e+01
   9.65005640000000e+07   8.73324438543932e-07   2.50584359286114e+01
   9.69005670000000e+07   4.89298372485791e-06   2.50664422416190e+01
   9.73005690000000e+07   1.95464986063598e-06   2.50504296156035e+01
   9.77005720000000e+07   1.83117799679167e-06   2.49983885810460e+01
   9.81005750000000e+07   5.59981344849803e-07   2.50504296156035e+01
   9.85005770000000e+07   6.18289618614654e-07   2.50184043635693e+01
   9.89005800000000e+07   4.38117831436102e-06   2.50464264590994e+01
   9.93005820000000e+07   1.47337732414599e-06   2.50023917375508e+01
   9.97005850000000e+07   1.64847574524174e-06   2.49543538594890e+01
   1.00100588000000e+08   7.78677303969744e-07   2.50664422416190e+01
   1.00500590000000e+08   8.83311997768033e-07   2.49063159814183e+01
   1.00900593000000e+08   4.32998649557703e-06   2.49823759550261e+01
   1.01300595000000e+08   1.56885255364614e-06   2.49423443899722e+01
   1.01700598000000e+08   1.80540371275129e-06   2.50704453981228e+01
   1.02100601000000e+08   7.45356771858496e-07   2.50184043635693e+01
   1.02500603000000e+08   8.77564559687016e-07   2.50023917375508e+01
   1.02900606000000e+08   4.17096453020349e-06   2.50264106765782e+01
   1.03300608000000e+08   1.55277825797384e-06   2.50224075200738e+01
   1.03700611000000e+08   1.51258439018420e-06   2.50344169895869e+01
   1.04100614000000e+08   9.10919553120948e-08   2.50664422416190e+01
   1.04500616000000e+08   2.85717305814615e-07   2.50464264590994e+01
   1.04900619000000e+08   3.20447543344926e-06   2.50063948940555e+01
   1.05300621000000e+08   6.72475437113462e-07   2.49863791115312e+01
   1.48999792000000e+08   4.65944968163967e-03   2.50224075200738e+01
   1.49399795000000e+08   2.46115632762667e-06   2.49743696420159e+01
   1.49799797000000e+08   1.90501464203408e-06   2.49863791115312e+01
   1.50199800000000e+08   1.59598289428686e-06   2.50304138330826e+01
   1.50599802000000e+08   2.63702827396628e-06   2.50224075200738e+01
   1.50999805000000e+08   8.06369541805907e-07   2.49103191379245e+01
   1.51399808000000e+08   3.21627794619417e-06   2.50344169895869e+01
   1.51799810000000e+08   2.32215188589180e-06   2.49623601725000e+01
   1.52199813000000e+08   1.93676942217280e-06   2.49983885810460e+01
   1.52599815000000e+08   2.94961455438170e-06   2.50103980505602e+01
   1.52999818000000e+08   1.23039137633896e-06   2.50504296156035e+01
   1.53399821000000e+08   3.32766785504646e-06   2.50864580241371e+01
   1.53799823000000e+08   2.56737757808878e-06   2.50984674936472e+01
   1.54199826000000e+08   2.22528183257964e-06   2.50224075200738e+01
   1.54599828000000e+08   3.08532435155939e-06   2.49823759550261e+01
   1.54999831000000e+08   1.32178683998063e-06   2.50464264590994e+01
   1.55399834000000e+08   3.52267170455889e-06   2.50784517111300e+01
   1.55799836000000e+08   2.47322054747201e-06   2.50304138330826e+01
   1.56199839000000e+08   2.01437751456979e-06   2.50384201460911e+01
   1.56599841000000e+08   2.65371022578620e-06   2.49943854245411e+01
   1.56999844000000e+08   1.21041114198306e-06   2.50544327721075e+01
   1.57399847000000e+08   3.16778550768504e-06   2.50344169895869e+01
   1.57799849000000e+08   2.25389203478699e-06   2.50704453981228e+01
   1.58199852000000e+08   1.95232087207842e-06   2.50704453981228e+01
   1.58599854000000e+08   2.63109859588440e-06   2.50144012070648e+01
   1.93891597000000e+08  -2.07598716951907e-03   2.51505085281844e+01
   1.94291600000000e+08   2.86620274891902e-06   2.51665211541937e+01
   1.94691602000000e+08   2.34096955864516e-06   2.50023917375508e+01
   1.95091605000000e+08   7.84820940680220e-07   2.50464264590994e+01
   1.95491608000000e+08   1.74102035543910e-06   2.50744485546264e+01
   1.95891610000000e+08  -6.16390707364189e-08   2.50464264590994e+01
   1.96291613000000e+08   2.69173574451997e-06   2.49143222944307e+01
   1.96691615000000e+08   2.14640385820530e-06   2.49943854245411e+01
   1.97091618000000e+08   8.54858058119135e-07   2.49103191379245e+01
   1.97491621000000e+08   1.56892099312245e-06   2.49063159814183e+01
   1.97891623000000e+08  -9.29509553770913e-08   2.49023128249120e+01
   1.98291626000000e+08   2.45266346610151e-06   2.49303349204548e+01
   1.98691628000000e+08   1.94190192814858e-06   2.49983885810460e+01
   1.99091631000000e+08   6.18757439951878e-07   2.49743696420159e+01
   1.99491634000000e+08   1.42483577292296e-06   2.50144012070648e+01
   1.99891636000000e+08   9.85228609806654e-08   2.49503507029835e+01
   2.00291639000000e+08   2.61437025983469e-06   2.49743696420159e+01
   2.00691641000000e+08   1.99692954083730e-06   2.49503507029835e+01
   2.01091644000000e+08   9.71430836216314e-07   2.50784517111300e+01
   2.01491646000000e+08   1.60939816851169e-06   2.50584359286114e+01
   2.01891649000000e+08   1.36602153588683e-07   2.50944643371439e+01
   2.02291652000000e+08   2.58997124547022e-06   2.50664422416190e+01
   2.02691654000000e+08   1.97064787244017e-06   2.51344959021740e+01
   2.03091657000000e+08   8.75042815096094e-07   2.51425022151793e+01
   2.03491659000000e+08   1.62874073339481e-06   2.51304927456713e+01
