   4.00003000000000e+05   1.94385847862577e-06   2.50304138330826e+01
   8.00006000000000e+05   1.81896859885455e-06   2.50904611806405e+01
   1.20000800000000e+06   1.84980706308124e-06   2.51304927456713e+01
   1.60001100000000e+06   1.89806087291799e-06   2.50624390851152e+01
   2.00001300000000e+06   1.59862156579038e-06   2.49943854245411e+01
   2.40001600000000e+06   1.32377681438811e-06   2.49983885810460e+01
   2.80001900000000e+06   1.20562503980182e-06   2.50224075200738e+01
   3.20002100000000e+06   1.23293079923315e-06   2.50704453981228e+01
   3.60002400000000e+06   1.25059568745201e-06   2.50304138330826e+01
   4.00002600000000e+06   1.38570158014772e-06   2.50704453981228e+01
   4.40002900000000e+06   1.84589703167148e-06   2.50784517111300e+01
   4.80003100000000e+06   1.88555520708178e-06   2.50144012070648e+01
   5.20003400000000e+06   1.84492466814845e-06   2.51425022151793e+01
   5.60003700000000e+06   1.90567902791372e-06   2.50304138330826e+01
   6.00003900000000e+06   1.95334928321245e-06   2.50544327721075e+01
   6.40004200000000e+06   2.16000671571237e-06   2.50224075200738e+01
   6.80004400000000e+06   2.13089606404537e-06   2.50504296156035e+01
   7.20004700000000e+06   2.21801951738598e-06   2.50664422416190e+01
   7.60005000000000e+06   2.17523620449356e-06   2.50784517111300e+01
   8.00005200000000e+06   2.22214657696895e-06   2.51104769631567e+01
   8.40005500000000e+06   2.38974280364346e-06   2.50544327721075e+01
   8.80005700000000e+06   2.43131671595620e-06   2.50824548676336e+01
   9.20006000000000e+06   2.36275741372083e-06   2.50624390851152e+01
   9.60006300000000e+06   2.43244085140759e-06   2.49543538594890e+01
   4.21373570000000e+07   2.37397500313818e-03   2.50344169895869e+01
   4.25373590000000e+07   2.87617376670823e-06   2.50224075200738e+01
   4.29373620000000e+07   2.00531667360337e-06   2.50224075200738e+01
   4.33373650000000e+07   1.52096879446617e-06   2.50624390851152e+01
   4.37373670000000e+07   2.24610107579792e-06   2.49543538594890e+01
   4.41373700000000e+07   2.64916411651939e-06   2.49423443899722e+01
   4.45373720000000e+07   2.78423885902157e-06   2.49503507029835e+01
   4.49373750000000e+07   1.78462119038159e-06   2.49663633290053e+01
   4.53373780000000e+07   1.41196221647988e-06   2.49903822680362e+01
   4.57373800000000e+07   2.33814876082761e-06   2.50184043635693e+01
   4.61373830000000e+07   2.40898884840135e-06   2.49263317639489e+01
   4.65373850000000e+07   2.30093746722559e-06   2.50584359286114e+01
   4.69373880000000e+07   1.45741955748235e-06   2.51184832761627e+01
   4.73373910000000e+07   1.24216296626400e-06   2.51625179976914e+01
   4.77373930000000e+07   2.02936234927620e-06   2.51785306237000e+01
   4.81373960000000e+07   2.23070583160734e-06   2.51184832761627e+01
   4.85373980000000e+07   2.65221706285956e-06   2.49863791115312e+01
   4.89374010000000e+07   1.83187125912809e-06   2.51264895891685e+01
   4.93374040000000e+07   1.67477344348299e-06   2.51304927456713e+01
   4.97374060000000e+07   2.18020159081789e-06   2.50664422416190e+01
   5.01374090000000e+07   2.35173592955107e-06   2.50103980505602e+01
   5.05374110000000e+07   2.38746156355774e-06   2.50624390851152e+01
   5.09374140000000e+07   1.60743593369261e-06   2.49503507029835e+01
   5.13374170000000e+07   1.28761905671126e-06   2.49983885810460e+01
   5.17374190000000e+07   2.12087024920038e-06   2.50584359286114e+01
   9.56235080000000e+07  -4.26092417910695e-03   2.49343380769607e+01
   9.60235110000000e+07   2.91851188194414e-06   2.50384201460911e+01
   9.64235140000000e+07   8.12041150766163e-07   2.50784517111300e+01
   9.68235160000000e+07   3.97717985833879e-06   2.50224075200738e+01
   9.72235190000000e+07   1.74692218024575e-06   2.50063948940555e+01
   9.76235210000000e+07  -1.71844732221871e-07   2.50704453981228e+01
   9.80235240000000e+07   3.12540851155063e-06   2.49703664855106e+01
   9.84235270000000e+07   7.03170428550948e-07   2.49743696420159e+01
   9.88235290000000e+07   3.69384292753239e-06   2.50103980505602e+01
   9.92235320000000e+07   1.28153692458000e-06   2.49823759550261e+01
   9.96235340000000e+07  -2.45102427243182e-07   2.50464264590994e+01
   1.00023537000000e+08   2.93541279461351e-06   2.50384201460911e+01
   1.00423540000000e+08   7.59600652600056e-07   2.50184043635693e+01
   1.00823542000000e+08   3.47418904311780e-06   2.51585148411891e+01
   1.01223545000000e+08   1.30810747123178e-06   2.50504296156035e+01
   1.01623547000000e+08  -1.05467783839686e-07   2.50023917375508e+01
   1.02023550000000e+08   2.78781044471543e-06   2.50384201460911e+01
   1.02423553000000e+08   5.88153056924057e-07   2.50584359286114e+01
   1.02823555000000e+08   3.23847143590683e-06   2.50344169895869e+01
   1.03223558000000e+08   9.91302840702701e-07   2.50103980505602e+01
   1.03623560000000e+08  -1.76379089111833e-07   2.50704453981228e+01
   1.04023563000000e+08   2.70275427283195e-06   2.50584359286114e+01
   1.04423566000000e+08   1.09034613160475e-06   2.50904611806405e+01
   1.04823568000000e+08   3.45384887623368e-06   2.49383412334665e+01
   1.05223571000000e+08   1.41784528295830e-06   2.50464264590994e+01
   1.48714684000000e+08   4.65717492625117e-03   2.49903822680362e+01
   1.49114686000000e+08   3.29087561112829e-06   2.49743696420159e+01
   1.49514689000000e+08   2.24391988012940e-06   2.50464264590994e+01
   1.49914692000000e+08   1.86221791409480e-06   2.50744485546264e+01
   1.50314694000000e+08   1.62620972332661e-06   2.50184043635693e+01
   1.50714697000000e+08   1.83404358722328e-06   2.49783727985210e+01
   1.51114699000000e+08   2.74676290246134e-06   2.50184043635693e+01
   1.51514702000000e+08   1.93473010767775e-06   2.49743696420159e+01
   1.51914705000000e+08   1.49197853716032e-06   2.49423443899722e+01
   1.52314707000000e+08   1.94151061805314e-06   2.50424233025953e+01
   1.52714710000000e+08   2.03899298867327e-06   2.50384201460911e+01
   1.53114712000000e+08   3.03824685943255e-06   2.49783727985210e+01
   1.53514715000000e+08   2.10086318475078e-06   2.49343380769607e+01
   1.53914718000000e+08   1.77256151800975e-06   2.49383412334665e+01
   1.54314720000000e+08   1.65166056831367e-06   2.49503507029835e+01
   1.54714723000000e+08   1.92169636648032e-06   2.50184043635693e+01
   1.55114725000000e+08   2.66230244960752e-06   2.50184043635693e+01
   1.55514728000000e+08   1.87165608167561e-06   2.49943854245411e+01
   1.55914731000000e+08   1.57788315391372e-06   2.50304138330826e+01
   1.56314733000000e+08   1.89468391909031e-06   2.49983885810460e+01
   1.56714736000000e+08   2.11232122637739e-06   2.49943854245411e+01
   1.57114738000000e+08   2.79617870546645e-06   2.50224075200738e+01
   1.57514741000000e+08   2.08093615583493e-06   2.49903822680362e+01
   1.57914743000000e+08   1.76721914613154e-06   2.50864580241371e+01
   1.58314746000000e+08   2.03361605599639e-06   2.50184043635693e+01
   1.93381562000000e+08  -2.07547494210303e-03   2.49703664855106e+01
   1.93781565000000e+08   2.50232983489695e-06   2.51024706501504e+01
   1.94181567000000e+08   2.46072590925905e-06   2.51304927456713e+01
   1.94581570000000e+08   2.65700919044320e-06   2.50424233025953e+01
   1.94981572000000e+08   7.01135263625474e-07   2.50544327721075e+01
   1.95381575000000e+08   3.08418270833499e-06   2.50224075200738e+01
   1.95781578000000e+08   2.79269352176925e-06   2.49423443899722e+01
   1.96181580000000e+08   2.66267738879833e-06   2.50424233025953e+01
   1.96581583000000e+08   2.51058190769982e-06   2.50224075200738e+01
   1.96981585000000e+08   8.44327928462008e-07   2.50184043635693e+01
   1.97381588000000e+08   2.85861869997461e-06   2.50184043635693e+01
   1.97781591000000e+08   2.80429640042712e-06   2.50424233025953e+01
   1.98181593000000e+08   2.58313571066537e-06   2.50744485546264e+01
   1.98581596000000e+08   2.50754237640649e-06   2.50464264590994e+01
   1.98981598000000e+08   8.23456218768115e-07   2.49423443899722e+01
   1.99381601000000e+08   3.04642617265927e-06   2.50023917375508e+01
   1.99781604000000e+08   2.70499640464550e-06   2.50144012070648e+01
   2.00181606000000e+08   2.31488934332447e-06   2.49663633290053e+01
   2.00581609000000e+08   2.15808495340752e-06   2.50344169895869e+01
   2.00981611000000e+08   6.99430529493839e-07   2.49783727985210e+01
   2.01381614000000e+08   2.57794226854458e-06   2.50264106765782e+01
   2.01781616000000e+08   2.28768590204709e-06   2.50063948940555e+01
   2.02181619000000e+08   2.03786976271658e-06   2.50304138330826e+01
   2.02581622000000e+08   1.87306238785823e-06   2.50504296156035e+01
   2.02981624000000e+08   4.15439842527121e-07   2.50664422416190e+01
