   4.00003000000000e+05   2.43333488469943e-06   2.51184832761627e+01
   8.00006000000000e+05   2.33872992794204e-06   2.50504296156035e+01
   1.20000800000000e+06   2.54671749644331e-06   2.50184043635693e+01
   1.60001100000000e+06   2.33580203712336e-06   2.51665211541937e+01
   2.00001300000000e+06   2.10699886338261e-06   2.50544327721075e+01
   2.40001600000000e+06   1.61306002155470e-06   2.50784517111300e+01
   2.80001900000000e+06   1.48511207953561e-06   2.50424233025953e+01
   3.20002100000000e+06   1.55871543938702e-06   2.50023917375508e+01
   3.60002400000000e+06   1.49141715155565e-06   2.50544327721075e+01
   4.00002600000000e+06   1.52126835928357e-06   2.50784517111300e+01
   4.40002900000000e+06   1.56320425048762e-06   2.50464264590994e+01
   4.80003200000000e+06   1.28883527850121e-06   2.50624390851152e+01
   5.20003400000000e+06   1.66262827860919e-06   2.51224864326656e+01
   5.60003700000000e+06   1.31147783122287e-06   2.50144012070648e+01
   6.00003900000000e+06   1.70639395946637e-06   2.49823759550261e+01
   6.40004200000000e+06   1.80954725692573e-06   2.50664422416190e+01
   6.80004500000000e+06   1.76385537997703e-06   2.50624390851152e+01
   7.20004700000000e+06   1.91656636161497e-06   2.50144012070648e+01
   7.60005000000000e+06   1.70449959568941e-06   2.50544327721075e+01
   8.00005200000000e+06   1.55986833760835e-06   2.49383412334665e+01
   8.40005500000000e+06   1.15675322831521e-06   2.49743696420159e+01
   8.80005800000000e+06   8.99326437320269e-07   2.50384201460911e+01
   9.20006000000000e+06   1.19931019071373e-06   2.49423443899722e+01
   9.60006300000000e+06   9.17586760351696e-07   2.50504296156035e+01
   4.21075240000000e+07   2.38798721693456e-03   2.50384201460911e+01
   4.25075260000000e+07   2.89677905129793e-06   2.49543538594890e+01
   4.29075290000000e+07   5.64180595574726e-07   2.49663633290053e+01
   4.33075310000000e+07   1.55888039898855e-06   2.50063948940555e+01
   4.37075340000000e+07   1.25614201351709e-06   2.49263317639489e+01
   4.41075370000000e+07   1.43785553063935e-06   2.49663633290053e+01
   4.45075390000000e+07   3.30062425746291e-06   2.49503507029835e+01
   4.49075420000000e+07   1.21992741242138e-06   2.49623601725000e+01
   4.53075440000000e+07   2.00234921976516e-06   2.49423443899722e+01
   4.57075470000000e+07   1.77135166268272e-06   2.49583570159945e+01
   4.61075500000000e+07   1.80815652583988e-06   2.51184832761627e+01
   4.65075520000000e+07   3.55505608240492e-06   2.49623601725000e+01
   4.69075550000000e+07   1.49039863117650e-06   2.50504296156035e+01
   4.73075570000000e+07   2.32224306273565e-06   2.50504296156035e+01
   4.77075600000000e+07   2.11857604881516e-06   2.50264106765782e+01
   4.81075630000000e+07   1.80337212896120e-06   2.51465053716819e+01
   4.85075650000000e+07   3.25638393405825e-06   2.51465053716819e+01
   4.89075680000000e+07   1.42869919272925e-06   2.49903822680362e+01
   4.93075700000000e+07   2.12100781027402e-06   2.50384201460911e+01
   4.97075730000000e+07   1.90595176263741e-06   2.50264106765782e+01
   5.01075760000000e+07   1.36062567435147e-06   2.50904611806405e+01
   5.05075780000000e+07   2.77994740827125e-06   2.50504296156035e+01
   5.09075810000000e+07   9.87889052339597e-07   2.50304138330826e+01
   5.13075830000000e+07   1.60977720042865e-06   2.49863791115312e+01
   5.17075860000000e+07   1.50030780332600e-06   2.49943854245411e+01
   9.53287940000000e+07  -4.28729923442006e-03   2.51384990586767e+01
   9.57287970000000e+07   2.10389248422871e-06   2.49863791115312e+01
   9.61288000000000e+07   2.09980089493911e-06   2.50704453981228e+01
   9.65288020000000e+07   2.28423914450104e-06   2.50744485546264e+01
   9.69288050000000e+07   2.43948034039931e-06   2.50424233025953e+01
   9.73288070000000e+07   1.36314974952256e-06   2.50063948940555e+01
   9.77288100000000e+07   2.29058809964044e-06   2.50144012070648e+01
   9.81288130000000e+07   1.93416758520470e-06   2.50544327721075e+01
   9.85288150000000e+07   2.01597072191362e-06   2.50144012070648e+01
   9.89288180000000e+07   2.00717681764218e-06   2.50504296156035e+01
   9.93288200000000e+07   1.03257241335086e-06   2.50424233025953e+01
   9.97288230000000e+07   1.94924155039189e-06   2.49463475464779e+01
   1.00128826000000e+08   2.32413071898918e-06   2.49663633290053e+01
   1.00528828000000e+08   2.66105053015053e-06   2.49543538594890e+01
   1.00928831000000e+08   2.86426939055673e-06   2.49823759550261e+01
   1.01328833000000e+08   1.85998237611784e-06   2.50264106765782e+01
   1.01728836000000e+08   2.60039041677373e-06   2.51224864326656e+01
   1.02128839000000e+08   2.43360500462586e-06   2.51344959021740e+01
   1.02528841000000e+08   2.67073573922971e-06   2.50984674936472e+01
   1.02928844000000e+08   2.71442786470288e-06   2.50984674936472e+01
   1.03328846000000e+08   1.71985573160782e-06   2.51304927456713e+01
   1.03728849000000e+08   2.51467281486839e-06   2.50864580241371e+01
   1.04128852000000e+08   1.89487263924093e-06   2.50664422416190e+01
   1.04528854000000e+08   1.95156439986022e-06   2.50224075200738e+01
   1.04928857000000e+08   1.84725138296926e-06   2.50464264590994e+01
   1.48446643000000e+08   4.67617483809590e-03   2.50304138330826e+01
   1.48846646000000e+08   2.73343221124378e-06   2.50304138330826e+01
   1.49246648000000e+08   2.41703560277529e-06   2.50584359286114e+01
   1.49646651000000e+08   2.48039896177943e-06   2.49503507029835e+01
   1.50046653000000e+08   2.04268121706264e-06   2.50103980505602e+01
   1.50446656000000e+08   2.86445879282837e-06   2.49783727985210e+01
   1.50846659000000e+08   2.70353280029667e-06   2.49663633290053e+01
   1.51246661000000e+08   2.45252454078582e-06   2.50344169895869e+01
   1.51646664000000e+08   2.30959199143399e-06   2.50344169895869e+01
   1.52046666000000e+08   1.81364475793089e-06   2.50544327721075e+01
   1.52446669000000e+08   2.50145330937812e-06   2.49863791115312e+01
   1.52846672000000e+08   2.22980588659993e-06   2.49503507029835e+01
   1.53246674000000e+08   1.91902609003591e-06   2.50103980505602e+01
   1.53646677000000e+08   1.92264610632265e-06   2.50224075200738e+01
   1.54046679000000e+08   1.76052049027930e-06   2.49823759550261e+01
   1.54446682000000e+08   2.68425401372951e-06   2.49903822680362e+01
   1.54846685000000e+08   2.31493845603836e-06   2.49583570159945e+01
   1.55246687000000e+08   2.27041164180264e-06   2.50384201460911e+01
   1.55646690000000e+08   2.16731382352009e-06   2.49583570159945e+01
   1.56046692000000e+08   1.63882987180841e-06   2.50904611806405e+01
   1.56446695000000e+08   1.97552162717329e-06   2.50184043635693e+01
   1.56846698000000e+08   1.74880676695466e-06   2.50624390851152e+01
   1.57246700000000e+08   1.64926700563228e-06   2.49943854245411e+01
   1.57646703000000e+08   1.53145685999334e-06   2.50824548676336e+01
   1.58046705000000e+08   1.31559647797985e-06   2.50464264590994e+01
   1.93160112000000e+08  -2.08621216006577e-03   2.51264895891685e+01
   1.93560115000000e+08   1.22693484172487e-06   2.50904611806405e+01
   1.93960117000000e+08   2.25928442887380e-06   2.50424233025953e+01
   1.94360120000000e+08   2.00872341338254e-06   2.50384201460911e+01
   1.94760123000000e+08   2.09765130421147e-06   2.50784517111300e+01
   1.95160125000000e+08   2.91563264909200e-06   2.50344169895869e+01
   1.95560128000000e+08   1.67143787166424e-06   2.50624390851152e+01
   1.95960130000000e+08   2.50162065640325e-06   2.50304138330826e+01
   1.96360133000000e+08   1.90997775462165e-06   2.49263317639489e+01
   1.96760136000000e+08   1.78092261648999e-06   2.50624390851152e+01
   1.97160138000000e+08   2.60099159277161e-06   2.49543538594890e+01
   1.97560141000000e+08   1.42176656936499e-06   2.49743696420159e+01
   1.97960143000000e+08   2.29843817578512e-06   2.49663633290053e+01
   1.98360146000000e+08   1.53729160956573e-06   2.49543538594890e+01
   1.98760149000000e+08   1.34981326027628e-06   2.49423443899722e+01
   1.99160151000000e+08   2.14643387153046e-06   2.49503507029835e+01
   1.99560154000000e+08   9.96785161078151e-07   2.48863001988861e+01
   1.99960156000000e+08   2.00448744180903e-06   2.49183254509368e+01
   2.00360159000000e+08   1.39780820518354e-06   2.49983885810460e+01
   2.00760162000000e+08   1.27793623505568e-06   2.50704453981228e+01
   2.01160164000000e+08   1.96660539586446e-06   2.50424233025953e+01
   2.01560167000000e+08   1.03353295344277e-06   2.49863791115312e+01
   2.01960169000000e+08   2.05698415811639e-06   2.50063948940555e+01
   2.02360172000000e+08   1.87201010248828e-06   2.51184832761627e+01
   2.02760175000000e+08   1.69262239069212e-06   2.50264106765782e+01
