   4.00003000000000e+05   1.84306429673597e-06   2.51905400932058e+01
   8.00005000000000e+05   1.76425191966700e-06   2.56068683690616e+01
   1.20000800000000e+06   1.75762033904903e-06   2.53987042312172e+01
   1.60001000000000e+06   2.06624235943309e-06   2.52145590322157e+01
   2.00001300000000e+06   1.87502337212209e-06   2.46421076518670e+01
   2.40001500000000e+06   2.10256393984309e-06   2.48222496947727e+01
   2.80001800000000e+06   1.87054922662355e-06   2.50864580241371e+01
   3.20002100000000e+06   2.07673815566523e-06   2.46581202779083e+01
   3.60002300000000e+06   1.83711813406262e-06   2.55908557430795e+01
   4.00002600000000e+06   1.75487286924181e-06   2.50624390851152e+01
   4.40002800000000e+06   1.88748390428373e-06   2.46661265909285e+01
   4.80003100000000e+06   1.83515510343568e-06   2.48062370687418e+01
   5.20003400000000e+06   1.71191970821383e-06   2.50264106765782e+01
   5.60003600000000e+06   1.52651830376271e-06   2.45660476781572e+01
   6.00003900000000e+06   1.31539741232700e-06   2.51184832761627e+01
   6.40004100000000e+06   1.50208211380232e-06   2.48822970423795e+01
   6.80004400000000e+06   1.31536660319398e-06   2.51825337802020e+01
   7.20004700000000e+06   1.45973069720640e-06   2.54507452656939e+01
   7.60004900000000e+06   1.61500997819530e-06   2.49063159814183e+01
   8.00005200000000e+06   1.48122796872485e-06   2.45900666172260e+01
   8.40005400000000e+06   1.63140964559716e-06   2.50224075200738e+01
   8.80005700000000e+06   1.55116765654384e-06   2.47942275992180e+01
   9.20006000000000e+06   1.60150591455022e-06   2.51344959021740e+01
   9.60006200000000e+06   1.55234965859563e-06   2.47301770950813e+01
   4.22371050000000e+07   1.49862695252523e-04   2.50344169895869e+01
   4.26371070000000e+07   1.64826803938922e-06   2.51945432497076e+01
   4.30371100000000e+07   2.06288677873090e-06   2.50184043635693e+01
   4.34371130000000e+07   1.71541387317120e-06   2.50304138330826e+01
   4.38371150000000e+07   1.78381230853120e-06   2.50424233025953e+01
   4.42371180000000e+07   1.81131713361538e-06   2.50464264590994e+01
   4.46371200000000e+07   1.75312413830397e-06   2.49703664855106e+01
   4.50371230000000e+07   1.88024989711266e-06   2.50144012070648e+01
   4.54371260000000e+07   1.60097840762319e-06   2.51184832761627e+01
   4.58371280000000e+07   1.67088535363291e-06   2.50704453981228e+01
   4.62371310000000e+07   1.79430969637906e-06   2.50784517111300e+01
   4.66371330000000e+07   1.46265347211738e-06   2.48742907293661e+01
   4.70371360000000e+07   1.82164751549863e-06   2.49743696420159e+01
   4.74371390000000e+07   1.54434712840157e-06   2.49423443899722e+01
   4.78371410000000e+07   1.62397691383376e-06   2.49783727985210e+01
   4.82371440000000e+07   1.67618441082595e-06   2.50184043635693e+01
   4.86371460000000e+07   1.50915593621903e-06   2.48382623208026e+01
   4.90371490000000e+07   1.80876838840049e-06   2.48983096684056e+01
   4.94371510000000e+07   1.45433682519069e-06   2.49223286074429e+01
   4.98371540000000e+07   1.65567428211943e-06   2.51745274671980e+01
   5.02371570000000e+07   1.66811332746875e-06   2.48142433817574e+01
   5.06371590000000e+07   1.47123034821561e-06   2.49503507029835e+01
   5.10371620000000e+07   1.73530941083300e-06   2.51625179976914e+01
   5.14371640000000e+07   1.54631607074407e-06   2.49503507029835e+01
   5.18371670000000e+07   1.70527891896199e-06   2.49583570159945e+01
   9.56379640000000e+07   2.01625094632618e-04   2.51264895891685e+01
   9.60379670000000e+07   1.60308184149471e-06   2.49823759550261e+01
   9.64379690000000e+07   1.52983727730316e-06   2.45220129565253e+01
   9.68379720000000e+07   1.77203867224307e-06   2.54267263267060e+01
   9.72379750000000e+07   1.50023208789207e-06   2.44379466697520e+01
   9.76379770000000e+07   2.07418383979530e-06   2.51224864326656e+01
   9.80379800000000e+07   1.88304022685770e-06   2.56268841515379e+01
   9.84379820000000e+07   1.90547848433198e-06   2.50864580241371e+01
   9.88379850000000e+07   2.12887948691787e-06   2.52706032232300e+01
   9.92379870000000e+07   1.68286317148159e-06   2.46901455299877e+01
   9.96379900000000e+07   2.16973944588972e-06   2.44139277306688e+01
   1.00037993000000e+08   1.86522095191322e-06   2.50103980505602e+01
   1.00437995000000e+08   1.92950801647385e-06   2.52505874407263e+01
   1.00837998000000e+08   2.10919802157150e-06   2.49263317639489e+01
   1.01238000000000e+08   1.66350741892529e-06   2.45620445216456e+01
   1.01638003000000e+08   2.00329805011279e-06   2.51024706501504e+01
   1.02038006000000e+08   1.59041155711748e-06   2.52585937537280e+01
   1.02438008000000e+08   1.73024011473899e-06   2.50904611806405e+01
   1.02838011000000e+08   1.84240320777462e-06   2.49783727985210e+01
   1.03238013000000e+08   1.47947548612137e-06   2.51224864326656e+01
   1.03638016000000e+08   2.12634881791018e-06   2.54987831436632e+01
   1.04038019000000e+08   1.67053985933308e-06   2.47501928776258e+01
   1.04438021000000e+08   1.92418610822642e-06   2.50704453981228e+01
   1.04838024000000e+08   1.94025210475957e-06   2.49023128249120e+01
   1.05238026000000e+08   1.66452946359641e-06   2.51905400932058e+01
   1.49112776000000e+08   1.99025322217494e-04   2.49743696420159e+01
   1.49512779000000e+08   1.94819926946366e-06   2.49223286074429e+01
   1.49912782000000e+08   1.83204087988997e-06   2.49623601725000e+01
   1.50312784000000e+08   1.78343771040090e-06   2.49863791115312e+01
   1.50712787000000e+08   1.93416553884163e-06   2.49263317639489e+01
   1.51112789000000e+08   1.75999139173655e-06   2.50624390851152e+01
   1.51512792000000e+08   1.79983783255011e-06   2.50784517111300e+01
   1.51912795000000e+08   1.84316274953744e-06   2.50063948940555e+01
   1.52312797000000e+08   1.71269346083136e-06   2.50023917375508e+01
   1.52712800000000e+08   2.00643626158126e-06   2.49623601725000e+01
   1.53112802000000e+08   1.58400359850930e-06   2.49583570159945e+01
   1.53512805000000e+08   1.92989841707458e-06   2.49703664855106e+01
   1.53912808000000e+08   1.68653480159264e-06   2.50344169895869e+01
   1.54312810000000e+08   1.75096340626624e-06   2.49823759550261e+01
   1.54712813000000e+08   1.78378161308501e-06   2.50224075200738e+01
   1.55112815000000e+08   1.65919402661530e-06   2.51144801196597e+01
   1.55512818000000e+08   1.98007501239772e-06   2.50504296156035e+01
   1.55912821000000e+08   1.90276398370770e-06   2.50544327721075e+01
   1.56312823000000e+08   1.83907206974254e-06   2.50744485546264e+01
   1.56712826000000e+08   2.08182223104814e-06   2.49223286074429e+01
   1.57112828000000e+08   1.72424415723071e-06   2.51384990586767e+01
   1.57512831000000e+08   1.97597887563461e-06   2.51304927456713e+01
   1.57912834000000e+08   1.71621150002466e-06   2.50424233025953e+01
   1.58312836000000e+08   1.92189099834650e-06   2.50063948940555e+01
   1.58712839000000e+08   1.87558612196881e-06   2.50584359286114e+01
   1.93740024000000e+08   1.61550095072016e-04   2.50023917375508e+01
   1.94140026000000e+08   1.74802710262156e-06   2.51985464062093e+01
   1.94540029000000e+08   2.12561326407013e-06   2.48742907293661e+01
   1.94940031000000e+08   1.98202951651183e-06   2.51264895891685e+01
   1.95340034000000e+08   1.75102434241126e-06   2.50984674936472e+01
   1.95740036000000e+08   2.07338871405227e-06   2.50184043635693e+01
   1.96140039000000e+08   1.43436648158968e-06   2.47982307557260e+01
   1.96540042000000e+08   1.97439953808498e-06   2.51104769631567e+01
   1.96940044000000e+08   1.59236947183672e-06   2.51024706501504e+01
   1.97340047000000e+08   1.78649929694075e-06   2.50184043635693e+01
   1.97740049000000e+08   1.86970714821655e-06   2.49983885810460e+01
   1.98140052000000e+08   1.61778530127776e-06   2.50384201460911e+01
   1.98540055000000e+08   1.93610185306170e-06   2.48662844163524e+01
   1.98940057000000e+08   1.69824750173575e-06   2.50144012070648e+01
   1.99340060000000e+08   1.79915889475524e-06   2.51104769631567e+01
   1.99740062000000e+08   2.00899012270384e-06   2.50304138330826e+01
   2.00140065000000e+08   1.58068155542423e-06   2.50424233025953e+01
   2.00540068000000e+08   2.03536069420807e-06   2.51184832761627e+01
   2.00940070000000e+08   1.62946503223793e-06   2.49423443899722e+01
   2.01340073000000e+08   1.89940897143970e-06   2.50744485546264e+01
   2.01740075000000e+08   1.93824939742626e-06   2.51304927456713e+01
   2.02140078000000e+08   1.74201136360352e-06   2.50424233025953e+01
   2.02540081000000e+08   2.02089813683415e-06   2.50023917375508e+01
   2.02940083000000e+08   1.80467759491876e-06   2.50824548676336e+01
   2.03340086000000e+08   1.86444594874047e-06   2.51064738066536e+01
