   4.00003000000000e+05   1.51059578001878e-06   2.50144012070648e+01
   8.00006000000000e+05   1.08488370642590e-06   2.50063948940555e+01
   1.20000800000000e+06   1.08177300717216e-06   2.49743696420159e+01
   1.60001100000000e+06   1.00636759725603e-06   2.50384201460911e+01
   2.00001300000000e+06   1.15105717668484e-06   2.50584359286114e+01
   2.40001600000000e+06   1.14235399450990e-06   2.50264106765782e+01
   2.80001800000000e+06   1.84547195658524e-06   2.50224075200738e+01
   3.20002100000000e+06   1.82131304882205e-06   2.51104769631567e+01
   3.60002400000000e+06   1.72891941474518e-06   2.50984674936472e+01
   4.00002600000000e+06   1.90231469332502e-06   2.51144801196597e+01
   4.40002900000000e+06   1.58848570208647e-06   2.50784517111300e+01
   4.80003100000000e+06   1.75427317117283e-06   2.50864580241371e+01
   5.20003400000000e+06   1.60562831297284e-06   2.49863791115312e+01
   5.60003700000000e+06   1.53867199514934e-06   2.50584359286114e+01
   6.00003900000000e+06   1.85404928743083e-06   2.50063948940555e+01
   6.40004200000000e+06   1.44685043323989e-06   2.50504296156035e+01
   6.80004400000000e+06   1.88178364624036e-06   2.49943854245411e+01
   7.20004700000000e+06   1.62870821895922e-06   2.49783727985210e+01
   7.60004900000000e+06   1.62087519584020e-06   2.50744485546264e+01
   8.00005200000000e+06   1.78397726813273e-06   2.50424233025953e+01
   8.40005500000000e+06   1.61233845119568e-06   2.49743696420159e+01
   8.80005700000000e+06   2.29510874305561e-06   2.50344169895869e+01
   9.20006000000000e+06   2.14167698686651e-06   2.50504296156035e+01
   9.60006200000000e+06   2.12149757317093e-06   2.50424233025953e+01
   4.21379430000000e+07  -2.09357473067939e-03   2.50664422416190e+01
   4.25379460000000e+07   1.80004053618177e-06   2.50744485546264e+01
   4.29379480000000e+07   1.31212664200575e-06   2.50904611806405e+01
   4.33379510000000e+07   1.29391469272377e-06   2.50264106765782e+01
   4.37379530000000e+07   2.57315377893974e-06   2.51064738066536e+01
   4.41379560000000e+07   2.26271322389948e-06   2.50544327721075e+01
   4.45379590000000e+07   1.82234464318753e-06   2.49583570159945e+01
   4.49379610000000e+07   1.63932065788686e-06   2.50664422416190e+01
   4.53379640000000e+07   1.02589672223985e-06   2.50664422416190e+01
   4.57379660000000e+07   2.89376839646138e-06   2.51024706501504e+01
   4.61379690000000e+07   2.43992280957173e-06   2.50504296156035e+01
   4.65379710000000e+07   2.16830608223972e-06   2.50504296156035e+01
   4.69379740000000e+07   2.03421996047837e-06   2.51024706501504e+01
   4.73379770000000e+07   1.56692419750470e-06   2.50744485546264e+01
   4.77379790000000e+07   3.16045770887285e-06   2.50624390851152e+01
   4.81379820000000e+07   2.52889412877266e-06   2.49743696420159e+01
   4.85379840000000e+07   2.11085875889694e-06   2.50464264590994e+01
   4.89379870000000e+07   1.97952203961904e-06   2.50304138330826e+01
   4.93379900000000e+07   1.45190927014482e-06   2.49623601725000e+01
   4.97379920000000e+07   2.84211682810565e-06   2.50144012070648e+01
   5.01379950000000e+07   2.37720269069541e-06   2.49983885810460e+01
   5.05379970000000e+07   1.69602026289795e-06   2.49903822680362e+01
   5.09380000000000e+07   1.18706134344393e-06   2.50184043635693e+01
   5.13380030000000e+07   4.02504497287737e-07   2.50023917375508e+01
   5.17380050000000e+07   1.90474929695483e-06   2.49983885810460e+01
   9.55201120000000e+07   4.69295028597116e-03   2.50984674936472e+01
   9.59201150000000e+07   1.23340919344628e-06   2.50344169895869e+01
   9.63201170000000e+07   1.88367550890689e-06   2.50424233025953e+01
   9.67201200000000e+07   2.25898293138016e-06   2.51184832761627e+01
   9.71201230000000e+07   4.78439574180811e-07   2.49983885810460e+01
   9.75201250000000e+07   1.19805815756990e-06   2.51064738066536e+01
   9.79201280000000e+07   9.99720214167610e-07   2.51505085281844e+01
   9.83201300000000e+07   1.50976586610341e-06   2.50103980505602e+01
   9.87201330000000e+07   2.51709070653305e-06   2.49423443899722e+01
   9.91201350000000e+07   9.91003275885305e-07   2.50063948940555e+01
   9.95201380000000e+07   1.68195720107178e-06   2.50824548676336e+01
   9.99201410000000e+07   1.39967380619055e-06   2.49623601725000e+01
   1.00320143000000e+08   1.78242203219270e-06   2.50063948940555e+01
   1.00720146000000e+08   2.89334093395155e-06   2.49823759550261e+01
   1.01120148000000e+08   1.64937000590726e-06   2.50504296156035e+01
   1.01520151000000e+08   2.10001758205181e-06   2.50464264590994e+01
   1.01920154000000e+08   1.80066808752599e-06   2.50424233025953e+01
   1.02320156000000e+08   2.02829664885940e-06   2.50384201460911e+01
   1.02720159000000e+08   3.16985460813157e-06   2.50744485546264e+01
   1.03120161000000e+08   1.79119808763062e-06   2.50704453981228e+01
   1.03520164000000e+08   2.21450682147406e-06   2.50063948940555e+01
   1.03920166000000e+08   2.01150578504894e-06   2.50544327721075e+01
   1.04320169000000e+08   2.25193684855185e-06   2.50184043635693e+01
   1.04720172000000e+08   3.22837877320126e-06   2.50304138330826e+01
   1.05120174000000e+08   2.09180484489480e-06   2.50103980505602e+01
   1.48547694000000e+08  -4.29905066266656e-03   2.50344169895869e+01
   1.48947696000000e+08   3.16267710331886e-06   2.50504296156035e+01
   1.49347699000000e+08   1.02656667877454e-06   2.50184043635693e+01
   1.49747701000000e+08   2.68577969109174e-06   2.49943854245411e+01
   1.50147704000000e+08   1.66564802839275e-06   2.50424233025953e+01
   1.50547707000000e+08   3.03826232084248e-06   2.49863791115312e+01
   1.50947709000000e+08   2.97453334496822e-06   2.50544327721075e+01
   1.51347712000000e+08   1.28312206015835e-06   2.50824548676336e+01
   1.51747714000000e+08   2.45591627390240e-06   2.50304138330826e+01
   1.52147717000000e+08   1.67302289355575e-06   2.50144012070648e+01
   1.52547720000000e+08   2.90756474896625e-06   2.51384990586767e+01
   1.52947722000000e+08   3.42742009706853e-06   2.49623601725000e+01
   1.53347725000000e+08   1.42396208957507e-06   2.51384990586767e+01
   1.53747727000000e+08   2.54767542173795e-06   2.51104769631567e+01
   1.54147730000000e+08   1.92049037650577e-06   2.50704453981228e+01
   1.54547732000000e+08   2.62201501755044e-06   2.49943854245411e+01
   1.54947735000000e+08   2.66547863247979e-06   2.51304927456713e+01
   1.55347738000000e+08   1.02252261058311e-06   2.50504296156035e+01
   1.55747740000000e+08   2.01865736926266e-06   2.50704453981228e+01
   1.56147743000000e+08   1.40628424105671e-06   2.50023917375508e+01
   1.56547745000000e+08   2.06017671189329e-06   2.51024706501504e+01
   1.56947748000000e+08   2.60140586760826e-06   2.50584359286114e+01
   1.57347751000000e+08   1.09917459667486e-06   2.50664422416190e+01
   1.57747753000000e+08   1.72645184193243e-06   2.50624390851152e+01
   1.58147756000000e+08   1.20455638352723e-06   2.49983885810460e+01
   1.92960815000000e+08   2.40096286870539e-03   2.50144012070648e+01
   1.93360818000000e+08   2.81477082353376e-06   2.49663633290053e+01
   1.93760820000000e+08   1.53884002429550e-06   2.49503507029835e+01
   1.94160823000000e+08   3.41913732881949e-06   2.50704453981228e+01
   1.94560825000000e+08   2.32801221500267e-06   2.49943854245411e+01
   1.94960828000000e+08   1.77447941496212e-06   2.49583570159945e+01
   1.95360830000000e+08   2.16648072637327e-06   2.49343380769607e+01
   1.95760833000000e+08   8.62160675296764e-07   2.50344169895869e+01
   1.96160836000000e+08   2.78511015494587e-06   2.50023917375508e+01
   1.96560838000000e+08   2.03543345378421e-06   2.50184043635693e+01
   1.96960841000000e+08   1.87412456398306e-06   2.49823759550261e+01
   1.97360843000000e+08   2.19478897633962e-06   2.50784517111300e+01
   1.97760846000000e+08   9.08121990050859e-07   2.50144012070648e+01
   1.98160849000000e+08   2.61979789684119e-06   2.49663633290053e+01
   1.98560851000000e+08   2.16608441405697e-06   2.50103980505602e+01
   1.98960854000000e+08   1.87916691629653e-06   2.49623601725000e+01
   1.99360856000000e+08   2.20122387872834e-06   2.50023917375508e+01
   1.99760859000000e+08   8.78367359291587e-07   2.50384201460911e+01
   2.00160861000000e+08   2.79613755083119e-06   2.49663633290053e+01
   2.00560864000000e+08   2.10977100323362e-06   2.50224075200738e+01
   2.00960867000000e+08   1.90059938631748e-06   2.50544327721075e+01
   2.01360869000000e+08   2.22113499148691e-06   2.49703664855106e+01
   2.01760872000000e+08   1.07036123608850e-06   2.50224075200738e+01
   2.02160874000000e+08   2.65913831754006e-06   2.49903822680362e+01
   2.02560877000000e+08   1.80175379682623e-06   2.49423443899722e+01
