   4.00002000000000e+05   2.29833813136793e-06   2.49823759550261e+01
   8.00005000000000e+05   1.86210979791213e-06   2.50624390851152e+01
   1.20000800000000e+06   1.97108738575480e-06   2.50744485546264e+01
   1.60001000000000e+06   2.22895005208557e-06   2.50304138330826e+01
   2.00001300000000e+06   1.54468762048054e-06   2.50504296156035e+01
   2.40001500000000e+06   9.02837200555950e-07   2.49543538594890e+01
   2.80001800000000e+06   8.28628799354192e-07   2.51064738066536e+01
   3.20002100000000e+06   1.08306915080902e-06   2.49463475464779e+01
   3.60002300000000e+06   7.98830910753168e-07   2.51064738066536e+01
   4.00002600000000e+06   9.86403847491601e-07   2.51825337802020e+01
   4.40002800000000e+06   1.44310536143166e-06   2.50664422416190e+01
   4.80003100000000e+06   1.47360196933732e-06   2.50744485546264e+01
   5.20003400000000e+06   1.30366345274524e-06   2.50464264590994e+01
   5.60003600000000e+06   1.38371876801102e-06   2.50144012070648e+01
   6.00003900000000e+06   1.54782082972815e-06   2.50464264590994e+01
   6.40004100000000e+06   1.96462610801973e-06   2.50944643371439e+01
   6.80004400000000e+06   1.68612837114779e-06   2.50184043635693e+01
   7.20004700000000e+06   1.97245844901772e-06   2.50344169895869e+01
   7.60004900000000e+06   1.88143485502223e-06   2.50144012070648e+01
   8.00005200000000e+06   1.77380968580110e-06   2.50063948940555e+01
   8.40005400000000e+06   1.73608430031891e-06   2.49863791115312e+01
   8.80005700000000e+06   1.66385791544599e-06   2.49903822680362e+01
   9.20006000000000e+06   1.75367119936709e-06   2.49583570159945e+01
   9.60006200000000e+06   1.62852256835322e-06   2.49543538594890e+01
   4.23283890000000e+07   1.52962689753622e-04   2.49503507029835e+01
   4.27283910000000e+07   1.12823431663855e-06   2.50184043635693e+01
   4.31283940000000e+07   1.07374228264234e-06   2.51024706501504e+01
   4.35283960000000e+07   1.08055144210084e-06   2.50344169895869e+01
   4.39283990000000e+07   1.15989371352043e-06   2.49983885810460e+01
   4.43284020000000e+07   2.08262690648553e-06   2.49983885810460e+01
   4.47284040000000e+07   1.95683219317289e-06   2.50023917375508e+01
   4.51284070000000e+07   2.01972738977929e-06   2.51505085281844e+01
   4.55284090000000e+07   2.05644641937397e-06   2.49583570159945e+01
   4.59284120000000e+07   2.06839035854500e-06   2.50464264590994e+01
   4.63284150000000e+07   1.98848442778399e-06   2.51425022151793e+01
   4.67284170000000e+07   1.98751172320044e-06   2.50624390851152e+01
   4.71284200000000e+07   2.01485454454087e-06   2.50264106765782e+01
   4.75284220000000e+07   2.10157213587081e-06   2.50464264590994e+01
   4.79284250000000e+07   1.74199294633581e-06   2.50344169895869e+01
   4.83284280000000e+07   1.77751644514501e-06   2.51625179976914e+01
   4.87284300000000e+07   1.68590929661150e-06   2.50944643371439e+01
   4.91284330000000e+07   1.59702653945715e-06   2.51425022151793e+01
   4.95284350000000e+07   1.62165326855757e-06   2.50704453981228e+01
   4.99284380000000e+07   1.73162413830141e-06   2.50824548676336e+01
   5.03284410000000e+07   1.90878995454113e-06   2.50304138330826e+01
   5.07284430000000e+07   1.80370216185111e-06   2.50144012070648e+01
   5.11284460000000e+07   1.80409790573322e-06   2.49983885810460e+01
   5.15284480000000e+07   1.97910026145109e-06   2.51024706501504e+01
   5.19284510000000e+07   1.82127871539706e-06   2.50784517111300e+01
   9.56371380000000e+07   1.97775210835971e-04   2.50944643371439e+01
   9.60371410000000e+07   1.75325078544120e-06   2.49623601725000e+01
   9.64371440000000e+07   1.40665065373469e-06   2.51264895891685e+01
   9.68371460000000e+07   1.14350700641808e-06   2.50144012070648e+01
   9.72371490000000e+07   1.43000124808168e-06   2.50544327721075e+01
   9.76371510000000e+07   1.24775942822453e-06   2.50184043635693e+01
   9.80371540000000e+07   1.25209533052839e-06   2.49903822680362e+01
   9.84371570000000e+07   1.07040921193402e-06   2.50784517111300e+01
   9.88371590000000e+07   1.09289396732493e-06   2.51144801196597e+01
   9.92371620000000e+07   1.17938043331378e-06   2.50184043635693e+01
   9.96371640000000e+07   9.63366574069369e-07   2.50824548676336e+01
   1.00037167000000e+08   1.40247561830620e-06   2.50944643371439e+01
   1.00437170000000e+08   1.74004503605829e-06   2.50424233025953e+01
   1.00837172000000e+08   1.58340014877467e-06   2.47541960341345e+01
   1.01237175000000e+08   1.82988253527583e-06   2.49983885810460e+01
   1.01637177000000e+08   1.65372819083132e-06   2.49863791115312e+01
   1.02037180000000e+08   1.91638650903769e-06   2.49423443899722e+01
   1.02437183000000e+08   1.89024672181404e-06   2.48582781033385e+01
   1.02837185000000e+08   1.87304715382197e-06   2.49263317639489e+01
   1.03237188000000e+08   2.00645354198059e-06   2.49583570159945e+01
   1.03637190000000e+08   1.80329720933514e-06   2.50304138330826e+01
   1.04037193000000e+08   1.84648331469361e-06   2.49823759550261e+01
   1.04437196000000e+08   1.77633307885117e-06   2.50784517111300e+01
   1.04837198000000e+08   1.62595767960738e-06   2.50224075200738e+01
   1.05237201000000e+08   1.84742771125457e-06   2.50504296156035e+01
   1.48891537000000e+08   2.02875220566057e-04   2.50063948940555e+01
   1.49291540000000e+08   2.17599722418527e-06   2.50224075200738e+01
   1.49691542000000e+08   2.16876014746958e-06   2.50144012070648e+01
   1.50091545000000e+08   2.02521709979919e-06   2.50264106765782e+01
   1.50491547000000e+08   1.92149195754610e-06   2.50264106765782e+01
   1.50891550000000e+08   2.04358934752236e-06   2.50584359286114e+01
   1.51291553000000e+08   2.13029829865263e-06   2.50824548676336e+01
   1.51691555000000e+08   1.90136745459313e-06   2.50704453981228e+01
   1.52091558000000e+08   1.57439956183225e-06   2.50304138330826e+01
   1.52491560000000e+08   1.32982177092345e-06   2.50264106765782e+01
   1.52891563000000e+08   1.18921070679789e-06   2.49463475464779e+01
   1.53291566000000e+08   1.30875810100406e-06   2.50544327721075e+01
   1.53691568000000e+08   1.20562447136763e-06   2.49863791115312e+01
   1.54091571000000e+08   2.05858964363870e-06   2.50023917375508e+01
   1.54491573000000e+08   2.48109131462115e-06   2.50304138330826e+01
   1.54891576000000e+08   2.45808473664511e-06   2.50264106765782e+01
   1.55291579000000e+08   2.50698326453858e-06   2.50424233025953e+01
   1.55691581000000e+08   2.53413622886001e-06   2.50304138330826e+01
   1.56091584000000e+08   2.49787080974784e-06   2.50304138330826e+01
   1.56491586000000e+08   2.51390110861394e-06   2.50584359286114e+01
   1.56891589000000e+08   2.31900412472896e-06   2.50224075200738e+01
   1.57291592000000e+08   2.56882412941195e-06   2.49583570159945e+01
   1.57691594000000e+08   2.46667559622438e-06   2.50664422416190e+01
   1.58091597000000e+08   2.76122023024072e-06   2.50023917375508e+01
   1.58491599000000e+08   3.24855182043393e-06   2.50664422416190e+01
   1.93201802000000e+08   1.46462742122822e-04   2.50264106765782e+01
   1.93601804000000e+08   1.32825232412870e-06   2.50184043635693e+01
   1.94001807000000e+08   1.64193602358864e-06   2.50264106765782e+01
   1.94401809000000e+08   1.66852214533719e-06   2.50504296156035e+01
   1.94801812000000e+08   1.47925516102987e-06   2.49863791115312e+01
   1.95201815000000e+08   1.58725094934198e-06   2.49863791115312e+01
   1.95601817000000e+08   1.82086375843937e-06   2.50544327721075e+01
   1.96001820000000e+08   1.65034703059064e-06   2.50344169895869e+01
   1.96401822000000e+08   1.84824909865711e-06   2.49343380769607e+01
   1.96801825000000e+08   1.75449019934604e-06   2.50944643371439e+01
   1.97201828000000e+08   2.00607610167935e-06   2.50744485546264e+01
   1.97601830000000e+08   1.79665971700160e-06   2.49863791115312e+01
   1.98001833000000e+08   1.79608525741060e-06   2.50584359286114e+01
   1.98401835000000e+08   1.95641791833623e-06   2.49983885810460e+01
   1.98801838000000e+08   1.88048977634026e-06   2.50424233025953e+01
   1.99201841000000e+08   1.90800597010821e-06   2.50344169895869e+01
   1.99601843000000e+08   1.87283887953527e-06   2.49943854245411e+01
   2.00001846000000e+08   2.14534975384595e-06   2.50824548676336e+01
   2.00401848000000e+08   2.80417748399486e-06   2.50304138330826e+01
   2.00801851000000e+08   2.45849082602945e-06   2.50584359286114e+01
   2.01201854000000e+08   2.66859319708601e-06   2.49503507029835e+01
   2.01601856000000e+08   2.61941590906645e-06   2.51344959021740e+01
   2.02001859000000e+08   2.76862033388170e-06   2.51064738066536e+01
   2.02401862000000e+08   2.74208582595747e-06   2.50864580241371e+01
   2.02801864000000e+08   2.62970161202247e-06   2.50664422416190e+01
