   4.00003000000000e+05   1.08525523501157e-06   2.50704453981228e+01
   8.00005000000000e+05   1.52393079133617e-06   2.50304138330826e+01
   1.20000800000000e+06   1.56694295583293e-06   2.50504296156035e+01
   1.60001000000000e+06   1.42282442538999e-06   2.49903822680362e+01
   2.00001300000000e+06   2.31480112233839e-06   2.50304138330826e+01
   2.40001600000000e+06   1.54009046582360e-06   2.50304138330826e+01
   2.80001800000000e+06   2.06416734727100e-06   2.50023917375508e+01
   3.20002100000000e+06   2.02211640498717e-06   2.50103980505602e+01
   3.60002300000000e+06   1.44043860927923e-06   2.51264895891685e+01
   4.00002600000000e+06   2.28783187594672e-06   2.50063948940555e+01
   4.40002900000000e+06   1.52006577991415e-06   2.50704453981228e+01
   4.80003100000000e+06   1.84166083272430e-06   2.51184832761627e+01
   5.20003400000000e+06   2.08761957765091e-06   2.50023917375508e+01
   5.60003600000000e+06   1.24436780879478e-06   2.49863791115312e+01
   6.00003900000000e+06   2.45559294853592e-06   2.50264106765782e+01
   6.40004200000000e+06   1.33535650093108e-06   2.50624390851152e+01
   6.80004400000000e+06   2.06697859539418e-06   2.50864580241371e+01
   7.20004700000000e+06   2.02248634195712e-06   2.50984674936472e+01
   7.60004900000000e+06   1.49980508012959e-06   2.49903822680362e+01
   8.00005200000000e+06   2.56301518675173e-06   2.50184043635693e+01
   8.40005400000000e+06   1.50511368701700e-06   2.50424233025953e+01
   8.80005700000000e+06   2.08629239750735e-06   2.50984674936472e+01
   9.20006000000000e+06   2.12805889532319e-06   2.52265685017198e+01
   9.60006200000000e+06   1.67853090715653e-06   2.55147957696510e+01
   4.21940500000000e+07  -2.09270021878183e-03   2.51505085281844e+01
   4.25940520000000e+07   3.45500643561536e-06   2.51585148411891e+01
   4.29940550000000e+07   2.66966776507616e-06   2.50384201460911e+01
   4.33940580000000e+07   2.66266823700789e-07   2.52065527192126e+01
   4.37940600000000e+07   2.06749859898991e-06   2.52065527192126e+01
   4.41940630000000e+07   1.44222633480240e-06   2.51585148411891e+01
   4.45940650000000e+07   3.55725251210970e-06   2.50144012070648e+01
   4.49940680000000e+07   3.08512176161457e-06   2.50264106765782e+01
   4.53940710000000e+07   4.53775641062748e-07   2.51104769631567e+01
   4.57940730000000e+07   2.25684561883099e-06   2.50904611806405e+01
   4.61940760000000e+07   1.34646302285546e-06   2.50704453981228e+01
   4.65940780000000e+07   3.55433667209581e-06   2.49983885810460e+01
   4.69940810000000e+07   3.16387354359904e-06   2.49503507029835e+01
   4.73940830000000e+07   6.90135721015395e-07   2.50344169895869e+01
   4.77940860000000e+07   1.93649975699373e-06   2.50144012070648e+01
   4.81940890000000e+07   1.13137321022805e-06   2.50504296156035e+01
   4.85940910000000e+07   3.12894644594053e-06   2.50304138330826e+01
   4.89940940000000e+07   2.87218676930934e-06   2.49703664855106e+01
   4.93940960000000e+07   6.20630430603342e-07   2.50424233025953e+01
   4.97940990000000e+07   2.15312206819362e-06   2.50144012070648e+01
   5.01941020000000e+07   1.11895474219637e-06   2.50464264590994e+01
   5.05941040000000e+07   3.32826766680228e-06   2.50023917375508e+01
   5.09941070000000e+07   2.93223820335697e-06   2.51384990586767e+01
   5.13941090000000e+07   9.77231479737384e-07   2.51184832761627e+01
   5.17941120000000e+07   2.37965537053242e-06   2.51304927456713e+01
   9.51751530000000e+07   4.66497521847486e-03   2.50023917375508e+01
   9.55751550000000e+07   2.72514284915815e-06   2.49623601725000e+01
   9.59751580000000e+07   1.40734141496068e-06   2.50944643371439e+01
   9.63751610000000e+07   3.28400551552477e-06   2.50424233025953e+01
   9.67751630000000e+07   2.27428563448484e-06   2.49663633290053e+01
   9.71751660000000e+07   3.54602684637939e-06   2.50103980505602e+01
   9.75751680000000e+07   2.66556298811338e-06   2.51224864326656e+01
   9.79751710000000e+07   1.10840790057409e-06   2.49343380769607e+01
   9.83751740000000e+07   2.87330522041884e-06   2.50344169895869e+01
   9.87751760000000e+07   2.01624652618193e-06   2.51024706501504e+01
   9.91751790000000e+07   3.09027427647379e-06   2.50384201460911e+01
   9.95751810000000e+07   2.51804999606975e-06   2.50304138330826e+01
   9.99751840000000e+07   9.65860294854792e-07   2.49623601725000e+01
   1.00375186000000e+08   2.84174598164100e-06   2.49703664855106e+01
   1.00775189000000e+08   1.76012565589190e-06   2.51064738066536e+01
   1.01175192000000e+08   2.97262386084185e-06   2.49823759550261e+01
   1.01575194000000e+08   2.16285775422875e-06   2.49143222944307e+01
   1.01975197000000e+08   7.12975122496573e-07   2.49583570159945e+01
   1.02375199000000e+08   2.36190362556954e-06   2.50103980505602e+01
   1.02775202000000e+08   1.28527062770445e-06   2.50144012070648e+01
   1.03175205000000e+08   2.50337279794621e-06   2.49743696420159e+01
   1.03575207000000e+08   2.17473257180245e-06   2.50864580241371e+01
   1.03975210000000e+08   7.11408290499094e-07   2.49463475464779e+01
   1.04375212000000e+08   2.34757408179576e-06   2.50063948940555e+01
   1.04775215000000e+08   1.46494676300790e-06   2.49583570159945e+01
   1.49020727000000e+08  -4.27324930205941e-03   2.50264106765782e+01
   1.49420730000000e+08   7.48648972148658e-07   2.50224075200738e+01
   1.49820732000000e+08  -1.00389343060669e-07   2.50063948940555e+01
   1.50220735000000e+08   1.19004107546061e-06   2.50864580241371e+01
   1.50620738000000e+08   2.82879136648262e-06   2.50144012070648e+01
   1.51020740000000e+08   1.72835484590905e-06   2.50344169895869e+01
   1.51420743000000e+08   8.46543741772621e-07   2.50144012070648e+01
   1.51820745000000e+08   5.30936233644752e-07   2.50464264590994e+01
   1.52220748000000e+08   1.84369753242208e-06   2.50544327721075e+01
   1.52620750000000e+08   3.43898045684909e-06   2.50464264590994e+01
   1.53020753000000e+08   2.41094267039443e-06   2.50664422416190e+01
   1.53420756000000e+08   1.10997291358217e-06   2.50264106765782e+01
   1.53820758000000e+08   6.77096750223427e-07   2.49743696420159e+01
   1.54220761000000e+08   1.44222360631829e-06   2.50464264590994e+01
   1.54620763000000e+08   3.21808647640864e-06   2.50664422416190e+01
   1.55020766000000e+08   2.18372883864504e-06   2.51024706501504e+01
   1.55420769000000e+08   1.31781166601286e-06   2.49223286074429e+01
   1.55820771000000e+08   5.26811788859050e-07   2.49783727985210e+01
   1.56220774000000e+08   1.42749775022821e-06   2.50384201460911e+01
   1.56620776000000e+08   3.06984316011949e-06   2.50664422416190e+01
   1.57020779000000e+08   2.28529393098142e-06   2.50063948940555e+01
   1.57420782000000e+08   1.49327411236300e-06   2.50304138330826e+01
   1.57820784000000e+08   1.07582695818564e-06   2.50824548676336e+01
   1.58220787000000e+08   2.04436560125032e-06   2.51024706501504e+01
   1.58620789000000e+08   3.39012740369071e-06   2.50784517111300e+01
   1.93814914000000e+08   2.40431190468371e-03   2.50984674936472e+01
   1.94214916000000e+08   2.09129666473018e-06   2.49703664855106e+01
   1.94614919000000e+08   1.94414678844623e-06   2.49623601725000e+01
   1.95014922000000e+08   2.69427141574852e-06   2.50504296156035e+01
   1.95414924000000e+08   7.51387460695696e-07   2.50184043635693e+01
   1.95814927000000e+08   2.09699510378414e-06   2.49743696420159e+01
   1.96214929000000e+08   2.14869032788556e-06   2.49503507029835e+01
   1.96614932000000e+08   2.06862023333088e-06   2.50224075200738e+01
   1.97014934000000e+08   2.68520102508774e-06   2.50744485546264e+01
   1.97414937000000e+08   5.16353736657038e-07   2.50344169895869e+01
   1.97814940000000e+08   1.44609532526374e-06   2.50304138330826e+01
   1.98214942000000e+08   1.43673548791412e-06   2.50664422416190e+01
   1.98614945000000e+08   1.18851107799856e-06   2.49903822680362e+01
   1.99014947000000e+08   1.93135315385007e-06   2.50744485546264e+01
   1.99414950000000e+08   3.50975341234516e-07   2.50864580241371e+01
   1.99814953000000e+08   1.29904594814434e-06   2.50624390851152e+01
   2.00214955000000e+08   1.41710609113943e-06   2.49983885810460e+01
   2.00614958000000e+08   1.22724054563150e-06   2.50264106765782e+01
   2.01014960000000e+08   1.95195411833993e-06   2.50464264590994e+01
   2.01414963000000e+08   7.19933723303257e-07   2.50144012070648e+01
   2.01814965000000e+08   1.94923313756590e-06   2.49863791115312e+01
   2.02214968000000e+08   2.05653941520723e-06   2.50304138330826e+01
   2.02614971000000e+08   1.80530173565785e-06   2.50144012070648e+01
   2.03014973000000e+08   2.61757509179006e-06   2.51264895891685e+01
   2.03414976000000e+08   1.10175903955678e-06   2.50184043635693e+01
