   4.00003000000000e+05   1.72236525486369e-06   2.50984674936472e+01
   8.00005000000000e+05   1.83360941719002e-06   2.50304138330826e+01
   1.20000800000000e+06   1.82169480922312e-06   2.50624390851152e+01
   1.60001000000000e+06   1.95412258108263e-06   2.49823759550261e+01
   2.00001300000000e+06   1.70744283423119e-06   2.50864580241371e+01
   2.40001600000000e+06   1.93420760297158e-06   2.49663633290053e+01
   2.80001800000000e+06   1.91858362086350e-06   2.50944643371439e+01
   3.20002100000000e+06   1.95060215446574e-06   2.50624390851152e+01
   3.60002300000000e+06   1.97188546735561e-06   2.51745274671980e+01
   4.00002600000000e+06   1.79203175321163e-06   2.49903822680362e+01
   4.40002900000000e+06   2.00217232304567e-06   2.50063948940555e+01
   4.80003100000000e+06   1.75450475126127e-06   2.49703664855106e+01
   5.20003400000000e+06   1.74199522007257e-06   2.50784517111300e+01
   5.60003600000000e+06   1.61346724780742e-06   2.50304138330826e+01
   6.00003900000000e+06   1.78615152890416e-06   2.49823759550261e+01
   6.40004200000000e+06   1.71407134530455e-06   2.49703664855106e+01
   6.80004400000000e+06   1.60056936238107e-06   2.49023128249120e+01
   7.20004700000000e+06   1.53279597725486e-06   2.49943854245411e+01
   7.60004900000000e+06   1.61541436227708e-06   2.49703664855106e+01
   8.00005200000000e+06   1.60995182341139e-06   2.49303349204548e+01
   8.40005500000000e+06   1.62748528964585e-06   2.49543538594890e+01
   8.80005700000000e+06   1.44160856052622e-06   2.49383412334665e+01
   9.20006000000000e+06   1.53242547185073e-06   2.49783727985210e+01
   9.60006200000000e+06   1.54747112901532e-06   2.50384201460911e+01
   4.21516070000000e+07  -2.06628697924316e-03   2.49583570159945e+01
   4.25516100000000e+07   8.49621073939488e-07   2.49703664855106e+01
   4.29516130000000e+07   1.96360679183272e-06   2.49703664855106e+01
   4.33516150000000e+07   2.19861840378144e-06   2.50504296156035e+01
   4.37516180000000e+07   2.12201985050342e-06   2.50144012070648e+01
   4.41516200000000e+07   2.42512351178448e-06   2.50144012070648e+01
   4.45516230000000e+07   8.36960964534228e-07   2.50304138330826e+01
   4.49516250000000e+07   2.04623620447819e-06   2.50744485546264e+01
   4.53516280000000e+07   2.26832685257250e-06   2.50664422416190e+01
   4.57516310000000e+07   2.24370978685329e-06   2.49543538594890e+01
   4.61516330000000e+07   2.25752069127338e-06   2.50464264590994e+01
   4.65516360000000e+07   1.30653904761857e-06   2.49503507029835e+01
   4.69516380000000e+07   2.63328502114746e-06   2.49903822680362e+01
   4.73516410000000e+07   2.86593308373995e-06   2.50184043635693e+01
   4.77516440000000e+07   2.68861003860366e-06   2.50584359286114e+01
   4.81516460000000e+07   2.74768149211013e-06   2.50023917375508e+01
   4.85516490000000e+07   1.26744532735756e-06   2.49423443899722e+01
   4.89516510000000e+07   2.22981134356814e-06   2.50264106765782e+01
   4.93516540000000e+07   2.20705101128260e-06   2.49943854245411e+01
   4.97516570000000e+07   2.12289592127490e-06   2.50103980505602e+01
   5.01516590000000e+07   1.90485172879562e-06   2.49503507029835e+01
   5.05516620000000e+07   9.93794742498721e-07   2.49583570159945e+01
   5.09516640000000e+07   1.97934491552587e-06   2.49623601725000e+01
   5.13516670000000e+07   2.12815575650893e-06   2.50864580241371e+01
   5.17516700000000e+07   1.67217376656481e-06   2.51024706501504e+01
   9.56863700000000e+07   4.62802499532700e-03   2.50023917375508e+01
   9.60863720000000e+07   1.04856565030786e-06   2.50304138330826e+01
   9.64863750000000e+07   2.74591525339929e-06   2.50103980505602e+01
   9.68863780000000e+07   7.39345409783709e-07   2.50824548676336e+01
   9.72863800000000e+07   1.90677883438184e-06   2.51104769631567e+01
   9.76863830000000e+07   1.41407656428783e-06   2.50624390851152e+01
   9.80863850000000e+07   1.11948918402049e-06   2.50744485546264e+01
   9.84863880000000e+07   2.62828370978241e-06   2.50504296156035e+01
   9.88863910000000e+07   1.21420794130245e-06   2.51585148411891e+01
   9.92863930000000e+07   2.47377465711907e-06   2.50304138330826e+01
   9.96863960000000e+07   1.72648253737862e-06   2.50744485546264e+01
   1.00086398000000e+08   1.64358505116979e-06   2.50664422416190e+01
   1.00486401000000e+08   2.81879488284176e-06   2.50664422416190e+01
   1.00886404000000e+08   1.17719332592969e-06   2.51024706501504e+01
   1.01286406000000e+08   2.08989558814210e-06   2.51184832761627e+01
   1.01686409000000e+08   1.61707282586576e-06   2.49663633290053e+01
   1.02086411000000e+08   1.49382015024457e-06   2.49583570159945e+01
   1.02486414000000e+08   2.87750640382001e-06   2.50224075200738e+01
   1.02886417000000e+08   1.32362981730694e-06   2.48903033553927e+01
   1.03286419000000e+08   2.83405506706913e-06   2.50144012070648e+01
   1.03686422000000e+08   2.02423734663171e-06   2.50023917375508e+01
   1.04086424000000e+08   2.13038629226503e-06   2.50344169895869e+01
   1.04486427000000e+08   2.76424498224515e-06   2.49703664855106e+01
   1.04886430000000e+08   1.23385950701049e-06   2.50704453981228e+01
   1.05286432000000e+08   2.27259920393408e-06   2.50184043635693e+01
   1.48651014000000e+08  -4.23409976065159e-03   2.50704453981228e+01
   1.49051017000000e+08   1.15147201995569e-06   2.51184832761627e+01
   1.49451020000000e+08   1.69482825640443e-06   2.50624390851152e+01
   1.49851022000000e+08   9.30073781546525e-07   2.50304138330826e+01
   1.50251025000000e+08   1.17506840524584e-06   2.50224075200738e+01
   1.50651027000000e+08   1.14414183371991e-06   2.49823759550261e+01
   1.51051030000000e+08   1.62165213168919e-06   2.49943854245411e+01
   1.51451033000000e+08   1.65593235124106e-06   2.49103191379245e+01
   1.51851035000000e+08   1.29693955841503e-06   2.49903822680362e+01
   1.52251038000000e+08   1.42456678986491e-06   2.48822970423795e+01
   1.52651040000000e+08   1.64135963132139e-06   2.49703664855106e+01
   1.53051043000000e+08   2.06805725611048e-06   2.49263317639489e+01
   1.53451046000000e+08   2.35822062677471e-06   2.50584359286114e+01
   1.53851048000000e+08   1.76664889295353e-06   2.49623601725000e+01
   1.54251051000000e+08   1.90508922059962e-06   2.49783727985210e+01
   1.54651053000000e+08   1.80925951553945e-06   2.49743696420159e+01
   1.55051056000000e+08   2.26875522457703e-06   2.50344169895869e+01
   1.55451059000000e+08   2.13797534343030e-06   2.50144012070648e+01
   1.55851061000000e+08   1.69621102941164e-06   2.49943854245411e+01
   1.56251064000000e+08   1.96682321984554e-06   2.50023917375508e+01
   1.56651066000000e+08   1.86325371487328e-06   2.51224864326656e+01
   1.57051069000000e+08   2.06343906938855e-06   2.50424233025953e+01
   1.57451072000000e+08   2.11838414543308e-06   2.50103980505602e+01
   1.57851074000000e+08   1.66036340942810e-06   2.50584359286114e+01
   1.58251077000000e+08   1.92181528291258e-06   2.50744485546264e+01
   1.93021721000000e+08   2.37277499400079e-03   2.49743696420159e+01
   1.93421724000000e+08   1.47775767800340e-06   2.50424233025953e+01
   1.93821726000000e+08   1.68746248618845e-06   2.50824548676336e+01
   1.94221729000000e+08   2.77203184850805e-06   2.50904611806405e+01
   1.94621732000000e+08   1.27427244933642e-06   2.49503507029835e+01
   1.95021734000000e+08   3.57898011316138e-06   2.51144801196597e+01
   1.95421737000000e+08   1.34495144266111e-06   2.49383412334665e+01
   1.95821739000000e+08   2.05683772946941e-06   2.49863791115312e+01
   1.96221742000000e+08   2.78438346867915e-06   2.49743696420159e+01
   1.96621745000000e+08   1.25254007343756e-06   2.50224075200738e+01
   1.97021747000000e+08   3.14449562210939e-06   2.50224075200738e+01
   1.97421750000000e+08   1.39142139232717e-06   2.50264106765782e+01
   1.97821752000000e+08   1.97084796127456e-06   2.49983885810460e+01
   1.98221755000000e+08   2.57550937021733e-06   2.49663633290053e+01
   1.98621758000000e+08   1.34190020162350e-06   2.49743696420159e+01
   1.99021760000000e+08   3.50161167261831e-06   2.49423443899722e+01
   1.99421763000000e+08   1.35138350287889e-06   2.49783727985210e+01
   1.99821765000000e+08   2.22456742449140e-06   2.50224075200738e+01
   2.00221768000000e+08   2.70955047199095e-06   2.49703664855106e+01
   2.00621771000000e+08   1.55296606862976e-06   2.50144012070648e+01
   2.01021773000000e+08   3.05986986859352e-06   2.50784517111300e+01
   2.01421776000000e+08   1.21342736747465e-06   2.50103980505602e+01
   2.01821778000000e+08   2.22321591536456e-06   2.50584359286114e+01
   2.02221781000000e+08   2.55330496656825e-06   2.50023917375508e+01
   2.02621783000000e+08   1.31992533169978e-06   2.51024706501504e+01
