   4.00002000000000e+05   1.67743689871713e-06   2.51144801196597e+01
   8.00005000000000e+05   1.71817055161227e-06   2.50984674936472e+01
   1.20000700000000e+06   1.88340743534354e-06   2.50864580241371e+01
   1.60001000000000e+06   1.56660280481447e-06   2.50704453981228e+01
   2.00001300000000e+06   1.91304911822954e-06   2.50624390851152e+01
   2.40001500000000e+06   1.76932815065811e-06   2.49583570159945e+01
   2.80001800000000e+06   1.75290676907025e-06   2.50984674936472e+01
   3.20002000000000e+06   1.88458602679020e-06   2.51104769631567e+01
   3.60002300000000e+06   1.60333502208232e-06   2.50063948940555e+01
   4.00002600000000e+06   1.92246534425067e-06   2.50144012070648e+01
   4.40002800000000e+06   1.70526118381531e-06   2.49903822680362e+01
   4.80003100000000e+06   1.77851711669064e-06   2.49983885810460e+01
   5.20003300000000e+06   1.93004530046892e-06   2.51144801196597e+01
   5.60003600000000e+06   1.59354522111244e-06   2.50864580241371e+01
   6.00003900000000e+06   1.89511320058955e-06   2.50304138330826e+01
   6.40004100000000e+06   1.80603160515602e-06   2.50023917375508e+01
   6.80004400000000e+06   1.74588637946727e-06   2.49383412334665e+01
   7.20004600000000e+06   1.91190247278428e-06   2.50344169895869e+01
   7.60004900000000e+06   1.67561302077956e-06   2.49303349204548e+01
   8.00005100000000e+06   2.02362684831314e-06   2.50023917375508e+01
   8.40005400000000e+06   1.89512343240494e-06   2.50904611806405e+01
   8.80005700000000e+06   1.81776817953505e-06   2.50184043635693e+01
   9.20005900000000e+06   2.06583808903815e-06   2.50384201460911e+01
   9.60006200000000e+06   1.62228104727546e-06   2.50904611806405e+01
   4.21306240000000e+07   2.36570020206273e-03   2.50464264590994e+01
   4.25306270000000e+07   1.97690724235144e-06   2.50224075200738e+01
   4.29306300000000e+07   8.64868184180523e-07   2.49743696420159e+01
   4.33306320000000e+07   2.56284738497925e-06   2.50224075200738e+01
   4.37306350000000e+07   1.54176200339862e-06   2.50744485546264e+01
   4.41306370000000e+07   3.51002449860971e-06   2.49463475464779e+01
   4.45306400000000e+07   2.01201623895031e-06   2.49503507029835e+01
   4.49306430000000e+07   1.31918784518348e-06   2.50224075200738e+01
   4.53306450000000e+07   2.67317386715149e-06   2.49623601725000e+01
   4.57306480000000e+07   1.69954444118048e-06   2.49463475464779e+01
   4.61306500000000e+07   3.26259646499238e-06   2.50063948940555e+01
   4.65306530000000e+07   1.83485667548666e-06   2.50464264590994e+01
   4.69306560000000e+07   1.12572524813004e-06   2.50544327721075e+01
   4.73306580000000e+07   2.68896110355854e-06   2.50224075200738e+01
   4.77306610000000e+07   1.48535366406577e-06   2.50023917375508e+01
   4.81306630000000e+07   2.99666771752527e-06   2.50664422416190e+01
   4.85306660000000e+07   1.28286740164185e-06   2.50344169895869e+01
   4.89306690000000e+07   1.07358016521175e-06   2.51104769631567e+01
   4.93306710000000e+07   2.32292472901463e-06   2.50384201460911e+01
   4.97306740000000e+07   1.54807582930516e-06   2.51945432497076e+01
   5.01306760000000e+07   2.84044790532789e-06   2.50864580241371e+01
   5.05306790000000e+07   1.45961166708730e-06   2.51985464062093e+01
   5.09306820000000e+07   1.11781855594018e-06   2.50264106765782e+01
   5.13306840000000e+07   2.46746731136227e-06   2.51344959021740e+01
   5.17306870000000e+07   1.55208545038477e-06   2.50264106765782e+01
   9.54912810000000e+07  -4.23600012436509e-03   2.49983885810460e+01
   9.58912840000000e+07   2.41472480411176e-06   2.50784517111300e+01
   9.62912860000000e+07   4.07475226893439e-06   2.50424233025953e+01
   9.66912890000000e+07  -5.29529131654272e-07   2.50144012070648e+01
   9.70912910000000e+07   4.76940670068871e-07   2.50744485546264e+01
   9.74912940000000e+07   2.40595250033948e-06   2.51064738066536e+01
   9.78912960000000e+07   2.38468874158571e-06   2.50464264590994e+01
   9.82912990000000e+07   3.66108042726410e-06   2.50704453981228e+01
   9.86913020000000e+07  -6.53878885259473e-07   2.50544327721075e+01
   9.90913040000000e+07   8.12968721675134e-07   2.50584359286114e+01
   9.94913070000000e+07   2.46560693994979e-06   2.49743696420159e+01
   9.98913090000000e+07   2.80426434073888e-06   2.50304138330826e+01
   1.00291312000000e+08   3.65322080142505e-06   2.50144012070648e+01
   1.00691315000000e+08  -1.80205560695867e-07   2.49703664855106e+01
   1.01091317000000e+08   1.41455655011669e-06   2.48462686338171e+01
   1.01491320000000e+08   2.83573604065168e-06   2.49863791115312e+01
   1.01891322000000e+08   2.46808508563845e-06   2.49183254509368e+01
   1.02291325000000e+08   2.88596402242547e-06   2.49223286074429e+01
   1.02691328000000e+08  -6.22303957698023e-07   2.49423443899722e+01
   1.03091330000000e+08   1.24486427921511e-06   2.50624390851152e+01
   1.03491333000000e+08   2.57024021266261e-06   2.50224075200738e+01
   1.03891335000000e+08   2.27936379815219e-06   2.49823759550261e+01
   1.04291338000000e+08   2.53782718573348e-06   2.50063948940555e+01
   1.04691341000000e+08  -6.13205202171230e-07   2.50384201460911e+01
   1.05091343000000e+08   1.51877929965849e-06   2.49423443899722e+01
   1.48913624000000e+08   4.63659968227148e-03   2.49703664855106e+01
   1.49313626000000e+08   2.71461976808496e-06   2.50304138330826e+01
   1.49713629000000e+08  -3.93081734273437e-07   2.48983096684056e+01
   1.50113631000000e+08   1.91923930970006e-07   2.49303349204548e+01
   1.50513634000000e+08   2.84863540400693e-06   2.48943065118992e+01
   1.50913637000000e+08   1.00040097095189e-06   2.50464264590994e+01
   1.51313639000000e+08   2.43229328589223e-06   2.50664422416190e+01
   1.51713642000000e+08  -3.76341745322861e-07   2.49303349204548e+01
   1.52113644000000e+08   6.55757162348891e-07   2.49383412334665e+01
   1.52513647000000e+08   2.93271114060190e-06   2.50544327721075e+01
   1.52913650000000e+08   1.04670516520855e-06   2.49783727985210e+01
   1.53313652000000e+08   2.38859797718760e-06   2.49063159814183e+01
   1.53713655000000e+08  -4.05970261851962e-08   2.50384201460911e+01
   1.54113657000000e+08   1.23173447263980e-06   2.50063948940555e+01
   1.54513660000000e+08   3.37166579811310e-06   2.49943854245411e+01
   1.54913663000000e+08   1.49215134115366e-06   2.50304138330826e+01
   1.55313665000000e+08   2.63851075033017e-06   2.50744485546264e+01
   1.55713668000000e+08   2.53136619221550e-07   2.50344169895869e+01
   1.56113670000000e+08   1.80798258497816e-06   2.50704453981228e+01
   1.56513673000000e+08   3.59831278728961e-06   2.51224864326656e+01
   1.56913676000000e+08   1.64493815191236e-06   2.49663633290053e+01
   1.57313678000000e+08   2.83384815702448e-06   2.50864580241371e+01
   1.57713681000000e+08   5.17922728704434e-07   2.49503507029835e+01
   1.58113683000000e+08   2.14881333704398e-06   2.49863791115312e+01
   1.58513686000000e+08   3.62441437573580e-06   2.49223286074429e+01
   1.93433660000000e+08  -2.05404916778207e-03   2.51144801196597e+01
   1.93833663000000e+08  -3.60869876203651e-07   2.49823759550261e+01
   1.94233665000000e+08   2.63168158198823e-06   2.49703664855106e+01
   1.94633668000000e+08   6.09383164373867e-07   2.50744485546264e+01
   1.95033671000000e+08   3.18272941512987e-06   2.49583570159945e+01
   1.95433673000000e+08   1.70376574715192e-06   2.49983885810460e+01
   1.95833676000000e+08  -2.97668492521552e-07   2.49743696420159e+01
   1.96233678000000e+08   2.59382750300574e-06   2.50864580241371e+01
   1.96633681000000e+08   6.92571688887256e-07   2.49183254509368e+01
   1.97033684000000e+08   2.88002183879144e-06   2.50063948940555e+01
   1.97433686000000e+08   1.49378502101172e-06   2.49223286074429e+01
   1.97833689000000e+08  -1.93909798440473e-07   2.50224075200738e+01
   1.98233691000000e+08   2.63686047219380e-06   2.49503507029835e+01
   1.98633694000000e+08   7.27403289602080e-07   2.49863791115312e+01
   1.99033697000000e+08   2.87996704173565e-06   2.50584359286114e+01
   1.99433699000000e+08   1.31971796690777e-06   2.49663633290053e+01
   1.99833702000000e+08   4.60626750964366e-07   2.49903822680362e+01
   2.00233704000000e+08   3.31759156324551e-06   2.50063948940555e+01
   2.00633707000000e+08   1.40656129588024e-06   2.50984674936472e+01
   2.01033709000000e+08   3.37901383318240e-06   2.49383412334665e+01
   2.01433712000000e+08   1.78882828549831e-06   2.50504296156035e+01
   2.01833715000000e+08   6.62294780795492e-07   2.50264106765782e+01
   2.02233717000000e+08   3.29969930135121e-06   2.49823759550261e+01
   2.02633720000000e+08   1.33069841012912e-06   2.50384201460911e+01
   2.03033722000000e+08   3.21624975185841e-06   2.49743696420159e+01
