   4.00003000000000e+05   1.85401279395592e-06   2.49823759550261e+01
   8.00005000000000e+05   1.85058468105126e-06   2.50824548676336e+01
   1.20000800000000e+06   2.01972056856903e-06   2.50184043635693e+01
   1.60001000000000e+06   1.87792704764433e-06   2.50144012070648e+01
   2.00001300000000e+06   1.94785661733476e-06   2.50384201460911e+01
   2.40001600000000e+06   2.12522263609571e-06   2.51064738066536e+01
   2.80001800000000e+06   1.91620847544982e-06   2.50184043635693e+01
   3.20002100000000e+06   2.09356153391127e-06   2.50504296156035e+01
   3.60002300000000e+06   1.89083016266522e-06   2.49223286074429e+01
   4.00002600000000e+06   2.06935533242358e-06   2.49583570159945e+01
   4.40002900000000e+06   1.94980543710699e-06   2.50624390851152e+01
   4.80003100000000e+06   1.85957310350204e-06   2.49463475464779e+01
   5.20003400000000e+06   1.92832089851436e-06   2.50744485546264e+01
   5.60003600000000e+06   1.84880752840400e-06   2.50144012070648e+01
   6.00003900000000e+06   1.74939862063184e-06   2.50904611806405e+01
   6.40004200000000e+06   1.84509588052606e-06   2.50464264590994e+01
   6.80004400000000e+06   1.83846827894740e-06   2.49863791115312e+01
   7.20004700000000e+06   1.92752645489236e-06   2.50304138330826e+01
   7.60004900000000e+06   1.73163641647989e-06   2.50624390851152e+01
   8.00005200000000e+06   1.87361229109229e-06   2.50864580241371e+01
   8.40005500000000e+06   1.91464255294704e-06   2.50544327721075e+01
   8.80005700000000e+06   1.66328288742079e-06   2.50144012070648e+01
   9.20006000000000e+06   1.73646992607246e-06   2.50424233025953e+01
   9.60006200000000e+06   1.29981003738067e-06   2.50504296156035e+01
   4.24066390000000e+07   1.40987714985386e-04   2.49623601725000e+01
   4.28066410000000e+07   1.93303276319057e-06   2.49703664855106e+01
   4.32066440000000e+07   2.19022535929980e-06   2.49823759550261e+01
   4.36066460000000e+07   1.32910588490631e-06   2.48622812598455e+01
   4.40066490000000e+07   1.55833788539894e-06   2.48863001988861e+01
   4.44066520000000e+07   1.65133883456292e-06   2.48943065118992e+01
   4.48066540000000e+07   1.23997676837462e-06   2.49103191379245e+01
   4.52066570000000e+07   1.84058262675535e-06   2.49823759550261e+01
   4.56066590000000e+07   1.64282653258851e-06   2.49823759550261e+01
   4.60066620000000e+07   1.87970579190733e-06   2.49543538594890e+01
   4.64066650000000e+07   1.99895725927490e-06   2.50744485546264e+01
   4.68066670000000e+07   1.54512770222937e-06   2.49823759550261e+01
   4.72066700000000e+07   2.06345407605113e-06   2.50384201460911e+01
   4.76066720000000e+07   1.32670436414628e-06   2.51184832761627e+01
   4.80066750000000e+07   1.57127021793713e-06   2.50824548676336e+01
   4.84066780000000e+07   1.63450908985396e-06   2.51224864326656e+01
   4.88066800000000e+07   1.34781828364794e-06   2.51785306237000e+01
   4.92066830000000e+07   1.84253826773784e-06   2.50984674936472e+01
   4.96066850000000e+07   1.85957651410718e-06   2.51465053716819e+01
   5.00066880000000e+07   2.01387683773646e-06   2.51224864326656e+01
   5.04066910000000e+07   2.23458232539997e-06   2.50584359286114e+01
   5.08066930000000e+07   1.75605907770660e-06   2.49583570159945e+01
   5.12066960000000e+07   2.27302894018067e-06   2.50063948940555e+01
   5.16066980000000e+07   1.80022641416144e-06   2.50544327721075e+01
   5.20067010000000e+07   2.01305510927341e-06   2.49943854245411e+01
   9.56579480000000e+07   2.27075011935085e-04   2.50664422416190e+01
   9.60579510000000e+07   2.33030414165114e-06   2.51184832761627e+01
   9.64579530000000e+07   2.19597791328852e-06   2.51184832761627e+01
   9.68579560000000e+07   2.48768765231944e-06   2.51264895891685e+01
   9.72579590000000e+07   1.84279815584887e-06   2.51064738066536e+01
   9.76579610000000e+07   1.88106798759691e-06   2.50464264590994e+01
   9.80579640000000e+07   1.65550954989158e-06   2.51344959021740e+01
   9.84579660000000e+07   1.63926449658902e-06   2.51264895891685e+01
   9.88579690000000e+07   1.82103349288809e-06   2.50864580241371e+01
   9.92579720000000e+07   1.53610358211154e-06   2.50944643371439e+01
   9.96579740000000e+07   1.70754776718240e-06   2.51465053716819e+01
   1.00057977000000e+08   1.64978825978324e-06   2.50984674936472e+01
   1.00457979000000e+08   1.48140122746554e-06   2.50144012070648e+01
   1.00857982000000e+08   1.76290006947966e-06   2.50744485546264e+01
   1.01257985000000e+08   1.43962472520798e-06   2.50784517111300e+01
   1.01657987000000e+08   1.64743323693983e-06   2.48742907293661e+01
   1.02057990000000e+08   1.51555866523267e-06   2.49743696420159e+01
   1.02457992000000e+08   1.47438697695179e-06   2.49743696420159e+01
   1.02857995000000e+08   1.64583389050676e-06   2.50144012070648e+01
   1.03257998000000e+08   1.31068713926652e-06   2.50184043635693e+01
   1.03658000000000e+08   1.28801571008808e-06   2.50824548676336e+01
   1.04058003000000e+08   1.32786396989104e-06   2.51064738066536e+01
   1.04458005000000e+08   1.11887482034945e-06   2.50784517111300e+01
   1.04858008000000e+08   1.46066122397315e-06   2.51465053716819e+01
   1.05258011000000e+08   1.36404412387492e-06   2.50904611806405e+01
   1.48856393000000e+08   1.70725077623501e-04   2.49583570159945e+01
   1.49256395000000e+08   1.84060763785965e-06   2.50584359286114e+01
   1.49656398000000e+08   1.79847233994224e-06   2.49663633290053e+01
   1.50056400000000e+08   2.05740138881083e-06   2.49743696420159e+01
   1.50456403000000e+08   1.71035912899242e-06   2.50224075200738e+01
   1.50856406000000e+08   1.96776022676204e-06   2.50784517111300e+01
   1.51256408000000e+08   1.78203299583402e-06   2.50504296156035e+01
   1.51656411000000e+08   1.40564634421025e-06   2.50023917375508e+01
   1.52056413000000e+08   1.90054379345383e-06   2.51505085281844e+01
   1.52456416000000e+08   1.31929652980034e-06   2.51184832761627e+01
   1.52856419000000e+08   1.71458316344797e-06   2.49743696420159e+01
   1.53256421000000e+08   1.72270097209548e-06   2.50704453981228e+01
   1.53656424000000e+08   1.86759177722706e-06   2.50584359286114e+01
   1.54056426000000e+08   2.26032261707587e-06   2.50304138330826e+01
   1.54456429000000e+08   1.81112727659638e-06   2.50144012070648e+01
   1.54856432000000e+08   2.10355301533127e-06   2.50504296156035e+01
   1.55256434000000e+08   2.22910739466897e-06   2.50904611806405e+01
   1.55656437000000e+08   2.11237920666463e-06   2.49943854245411e+01
   1.56056439000000e+08   2.59200896834955e-06   2.49983885810460e+01
   1.56456442000000e+08   2.15728232433321e-06   2.51104769631567e+01
   1.56856445000000e+08   2.43462000071304e-06   2.50304138330826e+01
   1.57256447000000e+08   2.32368574870634e-06   2.50984674936472e+01
   1.57656450000000e+08   2.16156308852078e-06   2.50664422416190e+01
   1.58056452000000e+08   2.49238814831187e-06   2.50544327721075e+01
   1.58456455000000e+08   2.14206283999374e-06   2.49823759550261e+01
   1.93519649000000e+08   1.68375132489018e-04   2.50384201460911e+01
   1.93919652000000e+08   1.89879540357651e-06   2.49663633290053e+01
   1.94319655000000e+08   1.45722265187942e-06   2.51344959021740e+01
   1.94719657000000e+08   1.94273889064789e-06   2.49823759550261e+01
   1.95119660000000e+08   1.72329737324617e-06   2.50784517111300e+01
   1.95519662000000e+08   1.54630072302098e-06   2.49663633290053e+01
   1.95919665000000e+08   2.16226112570439e-06   2.50023917375508e+01
   1.96319668000000e+08   1.51738879594632e-06   2.49903822680362e+01
   1.96719670000000e+08   1.94434210243344e-06   2.50544327721075e+01
   1.97119673000000e+08   1.75212676367664e-06   2.50144012070648e+01
   1.97519675000000e+08   1.83461054348300e-06   2.51024706501504e+01
   1.97919678000000e+08   2.22069866140373e-06   2.50824548676336e+01
   1.98319681000000e+08   1.68105907505378e-06   2.50704453981228e+01
   1.98719683000000e+08   2.07695325116219e-06   2.50624390851152e+01
   1.99119686000000e+08   2.05652168006054e-06   2.49943854245411e+01
   1.99519688000000e+08   2.35533661907539e-06   2.49943854245411e+01
   1.99919691000000e+08   2.81079906017112e-06   2.49863791115312e+01
   2.00319694000000e+08   2.26884208132105e-06   2.50704453981228e+01
   2.00719696000000e+08   2.90922548629169e-06   2.49703664855106e+01
   2.01119699000000e+08   2.38547590925009e-06   2.49743696420159e+01
   2.01519701000000e+08   2.13575708585267e-06   2.49863791115312e+01
   2.01919704000000e+08   2.53204734690371e-06   2.50344169895869e+01
   2.02319707000000e+08   1.87171826837584e-06   2.49423443899722e+01
   2.02719709000000e+08   2.40647000282479e-06   2.50103980505602e+01
   2.03119712000000e+08   2.13870930565463e-06   2.49863791115312e+01
