   4.00003000000000e+05   1.71653061897814e-06   2.49623601725000e+01
   8.00005000000000e+05   2.67188534053275e-06   2.50224075200738e+01
   1.20000800000000e+06   1.51955998717312e-06   2.50224075200738e+01
   1.60001000000000e+06   1.97849317373766e-06   2.49383412334665e+01
   2.00001300000000e+06   2.41003522205574e-06   2.49583570159945e+01
   2.40001600000000e+06   1.86344971098151e-06   2.50063948940555e+01
   2.80001800000000e+06   1.82260725978267e-06   2.50544327721075e+01
   3.20002100000000e+06   1.66995641848189e-06   2.50544327721075e+01
   3.60002400000000e+06   2.13184921449283e-06   2.49503507029835e+01
   4.00002600000000e+06   1.83609290616005e-06   2.50624390851152e+01
   4.40002900000000e+06   1.30547630305955e-06   2.49183254509368e+01
   4.80003100000000e+06   2.31656690630189e-06   2.49903822680362e+01
   5.20003400000000e+06   1.68186159044126e-06   2.49863791115312e+01
   5.60003700000000e+06   1.81620282546646e-06   2.49943854245411e+01
   6.00003900000000e+06   1.76031892351602e-06   2.49823759550261e+01
   6.40004200000000e+06   1.93771688827837e-06   2.50424233025953e+01
   6.80004500000000e+06   1.87632792858494e-06   2.49823759550261e+01
   7.20004700000000e+06   1.24625569242198e-06   2.49943854245411e+01
   7.60005000000000e+06   1.88334490758280e-06   2.49463475464779e+01
   8.00005200000000e+06   1.89473746559088e-06   2.49583570159945e+01
   8.40005500000000e+06   1.37946483391715e-06   2.50264106765782e+01
   8.80005800000000e+06   1.96625637727266e-06   2.50144012070648e+01
   9.20006000000000e+06   1.85647797934507e-06   2.49983885810460e+01
   9.60006300000000e+06   2.25548296839406e-06   2.49263317639489e+01
   4.20814850000000e+07   2.33908719383180e-03   2.49863791115312e+01
   4.24814870000000e+07   1.30821615584864e-06   2.51104769631567e+01
   4.28814900000000e+07   1.39692531320179e-06   2.50824548676336e+01
   4.32814930000000e+07   1.40056329200888e-06   2.50264106765782e+01
   4.36814950000000e+07   2.05268293029803e-06   2.50704453981228e+01
   4.40814980000000e+07   3.33054572365654e-06   2.50904611806405e+01
   4.44815000000000e+07   8.79266565334547e-07   2.50624390851152e+01
   4.48815030000000e+07   1.72896409367240e-06   2.50023917375508e+01
   4.52815060000000e+07   1.87996874956298e-06   2.51144801196597e+01
   4.56815080000000e+07   2.16585181078699e-06   2.50624390851152e+01
   4.60815110000000e+07   3.22928190144012e-06   2.50184043635693e+01
   4.64815140000000e+07   7.93376671026635e-07   2.50584359286114e+01
   4.68815160000000e+07   1.51559254391032e-06   2.51224864326656e+01
   4.72815190000000e+07   1.61893410677294e-06   2.49863791115312e+01
   4.76815210000000e+07   2.21925643018039e-06   2.50384201460911e+01
   4.80815240000000e+07   2.75959177997720e-06   2.49983885810460e+01
   4.84815270000000e+07   4.25919409963171e-07   2.49543538594890e+01
   4.88815290000000e+07   1.86488375675253e-06   2.50944643371439e+01
   4.92815320000000e+07   2.26728116103914e-06   2.50144012070648e+01
   4.96815350000000e+07   2.37571634897904e-06   2.50344169895869e+01
   5.00815370000000e+07   2.43765407503815e-06   2.50704453981228e+01
   5.04815400000000e+07   4.50029460807855e-07   2.49663633290053e+01
   5.08815420000000e+07   2.13324165088125e-06   2.50784517111300e+01
   5.12815450000000e+07   1.86708462024399e-06   2.50224075200738e+01
   5.16815480000000e+07   1.78485686319618e-06   2.49743696420159e+01
   9.53578010000000e+07  -4.17804950848222e-03   2.49903822680362e+01
   9.57578040000000e+07   8.01187525212299e-07   2.49263317639489e+01
   9.61578070000000e+07   3.15363422487280e-06   2.49743696420159e+01
   9.65578090000000e+07   2.13537714444101e-06   2.50424233025953e+01
   9.69578120000000e+07   5.42757277344208e-07   2.49703664855106e+01
   9.73578140000000e+07   2.19565890802187e-06   2.50984674936472e+01
   9.77578170000000e+07   1.11750330233917e-06   2.50184043635693e+01
   9.81578200000000e+07   3.03993783745682e-06   2.49783727985210e+01
   9.85578220000000e+07   1.53689927628875e-06   2.49783727985210e+01
   9.89578250000000e+07   1.15000852929370e-06   2.50304138330826e+01
   9.93578280000000e+07   2.88133219328301e-06   2.51184832761627e+01
   9.97578300000000e+07   1.39345104344102e-06   2.50384201460911e+01
   1.00157833000000e+08   3.07324035020429e-06   2.50984674936472e+01
   1.00557835000000e+08   1.53072301145585e-06   2.51344959021740e+01
   1.00957838000000e+08   1.32650211526197e-06   2.50504296156035e+01
   1.01357841000000e+08   2.47404932451900e-06   2.50544327721075e+01
   1.01757843000000e+08   1.46866580053029e-06   2.50824548676336e+01
   1.02157846000000e+08   3.08397102344315e-06   2.50504296156035e+01
   1.02557849000000e+08   1.21382902307232e-06   2.50144012070648e+01
   1.02957851000000e+08   1.30269370401948e-06   2.49343380769607e+01
   1.03357854000000e+08   2.87544435195741e-06   2.49223286074429e+01
   1.03757856000000e+08   1.67031612363644e-06   2.49503507029835e+01
   1.04157859000000e+08   2.60596721091133e-06   2.49623601725000e+01
   1.04557862000000e+08   1.11603810637462e-06   2.49423443899722e+01
   1.04957864000000e+08   1.88472097306658e-06   2.49823759550261e+01
   1.48330400000000e+08   4.57537500187755e-03   2.50464264590994e+01
   1.48730402000000e+08   2.06697154681024e-06   2.50264106765782e+01
   1.49130405000000e+08   3.56165560333466e-06   2.49703664855106e+01
   1.49530407000000e+08  -2.09932018435666e-08   2.49583570159945e+01
   1.49930410000000e+08   2.66443089458335e-06   2.50023917375508e+01
   1.50330413000000e+08   1.63029073974030e-06   2.49623601725000e+01
   1.50730415000000e+08   2.26958150051360e-06   2.51545116846868e+01
   1.51130418000000e+08   3.05636331177084e-06   2.50704453981228e+01
   1.51530421000000e+08  -2.53556009965905e-07   2.50103980505602e+01
   1.51930423000000e+08   2.84845009446144e-06   2.49703664855106e+01
   1.52330426000000e+08   1.61857155944745e-06   2.50424233025953e+01
   1.52730428000000e+08   2.50222137765377e-06   2.50744485546264e+01
   1.53130431000000e+08   2.57852661889046e-06   2.50664422416190e+01
   1.53530434000000e+08   2.03964575007376e-07   2.51264895891685e+01
   1.53930436000000e+08   3.26633471559035e-06   2.50544327721075e+01
   1.54330439000000e+08   1.66151164648909e-06   2.50304138330826e+01
   1.54730442000000e+08   2.44132161242305e-06   2.50424233025953e+01
   1.55130444000000e+08   2.46220611188619e-06   2.50384201460911e+01
   1.55530447000000e+08   4.42842065240256e-07   2.50464264590994e+01
   1.55930449000000e+08   3.46478759638558e-06   2.51024706501504e+01
   1.56330452000000e+08   1.59715295922069e-06   2.50704453981228e+01
   1.56730455000000e+08   2.68387361757050e-06   2.50063948940555e+01
   1.57130457000000e+08   2.06504114430572e-06   2.49023128249120e+01
   1.57530460000000e+08   7.85054055540968e-07   2.50664422416190e+01
   1.57930463000000e+08   3.64765810445533e-06   2.49943854245411e+01
   1.92760140000000e+08  -2.03558732755482e-03   2.49903822680362e+01
   1.93160143000000e+08   1.97774693333486e-06   2.50584359286114e+01
   1.93560145000000e+08   2.57477654486138e-06   2.49863791115312e+01
   1.93960148000000e+08   1.77907918441633e-06   2.51064738066536e+01
   1.94360151000000e+08   1.58919419845915e-06   2.49183254509368e+01
   1.94760153000000e+08   1.84347140930186e-06   2.50103980505602e+01
   1.95160156000000e+08   2.48714400186145e-06   2.50063948940555e+01
   1.95560158000000e+08   2.80065592050960e-06   2.49823759550261e+01
   1.95960161000000e+08   1.90406069577875e-06   2.49903822680362e+01
   1.96360164000000e+08   1.83730674052640e-06   2.50384201460911e+01
   1.96760166000000e+08   1.86310580829741e-06   2.49703664855106e+01
   1.97160169000000e+08   2.30023260883172e-06   2.49183254509368e+01
   1.97560172000000e+08   2.30515001931053e-06   2.49743696420159e+01
   1.97960174000000e+08   1.49135064475558e-06   2.49983885810460e+01
   1.98360177000000e+08   1.67424434494023e-06   2.50664422416190e+01
   1.98760179000000e+08   2.10505481845757e-06   2.49343380769607e+01
   1.99160182000000e+08   2.38280654230039e-06   2.49583570159945e+01
   1.99560185000000e+08   2.27683790399169e-06   2.50384201460911e+01
   1.99960187000000e+08   1.52031213929149e-06   2.49543538594890e+01
   2.00360190000000e+08   1.87397540685197e-06   2.50584359286114e+01
   2.00760193000000e+08   1.94894732885587e-06   2.50344169895869e+01
   2.01160195000000e+08   2.01649709197227e-06   2.50184043635693e+01
   2.01560198000000e+08   1.75169520844065e-06   2.50384201460911e+01
   2.01960200000000e+08   1.25376709547709e-06   2.49383412334665e+01
   2.02360203000000e+08   1.65847006883268e-06   2.49783727985210e+01
