   4.00003000000000e+05   2.14308738577529e-06   2.50344169895869e+01
   8.00005000000000e+05   1.79397375177359e-06   2.49743696420159e+01
   1.20000800000000e+06   1.99590363081370e-06   2.49503507029835e+01
   1.60001100000000e+06   1.83967779321392e-06   2.49343380769607e+01
   2.00001300000000e+06   1.77128788436676e-06   2.49303349204548e+01
   2.40001600000000e+06   1.98730595002417e-06   2.49903822680362e+01
   2.80001900000000e+06   1.37480287776270e-06   2.50424233025953e+01
   3.20002100000000e+06   1.69153020124213e-06   2.50704453981228e+01
   3.60002400000000e+06   1.44844852911774e-06   2.50264106765782e+01
   4.00002600000000e+06   1.50448374824919e-06   2.49623601725000e+01
   4.40002900000000e+06   1.61072159698961e-06   2.50304138330826e+01
   4.80003200000000e+06   1.40355518851720e-06   2.50264106765782e+01
   5.20003400000000e+06   1.65196513535193e-06   2.50504296156035e+01
   5.60003700000000e+06   1.52832217281684e-06   2.49743696420159e+01
   6.00003900000000e+06   1.49196785059758e-06   2.49703664855106e+01
   6.40004200000000e+06   1.79625476448564e-06   2.50304138330826e+01
   6.80004500000000e+06   1.59179603542725e-06   2.49783727985210e+01
   7.20004700000000e+06   1.95644634004566e-06   2.50144012070648e+01
   7.60005000000000e+06   1.74750118731026e-06   2.50624390851152e+01
   8.00005200000000e+06   1.74843876266095e-06   2.49743696420159e+01
   8.40005500000000e+06   1.93420055438764e-06   2.49103191379245e+01
   8.80005800000000e+06   1.67288055763493e-06   2.50784517111300e+01
   9.20006000000000e+06   2.00780095838127e-06   2.50144012070648e+01
   9.60006300000000e+06   1.78028722075396e-06   2.49503507029835e+01
   4.21345800000000e+07   2.34733708202839e-03   2.49823759550261e+01
   4.25345830000000e+07   1.62104174705746e-06   2.50224075200738e+01
   4.29345850000000e+07   3.67061875294894e-06   2.50624390851152e+01
   4.33345880000000e+07  -8.27269275305298e-08   2.50103980505602e+01
   4.37345900000000e+07   6.21046126525471e-07   2.49823759550261e+01
   4.41345930000000e+07   3.17366152557952e-06   2.49303349204548e+01
   4.45345960000000e+07   1.76137416474376e-06   2.49863791115312e+01
   4.49345980000000e+07   3.24182747135637e-06   2.50664422416190e+01
   4.53346010000000e+07  -1.64152169190857e-07   2.49823759550261e+01
   4.57346030000000e+07   1.17300123747555e-06   2.50023917375508e+01
   4.61346060000000e+07   3.45107673638267e-06   2.50824548676336e+01
   4.65346090000000e+07   1.68662234045769e-06   2.50144012070648e+01
   4.69346110000000e+07   2.72513852905831e-06   2.50023917375508e+01
   4.73346140000000e+07  -3.31980402279441e-07   2.50904611806405e+01
   4.77346170000000e+07   1.54048268541374e-06   2.50304138330826e+01
   4.81346190000000e+07   3.24620805258746e-06   2.49583570159945e+01
   4.85346220000000e+07   1.43901286264736e-06   2.50063948940555e+01
   4.89346240000000e+07   2.35279412663658e-06   2.50544327721075e+01
   4.93346270000000e+07  -2.04597782271776e-07   2.49903822680362e+01
   4.97346300000000e+07   2.02021647055517e-06   2.50704453981228e+01
   5.01346320000000e+07   3.17547892336734e-06   2.49623601725000e+01
   5.05346350000000e+07   1.23683810215880e-06   2.49823759550261e+01
   5.09346370000000e+07   2.16232842831232e-06   2.50023917375508e+01
   5.13346400000000e+07  -6.07576495781359e-08   2.50544327721075e+01
   5.17346430000000e+07   2.45010915023158e-06   2.50904611806405e+01
   9.54108290000000e+07  -4.19152528047562e-03   2.50023917375508e+01
   9.58108310000000e+07   1.68871190453501e-06   2.49903822680362e+01
   9.62108340000000e+07   2.43956628764863e-06   2.50264106765782e+01
   9.66108370000000e+07   2.33706578001147e-06   2.49863791115312e+01
   9.70108390000000e+07  -9.30715344793498e-08   2.51104769631567e+01
   9.74108420000000e+07   2.06765184884716e-06   2.49623601725000e+01
   9.78108440000000e+07   1.73950070347928e-06   2.50264106765782e+01
   9.82108470000000e+07   2.41756538343907e-06   2.50784517111300e+01
   9.86108500000000e+07   1.97009512703517e-06   2.50824548676336e+01
   9.90108520000000e+07   3.58686946810849e-07   2.50464264590994e+01
   9.94108550000000e+07   2.59496459875663e-06   2.50984674936472e+01
   9.98108580000000e+07   2.07032417165465e-06   2.50464264590994e+01
   1.00210860000000e+08   2.45207388616109e-06   2.50904611806405e+01
   1.00610863000000e+08   1.84201383035543e-06   2.50584359286114e+01
   1.01010865000000e+08   4.66378054397865e-07   2.50544327721075e+01
   1.01410868000000e+08   2.77720073427190e-06   2.50664422416190e+01
   1.01810871000000e+08   1.93675782611535e-06   2.50704453981228e+01
   1.02210873000000e+08   2.38071015701280e-06   2.49623601725000e+01
   1.02610876000000e+08   1.66724532846274e-06   2.49303349204548e+01
   1.03010878000000e+08   9.26495317798981e-07   2.50304138330826e+01
   1.03410881000000e+08   3.16758314511389e-06   2.49743696420159e+01
   1.03810884000000e+08   2.22126118387678e-06   2.50904611806405e+01
   1.04210886000000e+08   2.39434416471340e-06   2.50584359286114e+01
   1.04610889000000e+08   1.51165011175181e-06   2.50304138330826e+01
   1.05010892000000e+08   1.12804809759837e-06   2.50384201460911e+01
   1.48487858000000e+08   4.59352461621165e-03   2.49743696420159e+01
   1.48887861000000e+08   1.33678270231030e-06   2.50464264590994e+01
   1.49287864000000e+08   1.83908161943691e-06   2.50504296156035e+01
   1.49687866000000e+08   1.71090448475297e-06   2.50424233025953e+01
   1.50087869000000e+08   8.76024387252983e-07   2.49503507029835e+01
   1.50487871000000e+08   2.86666136162239e-06   2.50304138330826e+01
   1.50887874000000e+08   1.77999959305453e-06   2.50704453981228e+01
   1.51287877000000e+08   2.25589246838354e-06   2.49663633290053e+01
   1.51687879000000e+08   2.07819743991422e-06   2.50344169895869e+01
   1.52087882000000e+08   1.50470486914855e-06   2.50063948940555e+01
   1.52487885000000e+08   3.09571350953775e-06   2.50184043635693e+01
   1.52887887000000e+08   1.58682553319522e-06   2.50103980505602e+01
   1.53287890000000e+08   2.14109172702592e-06   2.50184043635693e+01
   1.53687892000000e+08   1.97468875740014e-06   2.50103980505602e+01
   1.54087895000000e+08   1.56345220148069e-06   2.50544327721075e+01
   1.54487898000000e+08   2.96992266157758e-06   2.49183254509368e+01
   1.54887900000000e+08   1.41435782552435e-06   2.49983885810460e+01
   1.55287903000000e+08   1.90529419796803e-06   2.49303349204548e+01
   1.55687905000000e+08   1.71352508004929e-06   2.49623601725000e+01
   1.56087908000000e+08   1.46128684264113e-06   2.49503507029835e+01
   1.56487911000000e+08   2.78964262179215e-06   2.49303349204548e+01
   1.56887913000000e+08   1.36014386953320e-06   2.50264106765782e+01
   1.57287916000000e+08   2.03123113351467e-06   2.50144012070648e+01
   1.57687919000000e+08   1.70299574620003e-06   2.49703664855106e+01
   1.58087921000000e+08   1.75441607552784e-06   2.49663633290053e+01
   1.93220526000000e+08  -2.03383760526776e-03   2.50944643371439e+01
   1.93620528000000e+08   7.75383284690179e-07   2.50464264590994e+01
   1.94020531000000e+08   6.17825094195723e-07   2.51585148411891e+01
   1.94420533000000e+08   1.80801157512178e-06   2.50063948940555e+01
   1.94820536000000e+08   1.58518173520861e-06   2.49823759550261e+01
   1.95220539000000e+08   3.63177969120443e-06   2.50624390851152e+01
   1.95620541000000e+08   4.70011087827515e-07   2.51304927456713e+01
   1.96020544000000e+08   7.59046940856933e-07   2.50784517111300e+01
   1.96420546000000e+08   2.22553194362263e-06   2.49383412334665e+01
   1.96820549000000e+08   1.97267718249350e-06   2.49063159814183e+01
   1.97220552000000e+08   3.59122554982605e-06   2.50184043635693e+01
   1.97620554000000e+08   3.64639191730021e-07   2.49903822680362e+01
   1.98020557000000e+08   1.47761454627471e-06   2.50023917375508e+01
   1.98420560000000e+08   2.58323620982992e-06   2.50184043635693e+01
   1.98820562000000e+08   1.95885536413698e-06   2.49743696420159e+01
   1.99220565000000e+08   3.09607798953948e-06   2.51184832761627e+01
   1.99620567000000e+08   2.26746450948667e-07   2.50424233025953e+01
   2.00020570000000e+08   1.55067891682847e-06   2.50344169895869e+01
   2.00420573000000e+08   2.69813176601019e-06   2.50103980505602e+01
   2.00820575000000e+08   2.29026818487910e-06   2.50944643371439e+01
   2.01220578000000e+08   3.12011138703383e-06   2.50904611806405e+01
   2.01620580000000e+08   4.09085259889252e-07   2.49463475464779e+01
   2.02020583000000e+08   2.29887723435240e-06   2.50144012070648e+01
   2.02420586000000e+08   3.08048288388818e-06   2.50704453981228e+01
   2.02820588000000e+08   2.09691211239260e-06   2.50344169895869e+01
