   4.00003000000000e+05   1.95908410205448e-06   2.50544327721075e+01
   8.00005000000000e+05   2.35256129599293e-06   2.50464264590994e+01
   1.20000800000000e+06   1.97192139239633e-06   2.51224864326656e+01
   1.60001000000000e+06   2.34338767768349e-06   2.50184043635693e+01
   2.00001300000000e+06   2.67683662968921e-06   2.49663633290053e+01
   2.40001600000000e+06   1.76993091827171e-06   2.49863791115312e+01
   2.80001800000000e+06   2.34123990594526e-06   2.49423443899722e+01
   3.20002100000000e+06   1.92761217476800e-06   2.50664422416190e+01
   3.60002300000000e+06   2.28340763896995e-06   2.49063159814183e+01
   4.00002600000000e+06   1.54291547005414e-06   2.50184043635693e+01
   4.40002900000000e+06   2.12329882742779e-06   2.49423443899722e+01
   4.80003100000000e+06   1.99823875846050e-06   2.49783727985210e+01
   5.20003400000000e+06   1.30174726109544e-06   2.49823759550261e+01
   5.60003600000000e+06   1.53570067595865e-06   2.50224075200738e+01
   6.00003900000000e+06   1.90037485481298e-06   2.50784517111300e+01
   6.40004200000000e+06   1.40017846206320e-06   2.50344169895869e+01
   6.80004400000000e+06   1.89430238606292e-06   2.49903822680362e+01
   7.20004700000000e+06   1.79983919679216e-06   2.50103980505602e+01
   7.60004900000000e+06   2.40294207287661e-06   2.50023917375508e+01
   8.00005200000000e+06   1.74043270817492e-06   2.50544327721075e+01
   8.40005500000000e+06   1.90333344107785e-06   2.50904611806405e+01
   8.80005700000000e+06   2.12597046811425e-06   2.50464264590994e+01
   9.20006000000000e+06   1.56895123382128e-06   2.50784517111300e+01
   9.60006200000000e+06   1.68575127190707e-06   2.51384990586767e+01
   4.21625060000000e+07   2.36827507615089e-03   2.50023917375508e+01
   4.25625090000000e+07   1.08439382984216e-06   2.49703664855106e+01
   4.29625120000000e+07   2.32824231716222e-06   2.50744485546264e+01
   4.33625140000000e+07   2.04413731808017e-06   2.50384201460911e+01
   4.37625170000000e+07   1.16943454919749e-09   2.50584359286114e+01
   4.41625190000000e+07   2.33226001000730e-06   2.49023128249120e+01
   4.45625220000000e+07   1.13276178126398e-06   2.49063159814183e+01
   4.49625250000000e+07   2.51632332037843e-06   2.50264106765782e+01
   4.53625270000000e+07   1.83434735845367e-06   2.50144012070648e+01
   4.57625300000000e+07   3.61265080073281e-07   2.50224075200738e+01
   4.61625320000000e+07   2.68107942247298e-06   2.50504296156035e+01
   4.65625350000000e+07   1.30578393964242e-06   2.50184043635693e+01
   4.69625380000000e+07   2.65077119365742e-06   2.50664422416190e+01
   4.73625400000000e+07   2.06085724130389e-06   2.51184832761627e+01
   4.77625430000000e+07   1.00297563676577e-06   2.50664422416190e+01
   4.81625450000000e+07   2.91790433948336e-06   2.51384990586767e+01
   4.85625480000000e+07   1.49032109675318e-06   2.50344169895869e+01
   4.89625510000000e+07   2.54296401180909e-06   2.50144012070648e+01
   4.93625530000000e+07   1.90068237770902e-06   2.50664422416190e+01
   4.97625560000000e+07   7.25038830751146e-07   2.50584359286114e+01
   5.01625580000000e+07   2.40438043874747e-06   2.50424233025953e+01
   5.05625610000000e+07   1.77761785380426e-06   2.49623601725000e+01
   5.09625640000000e+07   2.12602344618062e-06   2.49663633290053e+01
   5.13625660000000e+07   1.43403451602353e-06   2.49823759550261e+01
   5.17625690000000e+07   4.60754620235093e-07   2.49423443899722e+01
   9.58050630000000e+07  -4.22749994322658e-03   2.49543538594890e+01
   9.62050650000000e+07   2.32006595979328e-06   2.49783727985210e+01
   9.66050680000000e+07   8.93960248049552e-07   2.49103191379245e+01
   9.70050700000000e+07   1.77678066393128e-06   2.49663633290053e+01
   9.74050730000000e+07   3.47905415765126e-06   2.49943854245411e+01
   9.78050760000000e+07   2.23282981437478e-07   2.49583570159945e+01
   9.82050780000000e+07   3.03564115711197e-06   2.50184043635693e+01
   9.86050810000000e+07   1.09729990072083e-06   2.50464264590994e+01
   9.90050830000000e+07   2.11809970096510e-06   2.48582781033385e+01
   9.94050860000000e+07   3.53327482116583e-06   2.49463475464779e+01
   9.98050890000000e+07   6.20503499249025e-07   2.50624390851152e+01
   1.00205091000000e+08   2.74876128969481e-06   2.50023917375508e+01
   1.00605094000000e+08   1.55258192080510e-06   2.49903822680362e+01
   1.01005096000000e+08   2.24894097300421e-06   2.50504296156035e+01
   1.01405099000000e+08   2.96278494715807e-06   2.50624390851152e+01
   1.01805102000000e+08   2.58040444123253e-07   2.51745274671980e+01
   1.02205104000000e+08   3.17852504849725e-06   2.50984674936472e+01
   1.02605107000000e+08   1.17031083846086e-06   2.51184832761627e+01
   1.03005109000000e+08   2.05397509489558e-06   2.50504296156035e+01
   1.03405112000000e+08   2.61934928857954e-06   2.50344169895869e+01
   1.03805114000000e+08   4.99898135331023e-07   2.50063948940555e+01
   1.04205117000000e+08   2.61134573520394e-06   2.50384201460911e+01
   1.04605120000000e+08   1.03878539903235e-06   2.50544327721075e+01
   1.05005122000000e+08   2.33606920119200e-06   2.50504296156035e+01
   1.05405125000000e+08   2.62279127127840e-06   2.49943854245411e+01
   1.48922128000000e+08   4.62492555379868e-03   2.50784517111300e+01
   1.49322130000000e+08   4.74153580398706e-07   2.50784517111300e+01
   1.49722133000000e+08   2.42442501985352e-06   2.50184043635693e+01
   1.50122136000000e+08   2.79254459201184e-06   2.50464264590994e+01
   1.50522138000000e+08   1.13192322714895e-06   2.49983885810460e+01
   1.50922141000000e+08   2.57362262345850e-06   2.50184043635693e+01
   1.51322143000000e+08   6.63304660974973e-07   2.50264106765782e+01
   1.51722146000000e+08   2.50735570261895e-06   2.50344169895869e+01
   1.52122149000000e+08   2.35938364312460e-06   2.49983885810460e+01
   1.52522151000000e+08   1.27986800180224e-06   2.49783727985210e+01
   1.52922154000000e+08   2.35550851357402e-06   2.49863791115312e+01
   1.53322156000000e+08   5.38747769951442e-07   2.49823759550261e+01
   1.53722159000000e+08   2.24996392717003e-06   2.50624390851152e+01
   1.54122162000000e+08   2.29630359172006e-06   2.50304138330826e+01
   1.54522164000000e+08   1.08231097328826e-06   2.50344169895869e+01
   1.54922167000000e+08   2.15945783565985e-06   2.50584359286114e+01
   1.55322169000000e+08   4.97584949243901e-07   2.50264106765782e+01
   1.55722172000000e+08   2.51730966738251e-06   2.51665211541937e+01
   1.56122175000000e+08   1.94144786291872e-06   2.51384990586767e+01
   1.56522177000000e+08   9.64016066973272e-07   2.50704453981228e+01
   1.56922180000000e+08   2.25443250201351e-06   2.50224075200738e+01
   1.57322182000000e+08   9.43384350193810e-07   2.50944643371439e+01
   1.57722185000000e+08   2.64738196165126e-06   2.51184832761627e+01
   1.58122188000000e+08   1.86199235940876e-06   2.50784517111300e+01
   1.58522190000000e+08   1.34986839839257e-06   2.51064738066536e+01
   1.93429323000000e+08  -2.05754907801747e-03   2.49783727985210e+01
   1.93829325000000e+08   8.54012682793837e-07   2.49783727985210e+01
   1.94229328000000e+08   3.49226002072101e-06   2.50144012070648e+01
   1.94629330000000e+08   2.75950264949643e-06   2.50144012070648e+01
   1.95029333000000e+08   8.88733950432652e-07   2.50304138330826e+01
   1.95429336000000e+08   1.54768429183605e-06   2.50424233025953e+01
   1.95829338000000e+08   1.12702571186674e-06   2.50344169895869e+01
   1.96229341000000e+08   3.45139847013343e-06   2.49823759550261e+01
   1.96629343000000e+08   2.61014179159247e-06   2.50144012070648e+01
   1.97029346000000e+08   1.06061759197473e-06   2.50384201460911e+01
   1.97429349000000e+08   1.73546277437708e-06   2.49263317639489e+01
   1.97829351000000e+08   1.51868050579651e-06   2.50184043635693e+01
   1.98229354000000e+08   3.64436255040346e-06   2.49663633290053e+01
   1.98629356000000e+08   2.60647857430740e-06   2.49503507029835e+01
   1.99029359000000e+08   1.33519290557160e-06   2.50624390851152e+01
   1.99429362000000e+08   2.19584899241454e-06   2.51024706501504e+01
   1.99829364000000e+08   2.16450121115486e-06   2.50344169895869e+01
   2.00229367000000e+08   3.89493607144686e-06   2.50384201460911e+01
   2.00629369000000e+08   2.55494933298905e-06   2.49983885810460e+01
   2.01029372000000e+08   1.69829161222879e-06   2.50904611806405e+01
   2.01429375000000e+08   2.48148444370599e-06   2.49303349204548e+01
   2.01829377000000e+08   2.62818230112316e-06   2.49983885810460e+01
   2.02229380000000e+08   3.99643840864883e-06   2.50103980505602e+01
   2.02629382000000e+08   2.55740224019974e-06   2.49623601725000e+01
   2.03029385000000e+08   1.28213355310436e-06   2.49943854245411e+01
