   4.00002000000000e+05   2.04854313778924e-06   2.50584359286114e+01
   8.00005000000000e+05   2.43421573031810e-06   2.50624390851152e+01
   1.20000700000000e+06   2.20882793655619e-06   2.50424233025953e+01
   1.60001000000000e+06   2.25162216338504e-06   2.50464264590994e+01
   2.00001300000000e+06   2.68855092144804e-06   2.49383412334665e+01
   2.40001500000000e+06   2.54129713539442e-06   2.51024706501504e+01
   2.80001800000000e+06   2.70143004854617e-06   2.50344169895869e+01
   3.20002000000000e+06   2.61163586401381e-06   2.50504296156035e+01
   3.60002300000000e+06   2.53380949288839e-06   2.50304138330826e+01
   4.00002600000000e+06   2.38498682847421e-06   2.50864580241371e+01
   4.40002800000000e+06   2.05236983674695e-06   2.50784517111300e+01
   4.80003100000000e+06   2.27208329306450e-06   2.49583570159945e+01
   5.20003300000000e+06   2.17328170037945e-06   2.49663633290053e+01
   5.60003600000000e+06   2.04715206564288e-06   2.50784517111300e+01
   6.00003900000000e+06   2.14554324884375e-06   2.50384201460911e+01
   6.40004100000000e+06   1.83928159458446e-06   2.50864580241371e+01
   6.80004400000000e+06   2.11307315112208e-06   2.49223286074429e+01
   7.20004600000000e+06   1.97558915715490e-06   2.50103980505602e+01
   7.60004900000000e+06   1.72984209712013e-06   2.50384201460911e+01
   8.00005100000000e+06   1.07275525351724e-06   2.50224075200738e+01
   8.40005400000000e+06   7.15323437816551e-07   2.50344169895869e+01
   8.80005700000000e+06   8.48116087581730e-07   2.50304138330826e+01
   9.20005900000000e+06   8.02806084720942e-07   2.51104769631567e+01
   9.60006200000000e+06   7.66021116760385e-07   2.50144012070648e+01
   4.22026480000000e+07   1.51850224938244e-04   2.50184043635693e+01
   4.26026510000000e+07   2.39673386204231e-06   2.50023917375508e+01
   4.30026540000000e+07   2.58443265011010e-06   2.49663633290053e+01
   4.34026560000000e+07   2.37348535847559e-06   2.49943854245411e+01
   4.38026590000000e+07   2.40415920416126e-06   2.50344169895869e+01
   4.42026610000000e+07   2.46506988332840e-06   2.50224075200738e+01
   4.46026640000000e+07   2.40079816649086e-06   2.50023917375508e+01
   4.50026670000000e+07   2.31821900342766e-06   2.49263317639489e+01
   4.54026690000000e+07   2.37013910009409e-06   2.48742907293661e+01
   4.58026720000000e+07   2.04671869141748e-06   2.49623601725000e+01
   4.62026740000000e+07   1.79900962393731e-06   2.50144012070648e+01
   4.66026770000000e+07   1.75252512235602e-06   2.50264106765782e+01
   4.70026790000000e+07   1.82594908437750e-06   2.48903033553927e+01
   4.74026820000000e+07   1.78024311026093e-06   2.50224075200738e+01
   4.78026850000000e+07   1.47594118971028e-06   2.50344169895869e+01
   4.82026870000000e+07   1.44642660870886e-06   2.49463475464779e+01
   4.86026900000000e+07   1.30442140289233e-06   2.49663633290053e+01
   4.90026920000000e+07   1.36028131692001e-06   2.49623601725000e+01
   4.94026950000000e+07   1.28744318317331e-06   2.50984674936472e+01
   4.98026980000000e+07   1.86856516393163e-06   2.49223286074429e+01
   5.02027000000000e+07   2.19925641431473e-06   2.50184043635693e+01
   5.06027030000000e+07   2.23810093302745e-06   2.49943854245411e+01
   5.10027050000000e+07   2.19337562157307e-06   2.49583570159945e+01
   5.14027080000000e+07   2.34710341828759e-06   2.49903822680362e+01
   5.18027110000000e+07   2.23814186028903e-06   2.50544327721075e+01
   9.55472730000000e+07   1.77900234120898e-04   2.50744485546264e+01
   9.59472750000000e+07   1.87678449492523e-06   2.50424233025953e+01
   9.63472780000000e+07   2.28341696129064e-06   2.50864580241371e+01
   9.67472810000000e+07   1.99516216525808e-06   2.50264106765782e+01
   9.71472830000000e+07   2.23148504119308e-06   2.49623601725000e+01
   9.75472860000000e+07   2.17330079976819e-06   2.50144012070648e+01
   9.79472880000000e+07   1.58499517510791e-06   2.50624390851152e+01
   9.83472910000000e+07   1.84980524409184e-06   2.51144801196597e+01
   9.87472940000000e+07   1.53496853272372e-06   2.49903822680362e+01
   9.91472960000000e+07   1.69896622992383e-06   2.50023917375508e+01
   9.95472990000000e+07   1.65251969974634e-06   2.50304138330826e+01
   9.99473010000000e+07   1.55820578129351e-06   2.49943854245411e+01
   1.00347304000000e+08   1.85899909865839e-06   2.49703664855106e+01
   1.00747306000000e+08   1.59902083396446e-06   2.50304138330826e+01
   1.01147309000000e+08   1.69006523265125e-06   2.49823759550261e+01
   1.01547312000000e+08   1.88883461760270e-06   2.49903822680362e+01
   1.01947314000000e+08   1.75100001342798e-06   2.50264106765782e+01
   1.02347317000000e+08   2.15529712477291e-06   2.50624390851152e+01
   1.02747319000000e+08   1.86390411727189e-06   2.50944643371439e+01
   1.03147322000000e+08   1.95686243387172e-06   2.51945432497076e+01
   1.03547325000000e+08   1.93397477232793e-06   2.51745274671980e+01
   1.03947327000000e+08   1.11147289771907e-06   2.50944643371439e+01
   1.04347330000000e+08   1.16300259378477e-06   2.50704453981228e+01
   1.04747332000000e+08   1.03724494238122e-06   2.51144801196597e+01
   1.05147335000000e+08   1.00831698546244e-06   2.51304927456713e+01
   1.48691762000000e+08   2.19775116420351e-04   2.51425022151793e+01
   1.49091765000000e+08   1.52244001583313e-06   2.50624390851152e+01
   1.49491768000000e+08   1.72399290931935e-06   2.50344169895869e+01
   1.49891770000000e+08   1.45683225127868e-06   2.51104769631567e+01
   1.50291773000000e+08   1.81383552444458e-06   2.51625179976914e+01
   1.50691775000000e+08   1.56214878188621e-06   2.50544327721075e+01
   1.51091778000000e+08   1.60486331424181e-06   2.50984674936472e+01
   1.51491781000000e+08   1.73813850778970e-06   2.51184832761627e+01
   1.51891783000000e+08   1.62071410159115e-06   2.50144012070648e+01
   1.52291786000000e+08   1.98596808331786e-06   2.50784517111300e+01
   1.52691788000000e+08   1.73651483237336e-06   2.49503507029835e+01
   1.53091791000000e+08   1.80764277502021e-06   2.49903822680362e+01
   1.53491794000000e+08   1.96622318071604e-06   2.50984674936472e+01
   1.53891796000000e+08   1.79790367837995e-06   2.49743696420159e+01
   1.54291799000000e+08   2.15237696465920e-06   2.49863791115312e+01
   1.54691801000000e+08   1.93752930499613e-06   2.50344169895869e+01
   1.55091804000000e+08   1.96877795133332e-06   2.51024706501504e+01
   1.55491806000000e+08   2.14651140595379e-06   2.50184043635693e+01
   1.55891809000000e+08   1.85494252491480e-06   2.50464264590994e+01
   1.56291812000000e+08   2.27129771701584e-06   2.51184832761627e+01
   1.56691814000000e+08   2.08657638722798e-06   2.50664422416190e+01
   1.57091817000000e+08   2.13714702113066e-06   2.49383412334665e+01
   1.57491819000000e+08   2.17251795220363e-06   2.50624390851152e+01
   1.57891822000000e+08   2.01525244847289e-06   2.51184832761627e+01
   1.58291825000000e+08   2.37233484767785e-06   2.50584359286114e+01
   1.93314538000000e+08   1.54750421643257e-04   2.50144012070648e+01
   1.93714540000000e+08   2.15799627767410e-06   2.49943854245411e+01
   1.94114543000000e+08   2.58204408964957e-06   2.50424233025953e+01
   1.94514546000000e+08   2.04789148483542e-06   2.49463475464779e+01
   1.94914548000000e+08   2.52408835876849e-06   2.49783727985210e+01
   1.95314551000000e+08   2.29397278417309e-06   2.50784517111300e+01
   1.95714553000000e+08   1.99751593754627e-06   2.50264106765782e+01
   1.96114556000000e+08   2.30544992518844e-06   2.50624390851152e+01
   1.96514559000000e+08   1.92404286281089e-06   2.49743696420159e+01
   1.96914561000000e+08   2.17598380913842e-06   2.50464264590994e+01
   1.97314564000000e+08   2.05490596272284e-06   2.50544327721075e+01
   1.97714566000000e+08   1.71014642091905e-06   2.51104769631567e+01
   1.98114569000000e+08   1.85950102604693e-06   2.50063948940555e+01
   1.98514571000000e+08   1.31051240259694e-06   2.50264106765782e+01
   1.98914574000000e+08   1.56732210143673e-06   2.49823759550261e+01
   1.99314577000000e+08   1.60331774168299e-06   2.49863791115312e+01
   1.99714579000000e+08   1.22627272958198e-06   2.49303349204548e+01
   2.00114582000000e+08   1.46563058933680e-06   2.49943854245411e+01
   2.00514584000000e+08   9.41108737606555e-07   2.49703664855106e+01
   2.00914587000000e+08   1.42007991144055e-06   2.50103980505602e+01
   2.01314590000000e+08   1.20556330784893e-06   2.49743696420159e+01
   2.01714592000000e+08   1.13569092263788e-06   2.49703664855106e+01
   2.02114595000000e+08   1.66026825354493e-06   2.50824548676336e+01
   2.02514597000000e+08   1.37085589813069e-06   2.50144012070648e+01
   2.02914600000000e+08   1.57749514073657e-06   2.49983885810460e+01
