   4.00003000000000e+05   1.90283253687085e-06   2.50904611806405e+01
   8.00006000000000e+05   1.85095132110291e-06   2.49743696420159e+01
   1.20000800000000e+06   1.87832040410285e-06   2.49823759550261e+01
   1.60001100000000e+06   1.66597919815104e-06   2.49943854245411e+01
   2.00001300000000e+06   1.89822037555132e-06   2.49943854245411e+01
   2.40001600000000e+06   1.79709036274289e-06   2.50544327721075e+01
   2.80001900000000e+06   2.36055552704784e-06   2.50103980505602e+01
   3.20002100000000e+06   2.05805417863303e-06   2.50864580241371e+01
   3.60002400000000e+06   2.19767071030219e-06   2.50103980505602e+01
   4.00002600000000e+06   2.23398092202842e-06   2.50023917375508e+01
   4.40002900000000e+06   2.18110631067248e-06   2.50384201460911e+01
   4.80003100000000e+06   2.43539398070425e-06   2.50184043635693e+01
   5.20003400000000e+06   2.22952985495795e-06   2.51144801196597e+01
   5.60003700000000e+06   2.40394729189575e-06   2.51825337802020e+01
   6.00003900000000e+06   2.37479548559349e-06   2.52345748147222e+01
   6.40004200000000e+06   1.96193991541804e-06   2.50824548676336e+01
   6.80004400000000e+06   1.77517426891427e-06   2.50984674936472e+01
   7.20004700000000e+06   1.58610839662288e-06   2.51264895891685e+01
   7.60005000000000e+06   1.66889537922543e-06   2.51505085281844e+01
   8.00005200000000e+06   1.65700032539462e-06   2.50984674936472e+01
   8.40005500000000e+06   1.40561371608783e-06   2.50864580241371e+01
   8.80005700000000e+06   1.52319182689098e-06   2.51024706501504e+01
   9.20006000000000e+06   1.24348923691286e-06   2.50424233025953e+01
   9.60006300000000e+06   1.40508643653448e-06   2.50224075200738e+01
   4.20956910000000e+07  -2.07774946466088e-03   2.50184043635693e+01
   4.24956930000000e+07   1.05059064026136e-06   2.50824548676336e+01
   4.28956960000000e+07   2.85846113001753e-06   2.50424233025953e+01
   4.32956980000000e+07   1.50885603034112e-06   2.51104769631567e+01
   4.36957010000000e+07   1.18886782729533e-06   2.51024706501504e+01
   4.40957040000000e+07   2.24201517085021e-06   2.50944643371439e+01
   4.44957060000000e+07   9.62860099207319e-07   2.50344169895869e+01
   4.48957090000000e+07   2.75668458016298e-06   2.51384990586767e+01
   4.52957110000000e+07   1.32493494220398e-06   2.50344169895869e+01
   4.56957140000000e+07   1.44874445595633e-06   2.51224864326656e+01
   4.60957170000000e+07   2.22680182559998e-06   2.49543538594890e+01
   4.64957190000000e+07   8.30306646548706e-07   2.49743696420159e+01
   4.68957220000000e+07   2.66326878772816e-06   2.50624390851152e+01
   4.72957240000000e+07   1.30755950067396e-06   2.50784517111300e+01
   4.76957270000000e+07   1.35022389713413e-06   2.50744485546264e+01
   4.80957290000000e+07   1.86880345154350e-06   2.50464264590994e+01
   4.84957320000000e+07   1.30290720790072e-06   2.51024706501504e+01
   4.88957350000000e+07   3.15195302391658e-06   2.49423443899722e+01
   4.92957370000000e+07   1.59757519213599e-06   2.49983885810460e+01
   4.96957400000000e+07   1.90021034995880e-06   2.50584359286114e+01
   5.00957420000000e+07   2.45977525992203e-06   2.49263317639489e+01
   5.04957450000000e+07   1.12687553155411e-06   2.49943854245411e+01
   5.08957480000000e+07   2.19494677367038e-06   2.51024706501504e+01
   5.12957500000000e+07   9.54711367739947e-07   2.49023128249120e+01
   5.16957530000000e+07   1.24484199659491e-06   2.49703664855106e+01
   9.53958700000000e+07   4.65819984674454e-03   2.50103980505602e+01
   9.57958720000000e+07   3.13568421006494e-06   2.50144012070648e+01
   9.61958750000000e+07   2.26076781473239e-06   2.50464264590994e+01
   9.65958770000000e+07   9.49976879383030e-07   2.50103980505602e+01
   9.69958800000000e+07   2.59702665061923e-06   2.50464264590994e+01
   9.73958830000000e+07   1.74693195731379e-06   2.50063948940555e+01
   9.77958850000000e+07   3.55254474015965e-06   2.50944643371439e+01
   9.81958880000000e+07   2.51133428719186e-06   2.50103980505602e+01
   9.85958900000000e+07   1.04521211596875e-06   2.50344169895869e+01
   9.89958930000000e+07   2.52337531492230e-06   2.50984674936472e+01
   9.93958960000000e+07   1.65398739682132e-06   2.50304138330826e+01
   9.97958980000000e+07   3.38362110596790e-06   2.50824548676336e+01
   1.00195901000000e+08   2.39954420067079e-06   2.50584359286114e+01
   1.00595903000000e+08   7.25032634818490e-07   2.51024706501504e+01
   1.00995906000000e+08   2.15778231904551e-06   2.50464264590994e+01
   1.01395909000000e+08   1.21629705063242e-06   2.51344959021740e+01
   1.01795911000000e+08   2.86189197140629e-06   2.50344169895869e+01
   1.02195914000000e+08   1.93619189303718e-06   2.50944643371439e+01
   1.02595916000000e+08   8.20986088001519e-07   2.50704453981228e+01
   1.02995919000000e+08   2.35274683291209e-06   2.50424233025953e+01
   1.03395921000000e+08   1.54881047365052e-06   2.50784517111300e+01
   1.03795924000000e+08   3.06116407955415e-06   2.51184832761627e+01
   1.04195927000000e+08   1.95934512703388e-06   2.50424233025953e+01
   1.04595929000000e+08   6.24004030669312e-07   2.50304138330826e+01
   1.04995932000000e+08   1.76230014403700e-06   2.50304138330826e+01
   1.48420778000000e+08  -4.25972463563085e-03   2.50624390851152e+01
   1.48820780000000e+08   1.90912260222831e-06   2.50184043635693e+01
   1.49220783000000e+08   2.16193143387500e-06   2.50224075200738e+01
   1.49620785000000e+08   2.86511658487143e-06   2.49863791115312e+01
   1.50020788000000e+08   1.30309899759595e-06   2.50264106765782e+01
   1.50420791000000e+08   2.84537554762210e-06   2.50063948940555e+01
   1.50820793000000e+08   1.52115580931422e-06   2.49783727985210e+01
   1.51220796000000e+08   1.53609653352760e-06   2.49783727985210e+01
   1.51620798000000e+08   2.30592308980704e-06   2.50264106765782e+01
   1.52020801000000e+08   8.47948967930279e-07   2.49263317639489e+01
   1.52420804000000e+08   2.29548277275171e-06   2.49263317639489e+01
   1.52820806000000e+08   9.87494672699540e-07   2.51064738066536e+01
   1.53220809000000e+08   1.14812894480565e-06   2.50704453981228e+01
   1.53620811000000e+08   1.87806608664687e-06   2.50424233025953e+01
   1.54020814000000e+08   4.56047615671196e-07   2.50224075200738e+01
   1.54420817000000e+08   1.90897890206543e-06   2.50264106765782e+01
   1.54820819000000e+08   8.07229923793784e-07   2.50784517111300e+01
   1.55220822000000e+08   9.18179750897252e-07   2.50824548676336e+01
   1.55620824000000e+08   1.45382784921821e-06   2.50504296156035e+01
   1.56020827000000e+08   2.39464611695439e-07   2.50224075200738e+01
   1.56420829000000e+08   2.12747477235098e-06   2.49983885810460e+01
   1.56820832000000e+08   1.33252456180344e-06   2.49743696420159e+01
   1.57220835000000e+08   1.61876096171909e-06   2.49423443899722e+01
   1.57620837000000e+08   2.15577824747015e-06   2.49223286074429e+01
   1.58020840000000e+08   1.01156774690025e-06   2.49943854245411e+01
   1.93021865000000e+08   2.39616259932518e-03   2.49623601725000e+01
   1.93421868000000e+08   2.32061233873537e-06   2.50264106765782e+01
   1.93821870000000e+08   2.21427399083041e-06   2.51304927456713e+01
   1.94221873000000e+08   2.04325920094561e-06   2.50344169895869e+01
   1.94621876000000e+08   2.67136510956334e-06   2.50023917375508e+01
   1.95021878000000e+08   1.87879413715564e-06   2.50944643371439e+01
   1.95421881000000e+08   1.80503411684185e-06   2.50464264590994e+01
   1.95821883000000e+08   1.79312439740897e-06   2.51184832761627e+01
   1.96221886000000e+08   1.64397840762831e-06   2.49983885810460e+01
   1.96621889000000e+08   2.54141286859522e-06   2.50264106765782e+01
   1.97021891000000e+08   1.78328139099904e-06   2.50704453981228e+01
   1.97421894000000e+08   1.80471818111982e-06   2.50224075200738e+01
   1.97821896000000e+08   1.76730043222051e-06   2.50984674936472e+01
   1.98221899000000e+08   1.58498698965559e-06   2.50984674936472e+01
   1.98621902000000e+08   2.19782646126987e-06   2.49903822680362e+01
   1.99021904000000e+08   1.43594741075503e-06   2.51024706501504e+01
   1.99421907000000e+08   1.36019991714420e-06   2.50384201460911e+01
   1.99821909000000e+08   1.45313993016316e-06   2.51384990586767e+01
   2.00221912000000e+08   1.25853227928019e-06   2.50144012070648e+01
   2.00621915000000e+08   1.97212239072542e-06   2.50544327721075e+01
   2.01021917000000e+08   1.11282008674607e-06   2.50784517111300e+01
   2.01421920000000e+08   1.32215018311399e-06   2.51024706501504e+01
   2.01821922000000e+08   1.09921370494703e-06   2.50584359286114e+01
   2.02221925000000e+08   1.17317006242956e-06   2.49983885810460e+01
   2.02621927000000e+08   1.72582349478034e-06   2.50824548676336e+01
