   4.00003000000000e+05   1.89600723388139e-06   2.50023917375508e+01
   8.00005000000000e+05   2.34338267546264e-06   2.49463475464779e+01
   1.20000800000000e+06   2.26956126425648e-06   2.49663633290053e+01
   1.60001100000000e+06   2.11936071536911e-06   2.50664422416190e+01
   2.00001300000000e+06   2.41955353885714e-06   2.50264106765782e+01
   2.40001600000000e+06   1.89513991699641e-06   2.50384201460911e+01
   2.80001800000000e+06   2.09430163522484e-06   2.49903822680362e+01
   3.20002100000000e+06   1.84748898846010e-06   2.50304138330826e+01
   3.60002300000000e+06   1.95821280613018e-06   2.49543538594890e+01
   4.00002600000000e+06   2.02244336833246e-06   2.50063948940555e+01
   4.40002900000000e+06   1.79864662186446e-06   2.50384201460911e+01
   4.80003100000000e+06   2.01073157768406e-06   2.49863791115312e+01
   5.20003400000000e+06   1.92597167369968e-06   2.49823759550261e+01
   5.60003600000000e+06   1.82089115696726e-06   2.50304138330826e+01
   6.00003900000000e+06   2.02771207113983e-06   2.50544327721075e+01
   6.40004200000000e+06   1.73535772773903e-06   2.50264106765782e+01
   6.80004400000000e+06   2.07322727874271e-06   2.49583570159945e+01
   7.20004700000000e+06   1.82011308424990e-06   2.49743696420159e+01
   7.60004900000000e+06   1.93493906408548e-06   2.49703664855106e+01
   8.00005200000000e+06   1.99959686142392e-06   2.49943854245411e+01
   8.40005500000000e+06   1.77889523911290e-06   2.50184043635693e+01
   8.80005700000000e+06   1.91227582035935e-06   2.50264106765782e+01
   9.20006000000000e+06   1.84433099548187e-06   2.51104769631567e+01
   9.60006200000000e+06   1.72871966697130e-06   2.49863791115312e+01
   4.21681310000000e+07   2.37347511574626e-03   2.49743696420159e+01
   4.25681340000000e+07   2.87873740489886e-06   2.50584359286114e+01
   4.29681360000000e+07   1.04807224943215e-06   2.50344169895869e+01
   4.33681390000000e+07   2.54185306403087e-06   2.50264106765782e+01
   4.37681420000000e+07   1.04291530078626e-06   2.50063948940555e+01
   4.41681440000000e+07   2.35810437843043e-09   2.49263317639489e+01
   4.45681470000000e+07   3.07170034830051e-06   2.49703664855106e+01
   4.49681490000000e+07   1.48885806083854e-06   2.50464264590994e+01
   4.53681520000000e+07   2.76874038718233e-06   2.50224075200738e+01
   4.57681550000000e+07   1.33360117615666e-06   2.50504296156035e+01
   4.61681570000000e+07   4.68658157615209e-07   2.50103980505602e+01
   4.65681600000000e+07   3.35120262207056e-06   2.49943854245411e+01
   4.69681620000000e+07   1.51158758399106e-06   2.50023917375508e+01
   4.73681650000000e+07   2.93819539365359e-06   2.50704453981228e+01
   4.77681670000000e+07   1.42095871069614e-06   2.50184043635693e+01
   4.81681700000000e+07   8.14115367120394e-07   2.50264106765782e+01
   4.85681730000000e+07   3.29012618749402e-06   2.49703664855106e+01
   4.89681750000000e+07   1.66461779826932e-06   2.50384201460911e+01
   4.93681780000000e+07   2.93149741992238e-06   2.50384201460911e+01
   4.97681800000000e+07   1.53599637542357e-06   2.50624390851152e+01
   5.01681830000000e+07   9.17428224056493e-07   2.50304138330826e+01
   5.05681860000000e+07   3.29501767737383e-06   2.50384201460911e+01
   5.09681880000000e+07   1.64477000907937e-06   2.50544327721075e+01
   5.13681910000000e+07   2.91729247692274e-06   2.50384201460911e+01
   5.17681930000000e+07   1.39830262924079e-06   2.50544327721075e+01
   9.53038350000000e+07  -4.25514951348305e-03   2.50063948940555e+01
   9.57038380000000e+07   3.59264709004492e-06   2.50144012070648e+01
   9.61038400000000e+07   1.83319241386926e-06   2.50904611806405e+01
   9.65038430000000e+07   6.18563944954076e-07   2.50984674936472e+01
   9.69038460000000e+07   1.29310944885219e-06   2.50504296156035e+01
   9.73038480000000e+07   2.95135100714106e-06   2.50184043635693e+01
   9.77038510000000e+07   3.84372833650559e-06   2.50304138330826e+01
   9.81038530000000e+07   2.02135197469033e-06   2.50063948940555e+01
   9.85038560000000e+07   2.61962185277298e-07   2.49623601725000e+01
   9.89038590000000e+07   6.35438254903420e-07   2.49863791115312e+01
   9.93038610000000e+07   2.31260673899669e-06   2.51024706501504e+01
   9.97038640000000e+07   2.95385302706563e-06   2.49743696420159e+01
   1.00103866000000e+08   1.27365444768657e-06   2.49903822680362e+01
   1.00503869000000e+08   1.10913418893688e-07   2.50624390851152e+01
   1.00903871000000e+08   8.99869291970390e-07   2.50384201460911e+01
   1.01303874000000e+08   2.38913844441413e-06   2.50464264590994e+01
   1.01703877000000e+08   2.79444930129102e-06   2.51184832761627e+01
   1.02103879000000e+08   1.19122171327035e-06   2.50103980505602e+01
   1.02503882000000e+08   5.65262155305390e-07   2.50624390851152e+01
   1.02903884000000e+08   1.37442066261428e-06   2.50664422416190e+01
   1.03303887000000e+08   2.72343913820805e-06   2.51304927456713e+01
   1.03703890000000e+08   3.08195171783154e-06   2.50184043635693e+01
   1.04103892000000e+08   1.59764613272273e-06   2.50824548676336e+01
   1.04503895000000e+08   7.85919894497056e-07   2.50144012070648e+01
   1.04903897000000e+08   1.56180010435492e-06   2.50824548676336e+01
   1.48528660000000e+08   4.65487502515316e-03   2.50784517111300e+01
   1.48928662000000e+08   2.17267779589747e-06   2.50144012070648e+01
   1.49328665000000e+08   8.99983092494949e-07   2.49383412334665e+01
   1.49728668000000e+08   2.98078566629556e-06   2.49543538594890e+01
   1.50128670000000e+08   1.74340652847604e-06   2.50384201460911e+01
   1.50528673000000e+08   1.76195192125306e-06   2.50664422416190e+01
   1.50928675000000e+08   2.58317822954268e-06   2.50264106765782e+01
   1.51328678000000e+08   1.40604083753715e-06   2.50344169895869e+01
   1.51728681000000e+08   3.35523850480968e-06   2.49543538594890e+01
   1.52128683000000e+08   2.18936361306987e-06   2.49303349204548e+01
   1.52528686000000e+08   1.78746086021420e-06   2.49703664855106e+01
   1.52928688000000e+08   2.47170237344108e-06   2.49823759550261e+01
   1.53328691000000e+08   1.44295745485579e-06   2.50584359286114e+01
   1.53728694000000e+08   3.19981359098165e-06   2.50384201460911e+01
   1.54128696000000e+08   1.98758766600804e-06   2.50264106765782e+01
   1.54528699000000e+08   1.42340991260426e-06   2.50063948940555e+01
   1.54928701000000e+08   2.03205058824096e-06   2.49823759550261e+01
   1.55328704000000e+08   1.01505997918139e-06   2.50464264590994e+01
   1.55728706000000e+08   2.69854194812069e-06   2.50424233025953e+01
   1.56128709000000e+08   1.63181334755791e-06   2.50184043635693e+01
   1.56528712000000e+08   1.48228957641550e-06   2.50464264590994e+01
   1.56928714000000e+08   2.10199664252286e-06   2.49863791115312e+01
   1.57328717000000e+08   1.20707602491166e-06   2.51465053716819e+01
   1.57728719000000e+08   2.86835802398855e-06   2.50384201460911e+01
   1.58128722000000e+08   1.63824802257295e-06   2.50504296156035e+01
   1.93181519000000e+08  -2.06682481803000e-03   2.49983885810460e+01
   1.93581522000000e+08   3.10714199258655e-06   2.49623601725000e+01
   1.93981524000000e+08   2.50528319156729e-06   2.50624390851152e+01
   1.94381527000000e+08   2.39435462390247e-06   2.49863791115312e+01
   1.94781530000000e+08   8.80749553289206e-07   2.50704453981228e+01
   1.95181532000000e+08   2.70206305685861e-06   2.50103980505602e+01
   1.95581535000000e+08   2.77671324511175e-06   2.50584359286114e+01
   1.95981537000000e+08   2.38670122598705e-06   2.51024706501504e+01
   1.96381540000000e+08   2.12186569115147e-06   2.50063948940555e+01
   1.96781543000000e+08   6.85010718370904e-07   2.49743696420159e+01
   1.97181545000000e+08   2.23789379560912e-06   2.51144801196597e+01
   1.97581548000000e+08   2.39924111156142e-06   2.50224075200738e+01
   1.97981550000000e+08   1.95888128473598e-06   2.51184832761627e+01
   1.98381553000000e+08   1.52205927861360e-06   2.50984674936472e+01
   1.98781556000000e+08   5.50548335809253e-08   2.49423443899722e+01
   1.99181558000000e+08   1.65901064974605e-06   2.49343380769607e+01
   1.99581561000000e+08   1.64125640367274e-06   2.49663633290053e+01
   1.99981563000000e+08   1.20119534585683e-06   2.49183254509368e+01
   2.00381566000000e+08   1.39973496970924e-06   2.49463475464779e+01
   2.00781569000000e+08   4.36808392123567e-07   2.49503507029835e+01
   2.01181571000000e+08   1.90158721125044e-06   2.50704453981228e+01
   2.01581574000000e+08   1.87752686997555e-06   2.50984674936472e+01
   2.01981576000000e+08   1.58887473844516e-06   2.51104769631567e+01
   2.02381579000000e+08   1.60746799338085e-06   2.49983885810460e+01
   2.02781582000000e+08   6.49148830689228e-07   2.50664422416190e+01
