   4.00002000000000e+05   2.20949686990934e-06   2.50103980505602e+01
   8.00005000000000e+05   2.39339715335518e-06   2.50624390851152e+01
   1.20000700000000e+06   2.18205650526215e-06   2.50304138330826e+01
   1.60001000000000e+06   2.36000664699532e-06   2.50864580241371e+01
   2.00001200000000e+06   2.30962905334309e-06   2.50424233025953e+01
   2.40001500000000e+06   2.25300777856319e-06   2.50624390851152e+01
   2.80001800000000e+06   2.30142154578061e-06   2.50824548676336e+01
   3.20002000000000e+06   2.31082503887592e-06   2.51625179976914e+01
   3.60002300000000e+06   2.30509749599150e-06   2.51064738066536e+01
   4.00002500000000e+06   2.33032938012911e-06   2.50864580241371e+01
   4.40002800000000e+06   2.15358409150213e-06   2.50944643371439e+01
   4.80003100000000e+06   2.48756782639248e-06   2.50264106765782e+01
   5.20003300000000e+06   2.20338029066625e-06   2.49783727985210e+01
   5.60003600000000e+06   2.26216366172594e-06   2.49743696420159e+01
   6.00003800000000e+06   2.05218998416967e-06   2.49543538594890e+01
   6.40004100000000e+06   1.80393612936314e-06   2.49983885810460e+01
   6.80004400000000e+06   1.99552027879690e-06   2.50224075200738e+01
   7.20004600000000e+06   1.80216966327862e-06   2.49663633290053e+01
   7.60004900000000e+06   1.86077033959009e-06   2.50344169895869e+01
   8.00005100000000e+06   2.16623743654054e-06   2.51024706501504e+01
   8.40005400000000e+06   1.92133416021534e-06   2.50384201460911e+01
   8.80005700000000e+06   2.21857294491201e-06   2.50544327721075e+01
   9.20005900000000e+06   2.03384161068243e-06   2.51304927456713e+01
   9.60006200000000e+06   2.05470564651478e-06   2.50704453981228e+01
   4.21991620000000e+07  -2.06784950569272e-03   2.50063948940555e+01
   4.25991640000000e+07  -5.55048791284207e-06   2.50384201460911e+01
   4.29991670000000e+07   8.32255955174332e-06   2.49903822680362e+01
   4.33991690000000e+07  -3.16660066346230e-06   2.49183254509368e+01
   4.37991720000000e+07   1.80194706445036e-06   2.50984674936472e+01
   4.41991750000000e+07   5.98601673118537e-06   2.50624390851152e+01
   4.45991770000000e+07  -4.97077826366876e-06   2.49583570159945e+01
   4.49991800000000e+07   7.96340373199200e-06   2.50103980505602e+01
   4.53991820000000e+07  -3.18087404593825e-06   2.50784517111300e+01
   4.57991850000000e+07   2.37126687352429e-06   2.50464264590994e+01
   4.61991880000000e+07   5.64532638236415e-06   2.49463475464779e+01
   4.65991900000000e+07  -4.51244932264672e-06   2.50184043635693e+01
   4.69991930000000e+07   7.98061864770716e-06   2.50544327721075e+01
   4.73991950000000e+07  -2.90205571218394e-06   2.50624390851152e+01
   4.77991980000000e+07   2.77766162071202e-06   2.50264106765782e+01
   4.81992010000000e+07   4.89645299239783e-06   2.50264106765782e+01
   4.85992030000000e+07  -4.17716864831164e-06   2.49583570159945e+01
   4.89992060000000e+07   7.61600040277699e-06   2.50704453981228e+01
   4.93992080000000e+07  -3.21708557748934e-06   2.50103980505602e+01
   4.97992110000000e+07   2.99514067592099e-06   2.50704453981228e+01
   5.01992140000000e+07   4.53440361525281e-06   2.49943854245411e+01
   5.05992160000000e+07  -3.41139752890740e-06   2.50504296156035e+01
   5.09992190000000e+07   7.38609469408402e-06   2.50224075200738e+01
   5.13992210000000e+07  -2.81343000096967e-06   2.50384201460911e+01
   5.17992240000000e+07   3.54273788616410e-06   2.50103980505602e+01
   9.57456580000000e+07   4.64357389137149e-03   2.50584359286114e+01
   9.61456600000000e+07  -2.65513307340370e-07   2.50264106765782e+01
   9.65456630000000e+07   2.90511616185540e-06   2.50384201460911e+01
   9.69456650000000e+07   1.54075416958221e-06   2.50224075200738e+01
   9.73456680000000e+07   1.64242953815119e-06   2.51104769631567e+01
   9.77456710000000e+07   3.50593154507806e-06   2.50784517111300e+01
   9.81456730000000e+07  -3.19575576668285e-07   2.51825337802020e+01
   9.85456760000000e+07   2.81141637969995e-06   2.49983885810460e+01
   9.89456780000000e+07   1.50249275066017e-06   2.50984674936472e+01
   9.93456810000000e+07   1.68634369401843e-06   2.50784517111300e+01
   9.97456840000000e+07   3.09508595819352e-06   2.49983885810460e+01
   1.00145686000000e+08  -3.64395617680202e-07   2.49983885810460e+01
   1.00545689000000e+08   2.41897191699536e-06   2.49543538594890e+01
   1.00945691000000e+08   1.19078197258204e-06   2.49623601725000e+01
   1.01345694000000e+08   1.38300754315424e-06   2.49143222944307e+01
   1.01745697000000e+08   2.62169191955763e-06   2.49583570159945e+01
   1.02145699000000e+08  -1.11202339780903e-07   2.50103980505602e+01
   1.02545702000000e+08   2.61371042142855e-06   2.50144012070648e+01
   1.02945704000000e+08   1.35429638703499e-06   2.50144012070648e+01
   1.03345707000000e+08   1.66891163644323e-06   2.49583570159945e+01
   1.03745710000000e+08   2.72213742391614e-06   2.49703664855106e+01
   1.04145712000000e+08  -5.84579362694626e-09   2.50784517111300e+01
   1.04545715000000e+08   2.58509089690051e-06   2.50384201460911e+01
   1.04945717000000e+08   1.21723496704362e-06   2.51104769631567e+01
   1.05345720000000e+08   1.78557854724204e-06   2.50784517111300e+01
   1.49168474000000e+08  -4.23122476786375e-03   2.50704453981228e+01
   1.49568476000000e+08   1.20976051221078e-06   2.50864580241371e+01
   1.49968479000000e+08   1.62458263730514e-06   2.50944643371439e+01
   1.50368482000000e+08   4.17099454352865e-06   2.50384201460911e+01
   1.50768484000000e+08   3.27380220710438e-08   2.50424233025953e+01
   1.51168487000000e+08   1.79126084276504e-06   2.50424233025953e+01
   1.51568489000000e+08   9.64576656770078e-07   2.50584359286114e+01
   1.51968492000000e+08   1.67406062701048e-06   2.49583570159945e+01
   1.52368495000000e+08   3.94886774301995e-06   2.50304138330826e+01
   1.52768497000000e+08  -2.87198016479806e-08   2.50944643371439e+01
   1.53168500000000e+08   1.77004972101713e-06   2.50344169895869e+01
   1.53568502000000e+08   1.09182758478710e-06   2.51104769631567e+01
   1.53968505000000e+08   1.71505803336913e-06   2.49983885810460e+01
   1.54368508000000e+08   3.64533116226085e-06   2.50904611806405e+01
   1.54768510000000e+08  -1.13125331324682e-07   2.50824548676336e+01
   1.55168513000000e+08   1.85962767318415e-06   2.50944643371439e+01
   1.55568515000000e+08   1.01505941074720e-06   2.50384201460911e+01
   1.55968518000000e+08   1.74374690686818e-06   2.51064738066536e+01
   1.56368521000000e+08   3.01774707622826e-06   2.49943854245411e+01
   1.56768523000000e+08  -3.49869111460066e-07   2.50704453981228e+01
   1.57168526000000e+08   1.50923494857125e-06   2.51024706501504e+01
   1.57568528000000e+08   8.93131925749913e-07   2.50984674936472e+01
   1.57968531000000e+08   1.85809869890363e-06   2.50704453981228e+01
   1.58368533000000e+08   3.24746156366018e-06   2.49983885810460e+01
   1.58768536000000e+08  -5.89437121334413e-08   2.50264106765782e+01
   1.93789412000000e+08   2.38223769702017e-03   2.50424233025953e+01
   1.94189414000000e+08   2.62798744188331e-06   2.50344169895869e+01
   1.94589417000000e+08   1.80581503173016e-06   2.50384201460911e+01
   1.94989420000000e+08   2.32240495279257e-06   2.50624390851152e+01
   1.95389422000000e+08   2.71602061729936e-06   2.50744485546264e+01
   1.95789425000000e+08   2.04573734663427e-06   2.49743696420159e+01
   1.96189427000000e+08   2.41738553086179e-06   2.49863791115312e+01
   1.96589430000000e+08   1.54366261995165e-06   2.49823759550261e+01
   1.96989433000000e+08   2.13032603824104e-06   2.49943854245411e+01
   1.97389435000000e+08   2.38409529629280e-06   2.49823759550261e+01
   1.97789438000000e+08   1.87480407021212e-06   2.50224075200738e+01
   1.98189440000000e+08   1.95372808775574e-06   2.50504296156035e+01
   1.98589443000000e+08   1.18932121040416e-06   2.49663633290053e+01
   1.98989446000000e+08   1.62958451710438e-06   2.50344169895869e+01
   1.99389448000000e+08   1.82548717475584e-06   2.50384201460911e+01
   1.99789451000000e+08   1.49118670833559e-06   2.50304138330826e+01
   2.00189453000000e+08   1.74926651652640e-06   2.50904611806405e+01
   2.00589456000000e+08   1.21606819902809e-06   2.50224075200738e+01
   2.00989459000000e+08   1.60352203693037e-06   2.50384201460911e+01
   2.01389461000000e+08   1.81849679847801e-06   2.50304138330826e+01
   2.01789464000000e+08   1.42618534937355e-06   2.50144012070648e+01
   2.02189466000000e+08   1.90802620636532e-06   2.50144012070648e+01
   2.02589469000000e+08   1.25126791772345e-06   2.50624390851152e+01
   2.02989472000000e+08   1.80838571850472e-06   2.50224075200738e+01
   2.03389474000000e+08   1.80548465777974e-06   2.49543538594890e+01
