   4.00003000000000e+05   1.63132858688186e-06   2.50063948940555e+01
   8.00006000000000e+05   2.08375763577351e-06   2.51024706501504e+01
   1.20000800000000e+06   1.50293760725617e-06   2.50464264590994e+01
   1.60001100000000e+06   1.79313803982950e-06   2.50704453981228e+01
   2.00001300000000e+06   1.78631000835594e-06   2.49263317639489e+01
   2.40001600000000e+06   1.56165276621323e-06   2.51144801196597e+01
   2.80001900000000e+06   2.09000722861674e-06   2.50864580241371e+01
   3.20002100000000e+06   1.56034889187140e-06   2.49823759550261e+01
   3.60002400000000e+06   1.91563731277711e-06   2.50103980505602e+01
   4.00002600000000e+06   1.91540675587021e-06   2.49783727985210e+01
   4.40002900000000e+06   1.56780834004167e-06   2.50584359286114e+01
   4.80003200000000e+06   1.56498208525591e-06   2.50664422416190e+01
   5.20003400000000e+06   8.69049642915343e-07   2.49183254509368e+01
   5.60003700000000e+06   1.27042744679784e-06   2.49583570159945e+01
   6.00003900000000e+06   1.11140491299011e-06   2.49863791115312e+01
   6.40004200000000e+06   8.70063843194657e-07   2.50144012070648e+01
   6.80004500000000e+06   1.94663584807131e-06   2.49463475464779e+01
   7.20004700000000e+06   1.58146156081784e-06   2.49343380769607e+01
   7.60005000000000e+06   1.94235258277331e-06   2.50184043635693e+01
   8.00005200000000e+06   1.91777644431568e-06   2.49663633290053e+01
   8.40005500000000e+06   1.62830554018001e-06   2.49583570159945e+01
   8.80005800000000e+06   2.09489053304424e-06   2.50184043635693e+01
   9.20006000000000e+06   1.37774543418345e-06   2.50144012070648e+01
   9.60006300000000e+06   1.89220065749396e-06   2.50544327721075e+01
   4.22050170000000e+07   2.36988719552755e-03   2.51024706501504e+01
   4.26050200000000e+07   2.71240173788101e-06   2.50864580241371e+01
   4.30050220000000e+07   1.45096339565498e-06   2.49823759550261e+01
   4.34050250000000e+07   3.08944390781107e-06   2.50184043635693e+01
   4.38050280000000e+07   3.50802764614855e-07   2.49703664855106e+01
   4.42050300000000e+07   2.42643659476016e-06   2.50023917375508e+01
   4.46050330000000e+07   2.65317294179113e-06   2.50144012070648e+01
   4.50050350000000e+07   1.76314551936230e-06   2.49663633290053e+01
   4.54050380000000e+07   3.13446230393311e-06   2.49183254509368e+01
   4.58050410000000e+07   7.68985557897395e-07   2.49343380769607e+01
   4.62050430000000e+07   2.76568653134746e-06   2.50384201460911e+01
   4.66050460000000e+07   2.82435735243780e-06   2.49263317639489e+01
   4.70050480000000e+07   1.59370506480627e-06   2.49943854245411e+01
   4.74050510000000e+07   2.95324912258366e-06   2.49863791115312e+01
   4.78050540000000e+07   7.30457884401403e-07   2.50023917375508e+01
   4.82050560000000e+07   2.66528081738215e-06   2.50264106765782e+01
   4.86050590000000e+07   2.43065755967109e-06   2.50664422416190e+01
   4.90050610000000e+07   9.70499854702211e-07   2.50624390851152e+01
   4.94050640000000e+07   2.22913035941019e-06   2.50344169895869e+01
   4.98050670000000e+07   1.89935001060348e-08   2.50864580241371e+01
   5.02050690000000e+07   2.08619417207956e-06   2.50544327721075e+01
   5.06050720000000e+07   1.92387688002782e-06   2.50384201460911e+01
   5.10050740000000e+07   1.04526714039821e-06   2.49143222944307e+01
   5.14050770000000e+07   2.28990461437206e-06   2.49983885810460e+01
   5.18050800000000e+07   2.82233600046311e-07   2.50304138330826e+01
   9.53538080000000e+07  -4.23794938251376e-03   2.50704453981228e+01
   9.57538110000000e+07   1.00812314940413e-06   2.50944643371439e+01
   9.61538130000000e+07   2.10552389035001e-06   2.50264106765782e+01
   9.65538160000000e+07   1.64762741405866e-06   2.51384990586767e+01
   9.69538180000000e+07   4.10311167797772e-06   2.49743696420159e+01
   9.73538210000000e+07   2.82483915725606e-06   2.50544327721075e+01
   9.77538240000000e+07   8.40116342715191e-07   2.50224075200738e+01
   9.81538260000000e+07   2.07978678190557e-06   2.50704453981228e+01
   9.85538290000000e+07   1.66458937655989e-06   2.50784517111300e+01
   9.89538310000000e+07   3.66380368177488e-06   2.51024706501504e+01
   9.93538340000000e+07   2.29518263950013e-06   2.50184043635693e+01
   9.97538370000000e+07   5.90712659231940e-07   2.50704453981228e+01
   1.00153839000000e+08   1.84740633812908e-06   2.50904611806405e+01
   1.00553842000000e+08   1.41815223742014e-06   2.50744485546264e+01
   1.00953844000000e+08   3.13148962050036e-06   2.51064738066536e+01
   1.01353847000000e+08   1.72858688074484e-06   2.51465053716819e+01
   1.01753849000000e+08   9.93762938605869e-08   2.50864580241371e+01
   1.02153852000000e+08   1.47361743074725e-06   2.50824548676336e+01
   1.02553855000000e+08   1.19547598842473e-06   2.50624390851152e+01
   1.02953857000000e+08   3.16613341055927e-06   2.50464264590994e+01
   1.03353860000000e+08   1.53325663632131e-06   2.50784517111300e+01
   1.03753862000000e+08   2.63319094528924e-07   2.50504296156035e+01
   1.04153865000000e+08   1.69585700859898e-06   2.49623601725000e+01
   1.04553868000000e+08   1.34014203467814e-06   2.50544327721075e+01
   1.04953870000000e+08   2.84508473669121e-06   2.49943854245411e+01
   1.48606495000000e+08   4.63092466816306e-03   2.50544327721075e+01
   1.49006497000000e+08   2.66678830485034e-06   2.51024706501504e+01
   1.49406500000000e+08   1.01207342595444e-06   2.51024706501504e+01
   1.49806503000000e+08   2.43378758568724e-06   2.50744485546264e+01
   1.50206505000000e+08   1.84574889772193e-06   2.50664422416190e+01
   1.50606508000000e+08   7.17038858510932e-07   2.50464264590994e+01
   1.51006510000000e+08   2.77987896879495e-06   2.50184043635693e+01
   1.51406513000000e+08   1.23586573863577e-06   2.50584359286114e+01
   1.51806515000000e+08   2.56211751548108e-06   2.50103980505602e+01
   1.52206518000000e+08   1.99756641450222e-06   2.50584359286114e+01
   1.52606521000000e+08   7.75499529481749e-07   2.50264106765782e+01
   1.53006523000000e+08   2.33871537602681e-06   2.49783727985210e+01
   1.53406526000000e+08   9.55388372858579e-07   2.49703664855106e+01
   1.53806528000000e+08   2.10509233511402e-06   2.50304138330826e+01
   1.54206531000000e+08   1.51668541548133e-06   2.50784517111300e+01
   1.54606534000000e+08   6.34310765690316e-07   2.50224075200738e+01
   1.55006536000000e+08   2.53081634582486e-06   2.50464264590994e+01
   1.55406539000000e+08   1.18318826025643e-06   2.49823759550261e+01
   1.55806541000000e+08   2.21024311031215e-06   2.50984674936472e+01
   1.56206544000000e+08   1.67737744050100e-06   2.50144012070648e+01
   1.56606547000000e+08   9.52587868141563e-07   2.50144012070648e+01
   1.57006549000000e+08   2.58919976658945e-06   2.50704453981228e+01
   1.57406552000000e+08   1.25420513086283e-06   2.50784517111300e+01
   1.57806554000000e+08   2.31449143939244e-06   2.49983885810460e+01
   1.58206557000000e+08   1.72569923506671e-06   2.50144012070648e+01
   1.93578534000000e+08  -2.05611158162355e-03   2.50224075200738e+01
   1.93978536000000e+08   2.03934405362816e-06   2.49903822680362e+01
   1.94378539000000e+08   2.28556518777623e-06   2.50744485546264e+01
   1.94778541000000e+08   1.07116875369684e-06   2.50304138330826e+01
   1.95178544000000e+08   3.42148905474460e-06   2.50544327721075e+01
   1.95578546000000e+08   9.57914721766429e-07   2.49463475464779e+01
   1.95978549000000e+08   2.34841922974738e-06   2.49583570159945e+01
   1.96378552000000e+08   2.45439514401369e-06   2.49543538594890e+01
   1.96778554000000e+08   1.21360346838628e-06   2.50424233025953e+01
   1.97178557000000e+08   3.25906830767053e-06   2.49903822680362e+01
   1.97578559000000e+08   8.95340633633168e-07   2.50184043635693e+01
   1.97978562000000e+08   2.30803357226250e-06   2.50063948940555e+01
   1.98378565000000e+08   2.25450503421598e-06   2.49903822680362e+01
   1.98778567000000e+08   1.18262551040971e-06   2.50784517111300e+01
   1.99178570000000e+08   3.02100283988693e-06   2.49503507029835e+01
   1.99578572000000e+08   8.70620567638980e-07   2.50063948940555e+01
   1.99978575000000e+08   2.19655180444533e-06   2.49863791115312e+01
   2.00378578000000e+08   2.12060626836319e-06   2.50103980505602e+01
   2.00778580000000e+08   1.27591238197056e-06   2.49143222944307e+01
   2.01178583000000e+08   3.16758814733475e-06   2.49823759550261e+01
   2.01578585000000e+08   1.02089404663275e-06   2.49903822680362e+01
   2.01978588000000e+08   2.43393242271850e-06   2.49903822680362e+01
   2.02378591000000e+08   2.16723515222839e-06   2.49583570159945e+01
   2.02778593000000e+08   1.52644861373119e-06   2.50224075200738e+01
   2.03178596000000e+08   3.03020601677417e-06   2.49903822680362e+01
