   4.00003000000000e+05   2.05125911634241e-06   2.51104769631567e+01
   8.00005000000000e+05   1.58633463342994e-06   2.50584359286114e+01
   1.20000800000000e+06   1.93630785361165e-06   2.50624390851152e+01
   1.60001100000000e+06   1.78849120402447e-06   2.50424233025953e+01
   2.00001300000000e+06   1.71286103523016e-06   2.49423443899722e+01
   2.40001600000000e+06   2.03178137780924e-06   2.51224864326656e+01
   2.80001800000000e+06   1.57793226662761e-06   2.50063948940555e+01
   3.20002100000000e+06   1.85522537776706e-06   2.50784517111300e+01
   3.60002400000000e+06   1.70313876424188e-06   2.50184043635693e+01
   4.00002600000000e+06   1.66251220434788e-06   2.49303349204548e+01
   4.40002900000000e+06   1.92823631550709e-06   2.50184043635693e+01
   4.80003100000000e+06   1.15894954433315e-06   2.50624390851152e+01
   5.20003400000000e+06   1.69447002917877e-06   2.50063948940555e+01
   5.60003600000000e+06   1.35638867959642e-06   2.49863791115312e+01
   6.00003900000000e+06   1.40483223276533e-06   2.50184043635693e+01
   6.40004200000000e+06   1.62433286732266e-06   2.50384201460911e+01
   6.80004400000000e+06   1.32946502162667e-06   2.49463475464779e+01
   7.20004700000000e+06   1.99175337911583e-06   2.49303349204548e+01
   7.60004900000000e+06   1.61425816713745e-06   2.49823759550261e+01
   8.00005200000000e+06   1.51712788465375e-06   2.49983885810460e+01
   8.40005500000000e+06   2.14357442018809e-06   2.50063948940555e+01
   8.80005700000000e+06   2.01548778022698e-06   2.50023917375508e+01
   9.20006000000000e+06   2.86191198028973e-06   2.49983885810460e+01
   9.60006200000000e+06   2.32461820814933e-06   2.49983885810460e+01
   4.22134920000000e+07  -2.09692423231900e-03   2.50224075200738e+01
   4.26134950000000e+07   1.68001508882298e-06   2.50544327721075e+01
   4.30134970000000e+07   1.98057341549429e-06   2.50824548676336e+01
   4.34135000000000e+07   1.88534897915815e-06   2.49663633290053e+01
   4.38135020000000e+07   1.71680869698321e-06   2.50103980505602e+01
   4.42135050000000e+07   1.30012006138713e-06   2.50023917375508e+01
   4.46135080000000e+07   1.77753588559426e-06   2.50144012070648e+01
   4.50135100000000e+07   1.83316535640188e-06   2.49903822680362e+01
   4.54135130000000e+07   1.63995059665467e-06   2.50344169895869e+01
   4.58135150000000e+07   1.73572561834590e-06   2.49503507029835e+01
   4.62135180000000e+07   1.24390942346508e-06   2.50464264590994e+01
   4.66135210000000e+07   1.48958724821568e-06   2.49543538594890e+01
   4.70135230000000e+07   1.92130801224266e-06   2.48983096684056e+01
   4.74135260000000e+07   1.73836815520190e-06   2.49263317639489e+01
   4.78135280000000e+07   1.77171159521095e-06   2.49863791115312e+01
   4.82135310000000e+07   1.23556003472913e-06   2.50224075200738e+01
   4.86135340000000e+07   1.64631023835682e-06   2.49903822680362e+01
   4.90135360000000e+07   2.26834117711405e-06   2.49663633290053e+01
   4.94135390000000e+07   2.04183993446350e-06   2.49983885810460e+01
   4.98135410000000e+07   2.07858806788863e-06   2.50063948940555e+01
   5.02135440000000e+07   1.61604316417652e-06   2.50504296156035e+01
   5.06135470000000e+07   1.86203112662042e-06   2.49863791115312e+01
   5.10135490000000e+07   2.42193891608622e-06   2.50544327721075e+01
   5.14135520000000e+07   2.32568891078699e-06   2.50544327721075e+01
   5.18135540000000e+07   2.36008804677112e-06   2.50824548676336e+01
   9.53035930000000e+07   4.69820015132427e-03   2.50464264590994e+01
   9.57035950000000e+07   1.06557615708880e-06   2.51264895891685e+01
   9.61035980000000e+07   1.66808513313299e-06   2.50704453981228e+01
   9.65036000000000e+07   2.02939327209606e-06   2.51064738066536e+01
   9.69036030000000e+07   6.92917467404186e-07   2.50464264590994e+01
   9.73036060000000e+07   9.41982023050514e-07   2.50264106765782e+01
   9.77036080000000e+07   8.13639530861110e-07   2.51264895891685e+01
   9.81036110000000e+07   1.43443037359248e-06   2.50023917375508e+01
   9.85036130000000e+07   2.21594177673978e-06   2.49903822680362e+01
   9.89036160000000e+07   1.86812997071684e-06   2.49783727985210e+01
   9.93036190000000e+07   2.09027075470658e-06   2.50063948940555e+01
   9.97036210000000e+07   2.00841509467864e-06   2.49223286074429e+01
   1.00103624000000e+08   2.52772633757559e-06   2.49943854245411e+01
   1.00503626000000e+08   2.99274915960268e-06   2.49503507029835e+01
   1.00903629000000e+08   1.74578451606067e-06   2.50144012070648e+01
   1.01303632000000e+08   1.82106725787889e-06   2.50544327721075e+01
   1.01703634000000e+08   1.66589336458856e-06   2.49183254509368e+01
   1.02103637000000e+08   2.14875399251468e-06   2.50304138330826e+01
   1.02503639000000e+08   2.82137580143171e-06   2.50424233025953e+01
   1.02903642000000e+08   2.12853979064676e-06   2.49823759550261e+01
   1.03303645000000e+08   2.20403740058828e-06   2.48782938858728e+01
   1.03703647000000e+08   2.06683989745216e-06   2.50144012070648e+01
   1.04103650000000e+08   2.40711551668937e-06   2.50063948940555e+01
   1.04503652000000e+08   3.05910316455993e-06   2.49903822680362e+01
   1.04903655000000e+08   2.00515501092013e-06   2.51264895891685e+01
   1.48250493000000e+08  -4.30974969640374e-03   2.49623601725000e+01
   1.48650496000000e+08   2.03191916625656e-06   2.49303349204548e+01
   1.49050499000000e+08   2.70467808149988e-06   2.50424233025953e+01
   1.49450501000000e+08   1.30992566482746e-06   2.50344169895869e+01
   1.49850504000000e+08   2.42658575189125e-06   2.51184832761627e+01
   1.50250506000000e+08   1.68476640283188e-06   2.51465053716819e+01
   1.50650509000000e+08   2.37783228840271e-06   2.50504296156035e+01
   1.51050512000000e+08   2.47344860326848e-06   2.50384201460911e+01
   1.51450514000000e+08   1.34336448809336e-06   2.49983885810460e+01
   1.51850517000000e+08   2.21913137465890e-06   2.51064738066536e+01
   1.52250519000000e+08   1.65449716860167e-06   2.50784517111300e+01
   1.52650522000000e+08   1.85748353942472e-06   2.50784517111300e+01
   1.53050525000000e+08   2.09306199394632e-06   2.49983885810460e+01
   1.53450527000000e+08   7.64179162615619e-07   2.50784517111300e+01
   1.53850530000000e+08   1.73499267930310e-06   2.49423443899722e+01
   1.54250532000000e+08   1.00996726359881e-06   2.50664422416190e+01
   1.54650535000000e+08   1.94594235836121e-06   2.49823759550261e+01
   1.55050538000000e+08   2.36681898968527e-06   2.49263317639489e+01
   1.55450540000000e+08   1.37691722557065e-06   2.49743696420159e+01
   1.55850543000000e+08   2.07306993615930e-06   2.50264106765782e+01
   1.56250545000000e+08   1.60025126660912e-06   2.50304138330826e+01
   1.56650548000000e+08   2.07350581149512e-06   2.50103980505602e+01
   1.57050550000000e+08   2.60825663644937e-06   2.49583570159945e+01
   1.57450553000000e+08   1.48929098031658e-06   2.50144012070648e+01
   1.57850556000000e+08   2.17922365663981e-06   2.50103980505602e+01
   1.92882785000000e+08   2.41574994288385e-03   2.50544327721075e+01
   1.93282788000000e+08   2.24723498831736e-06   2.50264106765782e+01
   1.93682790000000e+08   2.31203057410312e-06   2.50504296156035e+01
   1.94082793000000e+08   2.11386850423878e-06   2.49743696420159e+01
   1.94482795000000e+08   2.35584957408719e-06   2.50184043635693e+01
   1.94882798000000e+08   1.26483917028963e-06   2.49023128249120e+01
   1.95282801000000e+08   1.87050704880676e-06   2.49663633290053e+01
   1.95682803000000e+08   2.08170854421041e-06   2.50224075200738e+01
   1.96082806000000e+08   1.83477482096350e-06   2.50464264590994e+01
   1.96482808000000e+08   2.23086226469604e-06   2.50704453981228e+01
   1.96882811000000e+08   1.77620802332967e-06   2.49423443899722e+01
   1.97282814000000e+08   2.28794397116872e-06   2.50904611806405e+01
   1.97682816000000e+08   2.65665812548832e-06   2.50544327721075e+01
   1.98082819000000e+08   1.94332551473053e-06   2.49103191379245e+01
   1.98482821000000e+08   2.64080199485761e-06   2.50384201460911e+01
   1.98882824000000e+08   1.55081090724707e-06   2.50744485546264e+01
   1.99282827000000e+08   2.06751337827882e-06   2.49983885810460e+01
   1.99682829000000e+08   2.12917802855372e-06   2.50184043635693e+01
   2.00082832000000e+08   1.74417277776229e-06   2.50063948940555e+01
   2.00482834000000e+08   2.23785514208430e-06   2.50384201460911e+01
   2.00882837000000e+08   1.40282509164535e-06   2.49863791115312e+01
   2.01282839000000e+08   1.65783330885461e-06   2.49663633290053e+01
   2.01682842000000e+08   1.92455831893312e-06   2.49263317639489e+01
   2.02082845000000e+08   1.36518917770445e-06   2.49263317639489e+01
   2.02482847000000e+08   2.15514273804729e-06   2.50424233025953e+01
