   4.00002000000000e+05   1.71940405380155e-06   2.50063948940555e+01
   8.00005000000000e+05   1.90350135653716e-06   2.50023917375508e+01
   1.20000700000000e+06   1.86484487585403e-06   2.49063159814183e+01
   1.60001000000000e+06   1.94394237951201e-06   2.49903822680362e+01
   2.00001300000000e+06   1.81446091573889e-06   2.50224075200738e+01
   2.40001500000000e+06   2.03730701286986e-06   2.49863791115312e+01
   2.80001800000000e+06   2.17598130802799e-06   2.50864580241371e+01
   3.20002000000000e+06   1.92733455151028e-06   2.50344169895869e+01
   3.60002300000000e+06   2.10919188248226e-06   2.51625179976914e+01
   4.00002600000000e+06   2.05527135221928e-06   2.49983885810460e+01
   4.40002800000000e+06   1.95721418094763e-06   2.51344959021740e+01
   4.80003100000000e+06   1.84058046670543e-06   2.51104769631567e+01
   5.20003300000000e+06   1.81797884124535e-06   2.50384201460911e+01
   5.60003600000000e+06   2.02563114726217e-06   2.50744485546264e+01
   6.00003900000000e+06   1.81896916728874e-06   2.50704453981228e+01
   6.40004100000000e+06   1.61930347530870e-06   2.50664422416190e+01
   6.80004400000000e+06   1.79936887434451e-06   2.50864580241371e+01
   7.20004600000000e+06   1.62086348609591e-06   2.49383412334665e+01
   7.60004900000000e+06   1.72437091805477e-06   2.50504296156035e+01
   8.00005200000000e+06   1.60292893269798e-06   2.50264106765782e+01
   8.40005400000000e+06   2.09373956749914e-06   2.49703664855106e+01
   8.80005700000000e+06   1.96718269762641e-06   2.50103980505602e+01
   9.20006000000000e+06   2.00605472855386e-06   2.50384201460911e+01
   9.60006200000000e+06   1.99102464648604e-06   2.50344169895869e+01
   4.28922390000000e+07   2.36003729514778e-03   2.50744485546264e+01
   4.32922410000000e+07   1.79280345946609e-06   2.50144012070648e+01
   4.36922440000000e+07   2.65024677759129e-08   2.50504296156035e+01
   4.40922470000000e+07   3.07458230963675e-06   2.49823759550261e+01
   4.44922490000000e+07   8.17984073364642e-07   2.49423443899722e+01
   4.48922520000000e+07   3.64576681022299e-06   2.50264106765782e+01
   4.52922540000000e+07   1.85063481694669e-06   2.50744485546264e+01
   4.56922570000000e+07   4.63661223193412e-07   2.50224075200738e+01
   4.60922600000000e+07   3.43920646628249e-06   2.49743696420159e+01
   4.64922620000000e+07   8.23442519504169e-07   2.50304138330826e+01
   4.68922650000000e+07   3.41631516675989e-06   2.50063948940555e+01
   4.72922670000000e+07   1.51283609284292e-06   2.49663633290053e+01
   4.76922700000000e+07   6.61841966120846e-07   2.48742907293661e+01
   4.80922730000000e+07   3.40374003826582e-06   2.50184043635693e+01
   4.84922750000000e+07   1.11912936517911e-06   2.49623601725000e+01
   4.88922780000000e+07   3.79766788682900e-06   2.51705243106959e+01
   4.92922800000000e+07   1.55282577907201e-06   2.50184043635693e+01
   4.96922830000000e+07   1.10026837774058e-06   2.50344169895869e+01
   5.00922860000000e+07   3.62936862075003e-06   2.50184043635693e+01
   5.04922880000000e+07   1.10697931177128e-06   2.51104769631567e+01
   5.08922910000000e+07   3.59364139512763e-06   2.49983885810460e+01
   5.12922930000000e+07   1.27812143091433e-06   2.50544327721075e+01
   5.16922960000000e+07   1.37410563638696e-06   2.50704453981228e+01
   5.20922990000000e+07   3.51830794897978e-06   2.50344169895869e+01
   5.24923010000000e+07   1.04392756838934e-06   2.50584359286114e+01
   9.64211460000000e+07  -4.21752454712987e-03   2.49303349204548e+01
   9.68211480000000e+07   4.69386031909380e-06   2.50063948940555e+01
   9.72211510000000e+07   1.25813426166133e-06   2.50464264590994e+01
   9.76211540000000e+07   1.20754873478290e-06   2.50063948940555e+01
   9.80211560000000e+07   2.80299275345897e-07   2.50184043635693e+01
   9.84211590000000e+07   1.48960384649399e-06   2.49703664855106e+01
   9.88211610000000e+07   5.18734259458142e-06   2.49543538594890e+01
   9.92211640000000e+07   1.13066869289469e-06   2.49583570159945e+01
   9.96211670000000e+07   1.44077057484537e-06   2.50144012070648e+01
   1.00021169000000e+08   5.89214494084445e-07   2.50184043635693e+01
   1.00421172000000e+08   2.55509530688869e-06   2.49343380769607e+01
   1.00821174000000e+08   4.36090249422705e-06   2.49863791115312e+01
   1.01221177000000e+08   9.14583267785929e-07   2.49783727985210e+01
   1.01621180000000e+08   1.30178671042813e-06   2.50744485546264e+01
   1.02021182000000e+08   1.12057375645236e-06   2.49023128249120e+01
   1.02421185000000e+08   2.11389487958513e-06   2.49543538594890e+01
   1.02821187000000e+08   3.72176714336092e-06   2.49143222944307e+01
   1.03221190000000e+08   2.88322468122715e-07   2.49383412334665e+01
   1.03621193000000e+08   8.78677553828311e-07   2.49303349204548e+01
   1.04021195000000e+08   9.13767848942371e-07   2.50304138330826e+01
   1.04421198000000e+08   2.34740741689166e-06   2.49863791115312e+01
   1.04821200000000e+08   3.31821138388477e-06   2.49583570159945e+01
   1.05221203000000e+08  -3.25234282172460e-07   2.50063948940555e+01
   1.05621206000000e+08   1.00929503332736e-06   2.50504296156035e+01
   1.06021208000000e+08   1.16080457246426e-06   2.50224075200738e+01
   1.50207584000000e+08   4.62107453495264e-03   2.50384201460911e+01
   1.50607586000000e+08  -1.35074557761072e-07   2.50544327721075e+01
   1.51007589000000e+08   2.57687020166486e-06   2.49703664855106e+01
   1.51407592000000e+08   6.04056083375326e-07   2.50904611806405e+01
   1.51807594000000e+08   1.01549801456713e-06   2.50984674936472e+01
   1.52207597000000e+08   3.01048203255050e-06   2.50023917375508e+01
   1.52607599000000e+08  -6.13381132552604e-07   2.50984674936472e+01
   1.53007602000000e+08   3.23366953125515e-06   2.50904611806405e+01
   1.53407605000000e+08   5.91779098613188e-07   2.50264106765782e+01
   1.53807607000000e+08   1.36616495183262e-06   2.50904611806405e+01
   1.54207610000000e+08   2.75048546427570e-06   2.51425022151793e+01
   1.54607612000000e+08   3.86886483738635e-07   2.50464264590994e+01
   1.55007615000000e+08   3.25574478665658e-06   2.51344959021740e+01
   1.55407618000000e+08   5.46814078461466e-07   2.51104769631567e+01
   1.55807620000000e+08   1.80857500708953e-06   2.51024706501504e+01
   1.56207623000000e+08   3.15703732667316e-06   2.50904611806405e+01
   1.56607625000000e+08   2.96438543045952e-07   2.50384201460911e+01
   1.57007628000000e+08   3.32936747327039e-06   2.51304927456713e+01
   1.57407631000000e+08   6.70508654820878e-07   2.50504296156035e+01
   1.57807633000000e+08   2.42340729528223e-06   2.50184043635693e+01
   1.58207636000000e+08   2.67839027401351e-06   2.50304138330826e+01
   1.58607638000000e+08   7.89406215062627e-07   2.50944643371439e+01
   1.59007641000000e+08   3.50680943483894e-06   2.49903822680362e+01
   1.59407644000000e+08   1.04837170056271e-06   2.51224864326656e+01
   1.59807646000000e+08   2.56515500041132e-06   2.50344169895869e+01
   1.95382680000000e+08  -2.04241275787354e-03   2.50864580241371e+01
   1.95782683000000e+08   8.43365683067532e-07   2.50344169895869e+01
   1.96182686000000e+08   1.57824172219989e-06   2.50624390851152e+01
   1.96582688000000e+08   1.30359171635064e-06   2.49543538594890e+01
   1.96982691000000e+08   1.65310450483958e-06   2.50304138330826e+01
   1.97382693000000e+08   3.13624536829593e-06   2.49263317639489e+01
   1.97782696000000e+08   1.64361517818179e-06   2.50704453981228e+01
   1.98182699000000e+08   9.59075350692729e-07   2.50624390851152e+01
   1.98582701000000e+08   1.66040740623430e-06   2.50144012070648e+01
   1.98982704000000e+08   1.60426554884907e-06   2.50023917375508e+01
   1.99382706000000e+08   4.05789751312113e-06   2.49703664855106e+01
   1.99782709000000e+08   5.84460565278277e-07   2.50344169895869e+01
   2.00182712000000e+08   1.31104661704740e-06   2.49303349204548e+01
   2.00582714000000e+08   1.78176742338110e-06   2.50344169895869e+01
   2.00982717000000e+08   2.34022013501090e-06   2.50264106765782e+01
   2.01382720000000e+08   3.06738888866676e-06   2.50063948940555e+01
   2.01782722000000e+08   4.07173132543903e-07   2.50504296156035e+01
   2.02182725000000e+08   1.77635104137153e-06   2.51785306237000e+01
   2.02582727000000e+08   1.47317166465655e-06   2.50664422416190e+01
   2.02982730000000e+08   1.94519702745310e-06   2.50904611806405e+01
   2.03382733000000e+08   2.48479136644164e-06   2.50824548676336e+01
   2.03782735000000e+08   5.90280080814409e-07   2.50984674936472e+01
   2.04182738000000e+08   1.23480708680290e-06   2.51505085281844e+01
   2.04582740000000e+08   1.58654177084827e-06   2.51425022151793e+01
   2.04982743000000e+08   1.94040694623254e-06   2.51344959021740e+01
