   4.00003000000000e+05   1.02019987480162e-06   2.49703664855106e+01
   8.00005000000000e+05   1.33215144160204e-06   2.49343380769607e+01
   1.20000800000000e+06   1.35485458940821e-06   2.49743696420159e+01
   1.60001100000000e+06   1.41191264901863e-06   2.49503507029835e+01
   2.00001300000000e+06   1.90018295143091e-06   2.49783727985210e+01
   2.40001600000000e+06   1.39003839194629e-06   2.50704453981228e+01
   2.80001800000000e+06   1.76711773747229e-06   2.49823759550261e+01
   3.20002100000000e+06   1.84949055892503e-06   2.50304138330826e+01
   3.60002400000000e+06   2.18204809243616e-06   2.49103191379245e+01
   4.00002600000000e+06   2.50960511039011e-06   2.49463475464779e+01
   4.40002900000000e+06   2.16589501178532e-06   2.51144801196597e+01
   4.80003100000000e+06   2.45143542088044e-06   2.50944643371439e+01
   5.20003400000000e+06   2.43967883761798e-06   2.49303349204548e+01
   5.60003700000000e+06   2.32958836932085e-06   2.49343380769607e+01
   6.00003900000000e+06   2.81431994153536e-06   2.50624390851152e+01
   6.40004200000000e+06   2.25225176109234e-06   2.50584359286114e+01
   6.80004400000000e+06   2.69888960247044e-06   2.49823759550261e+01
   7.20004700000000e+06   2.38113238992810e-06   2.50344169895869e+01
   7.60005000000000e+06   2.33150194617338e-06   2.50063948940555e+01
   8.00005200000000e+06   2.57485999100027e-06   2.50304138330826e+01
   8.40005500000000e+06   2.13740509025229e-06   2.49823759550261e+01
   8.80005700000000e+06   2.56819794230978e-06   2.50784517111300e+01
   9.20006000000000e+06   2.06079630515887e-06   2.50544327721075e+01
   9.60006300000000e+06   1.51798326442076e-06   2.50344169895869e+01
   4.20954200000000e+07  -2.09198729135096e-03   2.49143222944307e+01
   4.24954220000000e+07   1.88846706805634e-06   2.51104769631567e+01
   4.28954250000000e+07   1.96724067791365e-06   2.50464264590994e+01
   4.32954280000000e+07   2.01545731215447e-06   2.50584359286114e+01
   4.36954300000000e+07   6.03600710746832e-07   2.50584359286114e+01
   4.40954330000000e+07   1.80777146852051e-06   2.48863001988861e+01
   4.44954350000000e+07   1.52249231177848e-06   2.49583570159945e+01
   4.48954380000000e+07   1.38443397190713e-06   2.50584359286114e+01
   4.52954400000000e+07   2.38312986766687e-06   2.50144012070648e+01
   4.56954430000000e+07   1.41257157793007e-06   2.50584359286114e+01
   4.60954460000000e+07   2.59326043305919e-06   2.50704453981228e+01
   4.64954480000000e+07   2.22755511458672e-06   2.50264106765782e+01
   4.68954510000000e+07   2.35135712500778e-06   2.50464264590994e+01
   4.72954530000000e+07   2.62231742453878e-06   2.51104769631567e+01
   4.76954560000000e+07   1.51365929923486e-06   2.51184832761627e+01
   4.80954590000000e+07   2.41753195950878e-06   2.49943854245411e+01
   4.84954610000000e+07   2.31025569519261e-06   2.50384201460911e+01
   4.88954640000000e+07   2.23399797505408e-06   2.50544327721075e+01
   4.92954660000000e+07   2.30942305279314e-06   2.50544327721075e+01
   4.96954690000000e+07   9.34796162255225e-07   2.49903822680362e+01
   5.00954720000000e+07   2.04920570467948e-06   2.50504296156035e+01
   5.04954740000000e+07   1.64134632996138e-06   2.50103980505602e+01
   5.08954770000000e+07   1.76827336417773e-06   2.49463475464779e+01
   5.12954790000000e+07   1.92896663975262e-06   2.49863791115312e+01
   5.16954820000000e+07   1.06167476587871e-06   2.49583570159945e+01
   9.56471450000000e+07   4.67167468741536e-03   2.50664422416190e+01
   9.60471470000000e+07   1.08311644453352e-06   2.50544327721075e+01
   9.64471500000000e+07   3.47081640938995e-06   2.50984674936472e+01
   9.68471530000000e+07   1.61297668910265e-06   2.49983885810460e+01
   9.72471550000000e+07   1.86012778158329e-06   2.49663633290053e+01
   9.76471580000000e+07   2.25841677092831e-06   2.50224075200738e+01
   9.80471600000000e+07   1.05494189028832e-06   2.49863791115312e+01
   9.84471630000000e+07   3.30513648805209e-06   2.50384201460911e+01
   9.88471660000000e+07   1.56585338118020e-06   2.50023917375508e+01
   9.92471680000000e+07   1.82388009761780e-06   2.50264106765782e+01
   9.96471710000000e+07   2.40968574871658e-06   2.50304138330826e+01
   1.00047173000000e+08   1.45881131174974e-06   2.49863791115312e+01
   1.00447176000000e+08   3.51428752765059e-06   2.51104769631567e+01
   1.00847179000000e+08   1.72066370396351e-06   2.50464264590994e+01
   1.01247181000000e+08   1.93277196558483e-06   2.50344169895869e+01
   1.01647184000000e+08   2.15705313166836e-06   2.50063948940555e+01
   1.02047186000000e+08   1.22692631521204e-06   2.51304927456713e+01
   1.02447189000000e+08   3.07668506138725e-06   2.50344169895869e+01
   1.02847192000000e+08   1.53052292262146e-06   2.50824548676336e+01
   1.03247194000000e+08   1.83231475148204e-06   2.51064738066536e+01
   1.03647197000000e+08   2.09279505725135e-06   2.51465053716819e+01
   1.04047199000000e+08   1.21941491215694e-06   2.50504296156035e+01
   1.04447202000000e+08   2.97995416076446e-06   2.50464264590994e+01
   1.04847204000000e+08   1.53062035224139e-06   2.50864580241371e+01
   1.05247207000000e+08   1.70136695487599e-06   2.50344169895869e+01
   1.49012797000000e+08  -4.28194971755147e-03   2.49183254509368e+01
   1.49412800000000e+08   4.37579501522123e-07   2.50023917375508e+01
   1.49812803000000e+08   3.30978627971490e-06   2.50224075200738e+01
   1.50212805000000e+08   1.69537861438585e-06   2.50063948940555e+01
   1.50612808000000e+08   2.79016262538789e-06   2.50424233025953e+01
   1.51012810000000e+08   1.21208643122372e-06   2.50384201460911e+01
   1.51412813000000e+08   8.91420427251433e-07   2.50344169895869e+01
   1.51812816000000e+08   3.59498994839669e-06   2.50744485546264e+01
   1.52212818000000e+08   2.15934778680094e-06   2.50464264590994e+01
   1.52612821000000e+08   3.18035972668440e-06   2.49743696420159e+01
   1.53012823000000e+08   1.70823091139027e-06   2.49703664855106e+01
   1.53412826000000e+08   9.49839431996224e-07   2.50744485546264e+01
   1.53812829000000e+08   3.47604918715660e-06   2.49903822680362e+01
   1.54212831000000e+08   2.04646335077996e-06   2.49823759550261e+01
   1.54612834000000e+08   3.00925125884532e-06   2.50504296156035e+01
   1.55012836000000e+08   1.56386590788316e-06   2.49943854245411e+01
   1.55412839000000e+08   5.41151564448228e-07   2.49663633290053e+01
   1.55812842000000e+08   2.76683863376093e-06   2.51024706501504e+01
   1.56212844000000e+08   1.35872585360630e-06   2.50023917375508e+01
   1.56612847000000e+08   2.30889577323978e-06   2.50144012070648e+01
   1.57012849000000e+08   1.08497215478565e-06   2.49823759550261e+01
   1.57412852000000e+08   8.44655801301997e-07   2.50384201460911e+01
   1.57812854000000e+08   3.13860800815746e-06   2.49903822680362e+01
   1.58212857000000e+08   1.91153117157228e-06   2.50984674936472e+01
   1.58612860000000e+08   2.77916365121200e-06   2.50304138330826e+01
   1.93801482000000e+08   2.39239959046245e-03   2.50304138330826e+01
   1.94201484000000e+08   1.29424836359249e-06   2.51224864326656e+01
   1.94601487000000e+08   3.27190264215460e-06   2.50384201460911e+01
   1.95001489000000e+08   5.06141589085018e-07   2.50744485546264e+01
   1.95401492000000e+08   2.14928036257334e-06   2.49903822680362e+01
   1.95801494000000e+08   3.49622564499441e-06   2.50464264590994e+01
   1.96201497000000e+08   1.55244424604462e-06   2.50864580241371e+01
   1.96601500000000e+08   3.61550269190047e-06   2.50424233025953e+01
   1.97001502000000e+08   6.90641172695905e-07   2.50063948940555e+01
   1.97401505000000e+08   1.93621940525190e-06   2.50784517111300e+01
   1.97801507000000e+08   3.19161244988209e-06   2.50904611806405e+01
   1.98201510000000e+08   1.14747945190175e-06   2.50344169895869e+01
   1.98601513000000e+08   3.23498693433066e-06   2.49783727985210e+01
   1.99001515000000e+08   3.50142727256753e-07   2.50304138330826e+01
   1.99401518000000e+08   2.07100606530730e-06   2.50784517111300e+01
   1.99801520000000e+08   3.07985510517028e-06   2.50184043635693e+01
   2.00201523000000e+08   1.23651318517659e-06   2.50624390851152e+01
   2.00601526000000e+08   3.18520528708177e-06   2.50624390851152e+01
   2.01001528000000e+08   5.91363630064734e-07   2.50904611806405e+01
   2.01401531000000e+08   1.91521530723548e-06   2.49823759550261e+01
   2.01801533000000e+08   2.93156585939869e-06   2.50224075200738e+01
   2.02201536000000e+08   1.26226427710208e-06   2.50023917375508e+01
   2.02601539000000e+08   3.09067968373711e-06   2.50224075200738e+01
   2.03001541000000e+08   5.87389479278499e-07   2.51104769631567e+01
   2.03401544000000e+08   1.80236747837625e-06   2.50464264590994e+01
