   4.00002000000000e+05   1.61409536758583e-06   2.49743696420159e+01
   8.00005000000000e+05   1.71304702689667e-06   2.49423443899722e+01
   1.20000700000000e+06   1.36851360821311e-06   2.49983885810460e+01
   1.60001000000000e+06   1.75637717347854e-06   2.50023917375508e+01
   2.00001300000000e+06   1.44765681397985e-06   2.50864580241371e+01
   2.40001500000000e+06   1.62472258580237e-06   2.51144801196597e+01
   2.80001800000000e+06   1.73418914073409e-06   2.50464264590994e+01
   3.20002000000000e+06   1.56110309035284e-06   2.50824548676336e+01
   3.60002300000000e+06   2.24024574890791e-06   2.50824548676336e+01
   4.00002600000000e+06   1.67361076819361e-06   2.50784517111300e+01
   4.40002800000000e+06   1.98517705030099e-06   2.50584359286114e+01
   4.80003100000000e+06   2.03023569156358e-06   2.51024706501504e+01
   5.20003300000000e+06   1.75608090557944e-06   2.51785306237000e+01
   5.60003600000000e+06   2.01228294827160e-06   2.51184832761627e+01
   6.00003800000000e+06   1.70759881257254e-06   2.51104769631567e+01
   6.40004100000000e+06   1.97558256331831e-06   2.50944643371439e+01
   6.80004400000000e+06   1.94900621863781e-06   2.50664422416190e+01
   7.20004600000000e+06   1.46013599078287e-06   2.50384201460911e+01
   7.60004900000000e+06   1.96538735508511e-06   2.50864580241371e+01
   8.00005100000000e+06   1.48162450841482e-06   2.49703664855106e+01
   8.40005400000000e+06   1.68058579674835e-06   2.50704453981228e+01
   8.80005700000000e+06   1.79744756678701e-06   2.49983885810460e+01
   9.20005900000000e+06   1.64978678185435e-06   2.50584359286114e+01
   9.60006200000000e+06   2.07540369956405e-06   2.50264106765782e+01
   4.20255970000000e+07   2.36856238916516e-03   2.50424233025953e+01
   4.24256000000000e+07   2.11165684049774e-06   2.50384201460911e+01
   4.28256030000000e+07   2.35170955420472e-06   2.49663633290053e+01
   4.32256050000000e+07   1.95766162391919e-07   2.50664422416190e+01
   4.36256080000000e+07   1.57145734647202e-06   2.50063948940555e+01
   4.40256100000000e+07   2.60981323663145e-06   2.49823759550261e+01
   4.44256130000000e+07   2.13236126000993e-06   2.49503507029835e+01
   4.48256160000000e+07   2.25524036068236e-06   2.49423443899722e+01
   4.52256180000000e+07   6.91952166675947e-08   2.49063159814183e+01
   4.56256210000000e+07   1.41374846407416e-06   2.49583570159945e+01
   4.60256230000000e+07   2.47381149165449e-06   2.49143222944307e+01
   4.64256260000000e+07   1.67064001743711e-06   2.49223286074429e+01
   4.68256280000000e+07   1.93249002222728e-06   2.50023917375508e+01
   4.72256310000000e+07  -1.05485703727481e-07   2.49143222944307e+01
   4.76256340000000e+07   1.64536197644338e-06   2.49823759550261e+01
   4.80256360000000e+07   2.27306827582652e-06   2.49743696420159e+01
   4.84256390000000e+07   1.54116946760041e-06   2.50344169895869e+01
   4.88256410000000e+07   1.83477766313445e-06   2.49943854245411e+01
   4.92256440000000e+07   4.12079714351421e-07   2.51024706501504e+01
   4.96256470000000e+07   2.00746717382572e-06   2.51024706501504e+01
   5.00256490000000e+07   2.64477102973615e-06   2.50144012070648e+01
   5.04256520000000e+07   1.73831904248800e-06   2.49823759550261e+01
   5.08256540000000e+07   2.08388246392133e-06   2.50544327721075e+01
   5.12256570000000e+07   3.47472735029442e-07   2.50784517111300e+01
   5.16256600000000e+07   1.97424742509611e-06   2.49983885810460e+01
   9.53989050000000e+07  -4.23159962520003e-03   2.49983885810460e+01
   9.57989070000000e+07   2.39164273807546e-06   2.50144012070648e+01
   9.61989100000000e+07   6.58692556498863e-07   2.50864580241371e+01
   9.65989130000000e+07   3.21632160193985e-06   2.50624390851152e+01
   9.69989150000000e+07  -3.82627973749550e-07   2.49503507029835e+01
   9.73989180000000e+07   2.80496942650643e-06   2.49303349204548e+01
   9.77989200000000e+07   2.47639172812342e-06   2.48782938858728e+01
   9.81989230000000e+07   7.91717639003764e-07   2.49303349204548e+01
   9.85989250000000e+07   3.40775773111091e-06   2.49863791115312e+01
   9.89989280000000e+07  -1.36140570816679e-07   2.49743696420159e+01
   9.93989310000000e+07   2.96746316053031e-06   2.49623601725000e+01
   9.97989330000000e+07   2.32269917432859e-06   2.49823759550261e+01
   1.00198936000000e+08   1.05718402210186e-06   2.49423443899722e+01
   1.00598938000000e+08   3.22142227560107e-06   2.49863791115312e+01
   1.00998941000000e+08   9.54553982523976e-08   2.49823759550261e+01
   1.01398944000000e+08   3.24217944580596e-06   2.49583570159945e+01
   1.01798946000000e+08   2.56119665209553e-06   2.49943854245411e+01
   1.02198949000000e+08   1.31748936382792e-06   2.51144801196597e+01
   1.02598951000000e+08   3.37235633196542e-06   2.50904611806405e+01
   1.02998954000000e+08   3.01734075947024e-07   2.50544327721075e+01
   1.03398957000000e+08   3.07628238260804e-06   2.50464264590994e+01
   1.03798959000000e+08   2.11355836654548e-06   2.49743696420159e+01
   1.04198962000000e+08   1.17877800676069e-06   2.50304138330826e+01
   1.04598964000000e+08   2.80603444480221e-06   2.50184043635693e+01
   1.04998967000000e+08   4.91437845084874e-07   2.50144012070648e+01
   1.48707943000000e+08   4.63252468034625e-03   2.49383412334665e+01
   1.49107946000000e+08   2.28730414164602e-06   2.50384201460911e+01
   1.49507948000000e+08   1.18805996862648e-06   2.49703664855106e+01
   1.49907951000000e+08   1.70195426107966e-06   2.49503507029835e+01
   1.50307954000000e+08   1.95956454263069e-06   2.50424233025953e+01
   1.50707956000000e+08   1.78334778411227e-06   2.49863791115312e+01
   1.51107959000000e+08   1.95518009604712e-06   2.50144012070648e+01
   1.51507961000000e+08   1.09247821455938e-06   2.50144012070648e+01
   1.51907964000000e+08   1.34321317091235e-06   2.50063948940555e+01
   1.52307967000000e+08   1.75538252733531e-06   2.50103980505602e+01
   1.52707969000000e+08   1.56729527134303e-06   2.49543538594890e+01
   1.53107972000000e+08   1.94432345779205e-06   2.50384201460911e+01
   1.53507974000000e+08   1.00522822776838e-06   2.49863791115312e+01
   1.53907977000000e+08   1.65465155532729e-06   2.50384201460911e+01
   1.54307980000000e+08   1.93995879271824e-06   2.50304138330826e+01
   1.54707982000000e+08   1.59434171109751e-06   2.50624390851152e+01
   1.55107985000000e+08   1.98489055946993e-06   2.50464264590994e+01
   1.55507987000000e+08   1.52685993271007e-06   2.50584359286114e+01
   1.55907990000000e+08   1.88080230145715e-06   2.49983885810460e+01
   1.56307992000000e+08   2.05437436306966e-06   2.49583570159945e+01
   1.56707995000000e+08   1.77982462901127e-06   2.49663633290053e+01
   1.57107998000000e+08   2.30768637266010e-06   2.50063948940555e+01
   1.57508000000000e+08   1.64410687375494e-06   2.49223286074429e+01
   1.57908003000000e+08   1.98557245312259e-06   2.50063948940555e+01
   1.58308005000000e+08   2.20107267523417e-06   2.50384201460911e+01
   1.93261129000000e+08  -2.05371202901006e-03   2.49983885810460e+01
   1.93661132000000e+08   6.38944527509011e-07   2.51425022151793e+01
   1.94061134000000e+08   1.09768052425352e-06   2.50504296156035e+01
   1.94461137000000e+08   1.61977345669584e-06   2.50624390851152e+01
   1.94861139000000e+08   3.31982573698042e-06   2.50464264590994e+01
   1.95261142000000e+08   2.43508975472650e-06   2.49903822680362e+01
   1.95661144000000e+08   5.04692252434324e-07   2.49743696420159e+01
   1.96061147000000e+08   1.43126578677766e-06   2.50304138330826e+01
   1.96461150000000e+08   1.96590895029658e-06   2.50624390851152e+01
   1.96861152000000e+08   3.24177381116897e-06   2.51144801196597e+01
   1.97261155000000e+08   2.22825019591255e-06   2.50264106765782e+01
   1.97661157000000e+08   9.01668897768104e-07   2.49903822680362e+01
   1.98061160000000e+08   1.68167468928004e-06   2.50544327721075e+01
   1.98461163000000e+08   2.08830169867724e-06   2.50504296156035e+01
   1.98861165000000e+08   3.27249199472135e-06   2.50144012070648e+01
   1.99261168000000e+08   2.38861071011343e-06   2.50103980505602e+01
   1.99661170000000e+08   8.71130907853512e-07   2.51104769631567e+01
   2.00061173000000e+08   2.02232877200004e-06   2.49943854245411e+01
   2.00461176000000e+08   2.46614649768162e-06   2.50224075200738e+01
   2.00861178000000e+08   3.34509513777448e-06   2.50704453981228e+01
   2.01261181000000e+08   1.47888977153343e-06   2.50464264590994e+01
   2.01661183000000e+08   5.33050979356631e-07   2.49903822680362e+01
   2.02061186000000e+08   1.68134658906638e-06   2.50184043635693e+01
   2.02461189000000e+08   1.74616047843301e-06   2.49943854245411e+01
   2.02861191000000e+08   2.63105198428093e-06   2.50023917375508e+01
