   4.00003000000000e+05   1.89152183338592e-06   2.49663633290053e+01
   8.00005000000000e+05   1.92092193174176e-06   2.49703664855106e+01
   1.20000800000000e+06   1.90665718946548e-06   2.50384201460911e+01
   1.60001100000000e+06   1.84045507012343e-06   2.49583570159945e+01
   2.00001300000000e+06   1.88867625183775e-06   2.49983885810460e+01
   2.40001600000000e+06   1.88146748314466e-06   2.49743696420159e+01
   2.80001800000000e+06   1.80411939254554e-06   2.50824548676336e+01
   3.20002100000000e+06   1.92206516658189e-06   2.50264106765782e+01
   3.60002300000000e+06   1.50352411765198e-06   2.49583570159945e+01
   4.00002600000000e+06   1.64940183822182e-06   2.50184043635693e+01
   4.40002900000000e+06   1.52381221596443e-06   2.50624390851152e+01
   4.80003100000000e+06   1.62754236043838e-06   2.50184043635693e+01
   5.20003400000000e+06   1.52011045884137e-06   2.49823759550261e+01
   5.60003600000000e+06   1.35563686853857e-06   2.49383412334665e+01
   6.00003900000000e+06   1.33570586058340e-06   2.50544327721075e+01
   6.40004200000000e+06   1.41070188419690e-06   2.50944643371439e+01
   6.80004400000000e+06   1.25385179217119e-06   2.50264106765782e+01
   7.20004700000000e+06   1.48846152114857e-06   2.50664422416190e+01
   7.60004900000000e+06   1.73653859292244e-06   2.49623601725000e+01
   8.00005200000000e+06   1.85197814062121e-06   2.50464264590994e+01
   8.40005500000000e+06   1.84923055712716e-06   2.51144801196597e+01
   8.80005700000000e+06   1.88513695320580e-06   2.50344169895869e+01
   9.20006000000000e+06   1.87579803423432e-06   2.50224075200738e+01
   9.60006200000000e+06   2.37149447457341e-06   2.50023917375508e+01
   4.22301110000000e+07  -2.09978735074401e-03   2.51064738066536e+01
   4.26301140000000e+07   2.67295013145485e-06   2.50224075200738e+01
   4.30301160000000e+07   2.54411133937538e-06   2.50264106765782e+01
   4.34301190000000e+07   6.89697856159910e-07   2.50744485546264e+01
   4.38301220000000e+07   1.41854411594977e-06   2.49983885810460e+01
   4.42301240000000e+07   1.63529932706297e-06   2.51024706501504e+01
   4.46301270000000e+07   2.27707323574577e-06   2.50144012070648e+01
   4.50301290000000e+07   2.13201724363898e-06   2.50864580241371e+01
   4.54301320000000e+07   4.89270576053968e-07   2.50464264590994e+01
   4.58301350000000e+07   7.45255704259762e-07   2.50384201460911e+01
   4.62301370000000e+07   8.11699464975391e-07   2.50424233025953e+01
   4.66301400000000e+07   1.33958792503108e-06   2.50944643371439e+01
   4.70301420000000e+07   1.66636391440989e-06   2.50664422416190e+01
   4.74301450000000e+07   9.58561031438876e-07   2.49943854245411e+01
   4.78301480000000e+07   1.59397450261167e-06   2.50023917375508e+01
   4.82301500000000e+07   1.58683747031318e-06   2.51024706501504e+01
   4.86301530000000e+07   2.43776685238117e-06   2.50824548676336e+01
   4.90301550000000e+07   2.73609953183040e-06   2.50504296156035e+01
   4.94301580000000e+07   1.65767539783701e-06   2.50344169895869e+01
   4.98301610000000e+07   2.06412096304120e-06   2.50504296156035e+01
   5.02301630000000e+07   2.00950375983666e-06   2.50864580241371e+01
   5.06301660000000e+07   2.64854952547466e-06   2.49383412334665e+01
   5.10301680000000e+07   3.19404443871463e-06   2.51344959021740e+01
   5.14301710000000e+07   1.56049145516590e-06   2.50584359286114e+01
   5.18301740000000e+07   1.27284590689669e-06   2.51064738066536e+01
   9.53703260000000e+07   4.70319995656610e-03   2.50424233025953e+01
   9.57703280000000e+07   3.31872570313863e-06   2.50904611806405e+01
   9.61703310000000e+07   1.99254282051697e-06   2.50344169895869e+01
   9.65703340000000e+07   2.18972172660870e-06   2.51465053716819e+01
   9.69703360000000e+07   2.01601119442785e-06   2.50504296156035e+01
   9.73703390000000e+07   1.97732538254058e-06   2.50464264590994e+01
   9.77703410000000e+07   2.70656846623751e-06   2.49863791115312e+01
   9.81703440000000e+07   1.49942468397057e-06   2.50224075200738e+01
   9.85703470000000e+07   1.54090025716869e-06   2.50424233025953e+01
   9.89703490000000e+07   1.48516335229942e-06   2.50664422416190e+01
   9.93703520000000e+07   1.45759156566783e-06   2.50023917375508e+01
   9.97703540000000e+07   2.46593981501064e-06   2.50744485546264e+01
   1.00170357000000e+08   1.26944109979377e-06   2.50744485546264e+01
   1.00570360000000e+08   1.43325735280087e-06   2.50544327721075e+01
   1.00970362000000e+08   1.24072641938255e-06   2.49343380769607e+01
   1.01370365000000e+08   1.17333388516272e-06   2.50144012070648e+01
   1.01770367000000e+08   2.01604257199506e-06   2.50144012070648e+01
   1.02170370000000e+08   1.11142207970261e-06   2.49383412334665e+01
   1.02570373000000e+08   1.18032846785354e-06   2.50864580241371e+01
   1.02970375000000e+08   1.11399424440606e-06   2.50984674936472e+01
   1.03370378000000e+08   1.05052208709822e-06   2.50584359286114e+01
   1.03770380000000e+08   2.17946194425167e-06   2.51505085281844e+01
   1.04170383000000e+08   1.43084741921484e-06   2.51465053716819e+01
   1.04570386000000e+08   1.53326334384474e-06   2.50904611806405e+01
   1.04970388000000e+08   1.31252613755350e-06   2.51745274671980e+01
   1.48356515000000e+08  -4.30064881220460e-03   2.50264106765782e+01
   1.48756517000000e+08   2.07387392947567e-06   2.50224075200738e+01
   1.49156520000000e+08   2.87013699562522e-06   2.50224075200738e+01
   1.49556522000000e+08   2.04039270101930e-06   2.49863791115312e+01
   1.49956525000000e+08   2.65876474259130e-06   2.49623601725000e+01
   1.50356528000000e+08   1.27554369555583e-06   2.50664422416190e+01
   1.50756530000000e+08   1.89720310572739e-06   2.49543538594890e+01
   1.51156533000000e+08   2.59554144577123e-06   2.49743696420159e+01
   1.51556535000000e+08   1.90809851119411e-06   2.49903822680362e+01
   1.51956538000000e+08   2.40446161114960e-06   2.50023917375508e+01
   1.52356541000000e+08   1.14320880584273e-06   2.49223286074429e+01
   1.52756543000000e+08   1.54064639446005e-06   2.49903822680362e+01
   1.53156546000000e+08   2.21663208321843e-06   2.49743696420159e+01
   1.53556548000000e+08   1.47964249208599e-06   2.49223286074429e+01
   1.53956551000000e+08   2.08635901799425e-06   2.49423443899722e+01
   1.54356554000000e+08   9.46758802911063e-07   2.49103191379245e+01
   1.54756556000000e+08   1.21652851703402e-06   2.50144012070648e+01
   1.55156559000000e+08   1.91501908375358e-06   2.50023917375508e+01
   1.55556561000000e+08   1.42761587085261e-06   2.50264106765782e+01
   1.55956564000000e+08   2.26358110921865e-06   2.50464264590994e+01
   1.56356567000000e+08   9.78125513029227e-07   2.49143222944307e+01
   1.56756569000000e+08   1.30121941310790e-06   2.50624390851152e+01
   1.57156572000000e+08   1.75089951426344e-06   2.50144012070648e+01
   1.57556574000000e+08   1.23808217722399e-06   2.49583570159945e+01
   1.57956577000000e+08   1.87026319053984e-06   2.48983096684056e+01
   1.92976809000000e+08   2.41765007376671e-03   2.51024706501504e+01
   1.93376811000000e+08   1.68408871559222e-06   2.50063948940555e+01
   1.93776814000000e+08   1.95128541236045e-06   2.50624390851152e+01
   1.94176817000000e+08   2.39281291669613e-07   2.49743696420159e+01
   1.94576819000000e+08   2.29891088565637e-06   2.49743696420159e+01
   1.94976822000000e+08   1.53219991716469e-06   2.49823759550261e+01
   1.95376824000000e+08   1.45295564379921e-06   2.50023917375508e+01
   1.95776827000000e+08   2.02151386474725e-06   2.49863791115312e+01
   1.96176830000000e+08   6.99097171263929e-08   2.49623601725000e+01
   1.96576832000000e+08   2.12901682061784e-06   2.50224075200738e+01
   1.96976835000000e+08   1.52258849084319e-06   2.49903822680362e+01
   1.97376837000000e+08   1.38960831463919e-06   2.49223286074429e+01
   1.97776840000000e+08   1.94040012502228e-06   2.51104769631567e+01
   1.98176843000000e+08   2.39778501054388e-07   2.50384201460911e+01
   1.98576845000000e+08   2.27589862333843e-06   2.50704453981228e+01
   1.98976848000000e+08   1.54696635945584e-06   2.50464264590994e+01
   1.99376850000000e+08   1.72190993907861e-06   2.50144012070648e+01
   1.99776853000000e+08   2.58130648944643e-06   2.50664422416190e+01
   2.00176856000000e+08   9.79372657639033e-07   2.51184832761627e+01
   2.00576858000000e+08   2.67088330474508e-06   2.50944643371439e+01
   2.00976861000000e+08   2.14725037039898e-06   2.50063948940555e+01
   2.01376863000000e+08   1.68945291534328e-06   2.50023917375508e+01
   2.01776866000000e+08   1.87210571311880e-06   2.50384201460911e+01
   2.02176869000000e+08   2.92872130103206e-07   2.50904611806405e+01
   2.02576871000000e+08   1.83965164524125e-06   2.49943854245411e+01
