   4.00002000000000e+05   2.48094579546887e-06   2.51224864326656e+01
   8.00005000000000e+05   1.64455980211642e-06   2.50824548676336e+01
   1.20000800000000e+06   1.95129723579157e-06   2.50784517111300e+01
   1.60001000000000e+06   1.75158936599473e-06   2.50824548676336e+01
   2.00001300000000e+06   1.77778201759793e-06   2.50664422416190e+01
   2.40001500000000e+06   2.03928129849373e-06   2.50624390851152e+01
   2.80001800000000e+06   1.36745279633033e-06   2.50023917375508e+01
   3.20002100000000e+06   1.96925998352526e-06   2.50344169895869e+01
   3.60002300000000e+06   1.89688319096604e-06   2.49983885810460e+01
   4.00002600000000e+06   1.24752807550976e-06   2.50264106765782e+01
   4.40002800000000e+06   2.00559520635579e-06   2.49503507029835e+01
   4.80003100000000e+06   1.28517945086060e-06   2.50184043635693e+01
   5.20003400000000e+06   1.96895302906341e-06   2.50344169895869e+01
   5.60003600000000e+06   1.20580148177396e-06   2.49863791115312e+01
   6.00003900000000e+06   1.33962964810053e-06   2.49743696420159e+01
   6.40004100000000e+06   1.96576911548618e-06   2.49823759550261e+01
   6.80004400000000e+06   1.03417323771282e-06   2.49503507029835e+01
   7.20004700000000e+06   1.81616871941515e-06   2.50704453981228e+01
   7.60004900000000e+06   1.64047344242135e-06   2.50384201460911e+01
   8.00005200000000e+06   2.13515204450232e-06   2.49463475464779e+01
   8.40005400000000e+06   1.67831808539631e-06   2.50144012070648e+01
   8.80005700000000e+06   1.58321438448183e-06   2.51545116846868e+01
   9.20006000000000e+06   2.16369767258584e-06   2.51384990586767e+01
   9.60006200000000e+06   2.04297862183012e-06   2.52105558757142e+01
   4.21900580000000e+07   1.58687820658088e-04   2.51505085281844e+01
   4.25900600000000e+07   1.90175239822565e-06   2.52065527192126e+01
   4.29900630000000e+07   1.60938748194894e-06   2.44579624523196e+01
   4.33900660000000e+07   1.55992950112704e-06   2.47942275992180e+01
   4.37900680000000e+07   1.81616815098096e-06   2.49743696420159e+01
   4.41900710000000e+07   1.62984326834703e-06   2.51144801196597e+01
   4.45900730000000e+07   1.66849110883049e-06   2.52786095362311e+01
   4.49900760000000e+07   1.36771575398598e-06   2.45260161130376e+01
   4.53900790000000e+07   1.99782493837120e-06   2.46260950258248e+01
   4.57900810000000e+07   1.59507521857449e-06   2.51585148411891e+01
   4.61900840000000e+07   1.71090789535810e-06   2.46140855562924e+01
   4.65900860000000e+07   1.86931481493957e-06   2.43058425047657e+01
   4.69900890000000e+07   1.84960106253129e-06   2.55067894566572e+01
   4.73900920000000e+07   1.73589569385513e-06   2.50504296156035e+01
   4.77900940000000e+07   1.91073172572942e-06   2.52065527192126e+01
   4.81900970000000e+07   1.96035284716345e-06   2.54747642046797e+01
   4.85900990000000e+07   2.04630782718596e-06   2.47622023471517e+01
   4.89901020000000e+07   1.62306344009266e-06   2.49303349204548e+01
   4.93901050000000e+07   2.12984627978585e-06   2.50664422416190e+01
   4.97901070000000e+07   2.04083085009188e-06   2.55348115521343e+01
   5.01901100000000e+07   1.93810114978987e-06   2.56789251859691e+01
   5.05901120000000e+07   1.97911003851914e-06   2.52225653452185e+01
   5.09901150000000e+07   1.99142482415482e-06   2.48182465382651e+01
   5.13901180000000e+07   2.25956432586827e-06   2.45820603042033e+01
   5.17901200000000e+07   1.86503439181251e-06   2.49783727985210e+01
   9.53195570000000e+07   1.78900168975815e-04   2.51384990586767e+01
   9.57195590000000e+07   1.81895529749454e-06   2.49743696420159e+01
   9.61195620000000e+07   2.13652924685448e-06   2.50624390851152e+01
   9.65195650000000e+07   1.97090707843017e-06   2.49823759550261e+01
   9.69195670000000e+07   1.91031062968250e-06   2.51665211541937e+01
   9.73195700000000e+07   2.01975490199402e-06   2.51384990586767e+01
   9.77195720000000e+07   2.02696492124232e-06   2.49783727985210e+01
   9.81195750000000e+07   2.08515871236159e-06   2.50704453981228e+01
   9.85195780000000e+07   2.02012688532704e-06   2.51865369367039e+01
   9.89195800000000e+07   2.03455306291289e-06   2.49823759550261e+01
   9.93195830000000e+07   1.99239616449631e-06   2.49823759550261e+01
   9.97195850000000e+07   1.68068913808384e-06   2.50384201460911e+01
   1.00119588000000e+08   2.04219168153941e-06   2.51024706501504e+01
   1.00519591000000e+08   1.64041466632625e-06   2.49623601725000e+01
   1.00919593000000e+08   2.02069077204214e-06   2.51184832761627e+01
   1.01319596000000e+08   1.84860653007490e-06   2.50384201460911e+01
   1.01719598000000e+08   1.68691099133866e-06   2.49863791115312e+01
   1.02119601000000e+08   1.81913105734566e-06   2.48102402252496e+01
   1.02519604000000e+08   1.75567424776091e-06   2.50103980505602e+01
   1.02919606000000e+08   1.83086490324058e-06   2.47341802515904e+01
   1.03319609000000e+08   1.73182570506469e-06   2.50464264590994e+01
   1.03719611000000e+08   1.62359992827987e-06   2.50184043635693e+01
   1.04119614000000e+08   1.94567496691889e-06   2.50304138330826e+01
   1.04519617000000e+08   1.62596290920192e-06   2.51384990586767e+01
   1.04919619000000e+08   1.76658568307175e-06   2.49663633290053e+01
   1.48241700000000e+08   2.16125219594687e-04   2.49583570159945e+01
   1.48641703000000e+08   9.33220917431754e-07   2.52225653452185e+01
   1.49041706000000e+08   2.56190446634719e-06   2.50384201460911e+01
   1.49441708000000e+08   2.18144054997538e-06   2.54387357962002e+01
   1.49841711000000e+08   2.24115888158849e-06   2.49703664855106e+01
   1.50241713000000e+08   1.42441786010750e-06   2.50584359286114e+01
   1.50641716000000e+08   2.53130815508484e-06   2.56228809950428e+01
   1.51041719000000e+08   2.11081578527228e-06   2.50664422416190e+01
   1.51441721000000e+08   1.57376018705691e-06   2.52265685017198e+01
   1.51841724000000e+08   1.55599855133914e-06   2.51184832761627e+01
   1.52241726000000e+08   2.04237426260079e-06   2.52625969102287e+01
   1.52641729000000e+08   1.79156268131919e-06   2.54227231702078e+01
   1.53041732000000e+08   1.17670833787997e-06   2.54507452656939e+01
   1.53441734000000e+08   2.17242495637038e-06   2.45740539911804e+01
   1.53841737000000e+08   1.78733512257168e-06   2.45580413651338e+01
   1.54241739000000e+08   1.87199179890740e-06   2.50944643371439e+01
   1.54641742000000e+08   1.41309351420205e-06   2.55268052391412e+01
   1.55041745000000e+08   2.27249051931722e-06   2.52866158492319e+01
   1.55441747000000e+08   1.79604410277534e-06   2.53226442577325e+01
   1.55841750000000e+08   1.63257948315731e-06   2.47822181296936e+01
   1.56241752000000e+08   1.66501604326186e-06   2.50424233025953e+01
   1.56641755000000e+08   2.22478661271452e-06   2.50904611806405e+01
   1.57041758000000e+08   1.49080426581349e-06   2.46421076518670e+01
   1.57441760000000e+08   1.75635148025322e-06   2.51304927456713e+01
   1.57841763000000e+08   1.50174025748129e-06   2.42738172526373e+01
   1.93146210000000e+08   1.51275220559910e-04   2.50864580241371e+01
   1.93546213000000e+08   2.03774447982141e-06   2.50144012070648e+01
   1.93946215000000e+08   2.42208875533834e-06   2.49903822680362e+01
   1.94346218000000e+08   1.01189311862981e-06   2.49783727985210e+01
   1.94746220000000e+08   1.92051538761007e-06   2.49743696420159e+01
   1.95146223000000e+08   2.12579675462621e-06   2.50864580241371e+01
   1.95546226000000e+08   1.71274723470560e-06   2.50264106765782e+01
   1.95946228000000e+08   1.16846626951883e-06   2.49423443899722e+01
   1.96346231000000e+08   1.85293174581602e-06   2.50063948940555e+01
   1.96746233000000e+08   2.27759801418870e-06   2.51224864326656e+01
   1.97146236000000e+08   1.06267475530331e-06   2.50144012070648e+01
   1.97546239000000e+08   1.65490678227798e-06   2.50824548676336e+01
   1.97946241000000e+08   2.41820748669852e-06   2.50184043635693e+01
   1.98346244000000e+08   1.66973006798798e-06   2.50944643371439e+01
   1.98746246000000e+08   1.54270480834384e-06   2.49983885810460e+01
   1.99146249000000e+08   1.81333246018767e-06   2.49223286074429e+01
   1.99546252000000e+08   2.17330853047315e-06   2.50184043635693e+01
   1.99946254000000e+08   1.61077332450077e-06   2.49463475464779e+01
   2.00346257000000e+08   1.13535452328506e-06   2.50464264590994e+01
   2.00746259000000e+08   2.47210164161515e-06   2.49543538594890e+01
   2.01146262000000e+08   1.61974071488658e-06   2.49863791115312e+01
   2.01546265000000e+08   1.63145421083755e-06   2.49223286074429e+01
   2.01946267000000e+08   1.59350486228504e-06   2.49383412334665e+01
   2.02346270000000e+08   2.19774756260449e-06   2.49943854245411e+01
   2.02746272000000e+08   1.84060490937554e-06   2.50063948940555e+01
