   4.00003000000000e+05   1.74616934600635e-06   2.52585937537280e+01
   8.00006000000000e+05   1.86677129931923e-06   2.50023917375508e+01
   1.20000800000000e+06   1.51890492361417e-06   2.49903822680362e+01
   1.60001100000000e+06   1.84390728463768e-06   2.53426600402306e+01
   2.00001300000000e+06   1.65215442393674e-06   2.52305716582210e+01
   2.40001600000000e+06   1.70756959505525e-06   2.50784517111300e+01
   2.80001900000000e+06   1.82891187705536e-06   2.50304138330826e+01
   3.20002100000000e+06   1.70173029800935e-06   2.50784517111300e+01
   3.60002400000000e+06   2.04903540179657e-06   2.49583570159945e+01
   4.00002600000000e+06   1.76637979620864e-06   2.50544327721075e+01
   4.40002900000000e+06   1.80137271854619e-06   2.52145590322157e+01
   4.80003200000000e+06   1.98572001863795e-06   2.51945432497076e+01
   5.20003400000000e+06   1.66659708611405e-06   2.47862212862018e+01
   5.60003700000000e+06   1.97635063159396e-06   2.48622812598455e+01
   6.00003900000000e+06   1.68767792274593e-06   2.49063159814183e+01
   6.40004200000000e+06   1.93280789062555e-06   2.51264895891685e+01
   6.80004500000000e+06   1.86190516160423e-06   2.46621234344184e+01
   7.20004700000000e+06   1.78612674517353e-06   2.53546695097288e+01
   7.60005000000000e+06   1.97772283172526e-06   2.51585148411891e+01
   8.00005200000000e+06   1.93379696611373e-06   2.52946221622325e+01
   8.40005500000000e+06   1.92009974853136e-06   2.49943854245411e+01
   8.80005800000000e+06   1.92324910130992e-06   2.49023128249120e+01
   9.20006000000000e+06   1.84784846624098e-06   2.49343380769607e+01
   9.60006300000000e+06   2.06212257580773e-06   2.49423443899722e+01
   4.23026660000000e+07   1.58625189214945e-04   2.50904611806405e+01
   4.27026690000000e+07   1.69683744388749e-06   2.50664422416190e+01
   4.31026710000000e+07   1.52434597566753e-06   2.49983885810460e+01
   4.35026740000000e+07   1.73959813309921e-06   2.49743696420159e+01
   4.39026770000000e+07   1.76090202330670e-06   2.51905400932058e+01
   4.43026790000000e+07   1.57130932620930e-06   2.49303349204548e+01
   4.47026820000000e+07   1.84980513040500e-06   2.53786884487234e+01
   4.51026840000000e+07   1.73182513663050e-06   2.51384990586767e+01
   4.55026870000000e+07   1.95838129002368e-06   2.49103191379245e+01
   4.59026900000000e+07   1.79281164491840e-06   2.49063159814183e+01
   4.63026920000000e+07   1.79746143658122e-06   2.53226442577325e+01
   4.67026950000000e+07   2.03749232241535e-06   2.49143222944307e+01
   4.71026970000000e+07   1.83651627594372e-06   2.49383412334665e+01
   4.75027000000000e+07   2.06288677873090e-06   2.50984674936472e+01
   4.79027030000000e+07   1.91798335436033e-06   2.45420287390862e+01
   4.83027050000000e+07   1.96156429410621e-06   2.50264106765782e+01
   4.87027080000000e+07   2.05994365387596e-06   2.47902244427099e+01
   4.91027100000000e+07   1.75916807165777e-06   2.49943854245411e+01
   4.95027130000000e+07   2.02461819753808e-06   2.50544327721075e+01
   4.99027160000000e+07   1.84122336577275e-06   2.50904611806405e+01
   5.03027180000000e+07   1.78145023710385e-06   2.49823759550261e+01
   5.07027210000000e+07   2.01794182430604e-06   2.49463475464779e+01
   5.11027230000000e+07   1.69765451119019e-06   2.50144012070648e+01
   5.15027260000000e+07   2.05644323614251e-06   2.50384201460911e+01
   5.19027290000000e+07   1.72208251569828e-06   2.51425022151793e+01
   9.56898920000000e+07   1.77150199306197e-04   2.52145590322157e+01
   9.60898950000000e+07   1.72010993537697e-06   2.50544327721075e+01
   9.64898970000000e+07   1.89040622444736e-06   2.51104769631567e+01
   9.68899000000000e+07   1.95337270270102e-06   2.49703664855106e+01
   9.72899020000000e+07   1.91446542885387e-06   2.48983096684056e+01
   9.76899050000000e+07   2.05017136067909e-06   2.51144801196597e+01
   9.80899080000000e+07   1.82542009952158e-06   2.50144012070648e+01
   9.84899100000000e+07   2.03163494916225e-06   2.48742907293661e+01
   9.88899130000000e+07   1.91622962120164e-06   2.51745274671980e+01
   9.92899150000000e+07   1.57441081682919e-06   2.49983885810460e+01
   9.96899180000000e+07   1.96541327568411e-06   2.50544327721075e+01
   1.00089921000000e+08   1.65057656431600e-06   2.50144012070648e+01
   1.00489923000000e+08   1.87438160992315e-06   2.49103191379245e+01
   1.00889926000000e+08   1.65233461757452e-06   2.49943854245411e+01
   1.01289929000000e+08   1.75798220425349e-06   2.50824548676336e+01
   1.01689931000000e+08   1.79314315573720e-06   2.51905400932058e+01
   1.02089934000000e+08   1.70758983131236e-06   2.51224864326656e+01
   1.02489936000000e+08   1.69255167747906e-06   2.51344959021740e+01
   1.02889939000000e+08   1.89004970252427e-06   2.49223286074429e+01
   1.03289942000000e+08   1.66539439305780e-06   2.51304927456713e+01
   1.03689944000000e+08   1.93145820048812e-06   2.49503507029835e+01
   1.04089947000000e+08   1.69597069543670e-06   2.48262528512803e+01
   1.04489949000000e+08   1.95434199667943e-06   2.52706032232300e+01
   1.04889952000000e+08   1.80977667696425e-06   2.50664422416190e+01
   1.05289955000000e+08   1.96971654986555e-06   2.47942275992180e+01
   1.49060173000000e+08   2.21825306653045e-04   2.50504296156035e+01
   1.49460176000000e+08   1.62755134169856e-06   2.49383412334665e+01
   1.49860178000000e+08   1.87914940852352e-06   2.49943854245411e+01
   1.50260181000000e+08   1.58028296937118e-06   2.49983885810460e+01
   1.50660184000000e+08   2.02579235519806e-06   2.49743696420159e+01
   1.51060186000000e+08   1.69976453889831e-06   2.50224075200738e+01
   1.51460189000000e+08   1.86467855201045e-06   2.50784517111300e+01
   1.51860192000000e+08   1.99513374354865e-06   2.49983885810460e+01
   1.52260194000000e+08   1.72834450040682e-06   2.49863791115312e+01
   1.52660197000000e+08   2.03377385332715e-06   2.50224075200738e+01
   1.53060199000000e+08   1.70995667758689e-06   2.50664422416190e+01
   1.53460202000000e+08   1.83771908268682e-06   2.50384201460911e+01
   1.53860205000000e+08   1.82285373284685e-06   2.50144012070648e+01
   1.54260207000000e+08   1.65213316449808e-06   2.49943854245411e+01
   1.54660210000000e+08   2.07050356948457e-06   2.49823759550261e+01
   1.55060212000000e+08   1.79087351170892e-06   2.50464264590994e+01
   1.55460215000000e+08   2.03849253921362e-06   2.50864580241371e+01
   1.55860218000000e+08   2.03460126613209e-06   2.50144012070648e+01
   1.56260220000000e+08   1.93282176041976e-06   2.49783727985210e+01
   1.56660223000000e+08   2.21095251617953e-06   2.50264106765782e+01
   1.57060225000000e+08   1.80060897037038e-06   2.50224075200738e+01
   1.57460228000000e+08   2.09635049941426e-06   2.50103980505602e+01
   1.57860231000000e+08   2.03006879928580e-06   2.49383412334665e+01
   1.58260233000000e+08   1.85959777354583e-06   2.50304138330826e+01
   1.58660236000000e+08   2.13105249713408e-06   2.49583570159945e+01
   1.93801246000000e+08   1.48062710650265e-04   2.48903033553927e+01
   1.94201249000000e+08   1.89552019946859e-06   2.50424233025953e+01
   1.94601252000000e+08   1.71543820215447e-06   2.50144012070648e+01
   1.95001254000000e+08   1.97323447537201e-06   2.50023917375508e+01
   1.95401257000000e+08   1.59554326728539e-06   2.51024706501504e+01
   1.95801259000000e+08   1.85875683200720e-06   2.51304927456713e+01
   1.96201262000000e+08   1.78516529558692e-06   2.50184043635693e+01
   1.96601265000000e+08   1.73071930475999e-06   2.51144801196597e+01
   1.97001267000000e+08   2.04980869966676e-06   2.51064738066536e+01
   1.97401270000000e+08   1.78340644652053e-06   2.50864580241371e+01
   1.97801272000000e+08   2.01388161258365e-06   2.51104769631567e+01
   1.98201275000000e+08   1.95137931768841e-06   2.50023917375508e+01
   1.98601278000000e+08   1.87055729838903e-06   2.50344169895869e+01
   1.99001280000000e+08   1.92988773051184e-06   2.51184832761627e+01
   1.99401283000000e+08   1.69084160006605e-06   2.50784517111300e+01
   1.99801285000000e+08   1.89355284874182e-06   2.50424233025953e+01
   2.00201288000000e+08   1.82559267614124e-06   2.50023917375508e+01
   2.00601291000000e+08   1.68556721291679e-06   2.50264106765782e+01
   2.01001293000000e+08   2.16544867726043e-06   2.49743696420159e+01
   2.01401296000000e+08   1.76820094566210e-06   2.49583570159945e+01
   2.01801298000000e+08   2.09022641683987e-06   2.49983885810460e+01
   2.02201301000000e+08   1.89106162906683e-06   2.49703664855106e+01
   2.02601304000000e+08   1.94571907741192e-06   2.49863791115312e+01
   2.03001306000000e+08   1.79668290911650e-06   2.50944643371439e+01
   2.03401309000000e+08   1.51503729739488e-06   2.49983885810460e+01
