   4.00003000000000e+05   1.98348993762920e-06   2.49503507029835e+01
   8.00006000000000e+05   1.89861464150454e-06   2.52225653452185e+01
   1.20000800000000e+06   1.94119775187573e-06   2.50184043635693e+01
   1.60001100000000e+06   1.71876160948159e-06   2.52866158492319e+01
   2.00001300000000e+06   1.94139715858910e-06   2.51344959021740e+01
   2.40001600000000e+06   1.81287475697900e-06   2.50304138330826e+01
   2.80001900000000e+06   1.85097530902567e-06   2.50984674936472e+01
   3.20002100000000e+06   1.96759697246307e-06   2.50904611806405e+01
   3.60002400000000e+06   1.92423340195091e-06   2.49943854245411e+01
   4.00002600000000e+06   1.98399493456236e-06   2.52265685017198e+01
   4.40002900000000e+06   1.93612277143984e-06   2.49503507029835e+01
   4.80003200000000e+06   1.92206721294497e-06   2.51144801196597e+01
   5.20003400000000e+06   1.86696888704319e-06   2.49063159814183e+01
   5.60003700000000e+06   1.85878866432176e-06   2.50184043635693e+01
   6.00003900000000e+06   1.90487094187120e-06   2.50584359286114e+01
   6.40004200000000e+06   1.82890448741091e-06   2.51825337802020e+01
   6.80004500000000e+06   1.84979069217661e-06   2.48542749468314e+01
   7.20004700000000e+06   1.90719651982363e-06   2.50864580241371e+01
   7.60005000000000e+06   1.86032832516503e-06   2.50784517111300e+01
   8.00005200000000e+06   1.84627810995153e-06   2.49103191379245e+01
   8.40005500000000e+06   1.84493626420590e-06   2.47782149731853e+01
   8.80005800000000e+06   1.83064764769370e-06   2.50184043635693e+01
   9.20006000000000e+06   1.76421815467620e-06   2.51304927456713e+01
   9.60006300000000e+06   1.58790146542742e-06   2.52305716582210e+01
   4.20610380000000e+07  -2.03370000235736e-03   2.50944643371439e+01
   4.24610410000000e+07   3.20582603308139e-06   2.47421865646082e+01
   4.28610430000000e+07   9.24599589779973e-07   2.48342591642952e+01
   4.32610460000000e+07   3.27147887446699e-07   2.48222496947727e+01
   4.36610490000000e+07   3.04488730762387e-06   2.51545116846868e+01
   4.40610510000000e+07   1.73242335677060e-06   2.49943854245411e+01
   4.44610540000000e+07   2.81621714748326e-06   2.49903822680362e+01
   4.48610560000000e+07   7.00841269463126e-07   2.48943065118992e+01
   4.52610590000000e+07   1.00530735380744e-06   2.49263317639489e+01
   4.56610620000000e+07   3.62478954230028e-06   2.51024706501504e+01
   4.60610640000000e+07   1.92343054550292e-06   2.49343380769607e+01
   4.64610670000000e+07   2.64176037489960e-06   2.49983885810460e+01
   4.68610690000000e+07   5.07051538534142e-07   2.48662844163524e+01
   4.72610720000000e+07   1.49718709963054e-06   2.49423443899722e+01
   4.76610750000000e+07   3.48372145708709e-06   2.49343380769607e+01
   4.80610770000000e+07   1.30759099192801e-06   2.51144801196597e+01
   4.84610800000000e+07   1.97769099941070e-06   2.50944643371439e+01
   4.88610820000000e+07   5.25753364399861e-07   2.48822970423795e+01
   4.92610850000000e+07   2.16788589568750e-06   2.48182465382651e+01
   4.96610880000000e+07   3.28572377839009e-06   2.49463475464779e+01
   5.00610900000000e+07   1.03435661458207e-06   2.50264106765782e+01
   5.04610930000000e+07   2.07323842005280e-06   2.50544327721075e+01
   5.08610950000000e+07   7.92906291735562e-07   2.50664422416190e+01
   5.12610980000000e+07   2.52318068305613e-06   2.50224075200738e+01
   5.16611010000000e+07   2.92308004645747e-06   2.51304927456713e+01
   9.50464200000000e+07   4.56305127590895e-03   2.50384201460911e+01
   9.54464230000000e+07   2.68054520802252e-07   2.49983885810460e+01
   9.58464250000000e+07   2.89725358015858e-06   2.49703664855106e+01
   9.62464280000000e+07   3.52756546817545e-06   2.49983885810460e+01
   9.66464300000000e+07   1.31372576106514e-06   2.48903033553927e+01
   9.70464330000000e+07   1.47676075812342e-06   2.49383412334665e+01
   9.74464360000000e+07   6.91447894496378e-07   2.49543538594890e+01
   9.78464380000000e+07   3.37424262397690e-06   2.50384201460911e+01
   9.82464410000000e+07   2.97880524158245e-06   2.50264106765782e+01
   9.86464430000000e+07   8.90925491603412e-07   2.50624390851152e+01
   9.90464460000000e+07   1.56992723532312e-06   2.49663633290053e+01
   9.94464490000000e+07   1.21328832847212e-06   2.49903822680362e+01
   9.98464510000000e+07   3.58265037903038e-06   2.49903822680362e+01
   1.00246454000000e+08   2.32061461247213e-06   2.50504296156035e+01
   1.00646457000000e+08   6.56234192319971e-07   2.50344169895869e+01
   1.01046459000000e+08   1.88448314020206e-06   2.51064738066536e+01
   1.01446462000000e+08   1.74905244421097e-06   2.50704453981228e+01
   1.01846464000000e+08   3.58250304088870e-06   2.51024706501504e+01
   1.02246467000000e+08   1.80623680989811e-06   2.50424233025953e+01
   1.02646470000000e+08   7.55327903334546e-07   2.49983885810460e+01
   1.03046472000000e+08   2.05487435778196e-06   2.50063948940555e+01
   1.03446475000000e+08   1.89029037755972e-06   2.50224075200738e+01
   1.03846477000000e+08   3.04489776681294e-06   2.49863791115312e+01
   1.04246480000000e+08   1.03817239960335e-06   2.50544327721075e+01
   1.04646483000000e+08   6.45853845071542e-07   2.49703664855106e+01
   1.48127044000000e+08  -4.16554929688573e-03   2.48342591642952e+01
   1.48527046000000e+08   8.88155682332581e-07   2.42497983135383e+01
   1.48927049000000e+08   2.19359139919106e-06   2.55348115521343e+01
   1.49327051000000e+08   1.88885019269946e-06   2.48943065118992e+01
   1.49727054000000e+08   2.48276501224609e-06   2.48582781033385e+01
   1.50127057000000e+08   1.49577908814535e-06   2.48462686338171e+01
   1.50527059000000e+08   1.00977081274323e-06   2.49663633290053e+01
   1.50927062000000e+08   2.24103996515623e-06   2.56388936210229e+01
   1.51327064000000e+08   1.98027169062698e-06   2.45300192695499e+01
   1.51727067000000e+08   2.20498168346239e-06   2.51465053716819e+01
   1.52127070000000e+08   1.20903325750987e-06   2.49143222944307e+01
   1.52527072000000e+08   1.16779108338960e-06   2.43298614438593e+01
   1.52927075000000e+08   2.51616279456357e-06   2.55388147086308e+01
   1.53327077000000e+08   1.76577566435299e-06   2.52225653452185e+01
   1.53727080000000e+08   1.98418365471298e-06   2.43698930090102e+01
   1.54127083000000e+08   1.02208366570267e-06   2.57109504379216e+01
   1.54527085000000e+08   1.64282937475946e-06   2.54627547351871e+01
   1.54927088000000e+08   2.41501516029530e-06   2.48782938858728e+01
   1.55327090000000e+08   1.65117808137438e-06   2.55828494300881e+01
   1.55727093000000e+08   1.72818283772358e-06   2.47822181296936e+01
   1.56127096000000e+08   1.17313254577311e-06   2.54787673611771e+01
   1.56527098000000e+08   1.78266066086508e-06   2.51665211541937e+01
   1.56927101000000e+08   2.44010698224884e-06   2.50424233025953e+01
   1.57327103000000e+08   1.48828632973164e-06   2.49783727985210e+01
   1.57727106000000e+08   1.70289911238797e-06   2.51304927456713e+01
   1.92588220000000e+08   2.33982596546412e-03   2.50384201460911e+01
   1.92988223000000e+08   2.35743777921016e-06   2.50304138330826e+01
   1.93388225000000e+08   3.05001094602630e-06   2.50103980505602e+01
   1.93788228000000e+08   3.21290826832410e-06   2.49823759550261e+01
   1.94188230000000e+08  -1.18927594883189e-07   2.50063948940555e+01
   1.94588233000000e+08   1.45344370139355e-06   2.50184043635693e+01
   1.94988236000000e+08   2.67776272266929e-06   2.49583570159945e+01
   1.95388238000000e+08   2.97804785986955e-06   2.50063948940555e+01
   1.95788241000000e+08   2.33002879213018e-06   2.50023917375508e+01
   1.96188243000000e+08  -3.12278842784508e-07   2.50023917375508e+01
   1.96588246000000e+08   2.12614440897596e-06   2.49943854245411e+01
   1.96988249000000e+08   3.05932030641998e-06   2.49423443899722e+01
   1.97388251000000e+08   2.60493220594071e-06   2.50264106765782e+01
   1.97788254000000e+08   1.63355696258805e-06   2.50063948940555e+01
   1.98188256000000e+08   2.11141028216844e-07   2.50784517111300e+01
   1.98588259000000e+08   2.92555159830954e-06   2.50704453981228e+01
   1.98988262000000e+08   2.91731953439012e-06   2.50904611806405e+01
   1.99388264000000e+08   2.02073101718270e-06   2.50984674936472e+01
   1.99788267000000e+08   1.25319968447002e-06   2.50944643371439e+01
   2.00188269000000e+08   4.81656456940982e-07   2.50464264590994e+01
   2.00588272000000e+08   3.32806712322053e-06   2.50224075200738e+01
   2.00988275000000e+08   2.62819321505958e-06   2.51064738066536e+01
   2.01388277000000e+08   1.64010498338030e-06   2.51224864326656e+01
   2.01788280000000e+08   1.02208309726848e-06   2.51585148411891e+01
   2.02188282000000e+08   1.02926185263641e-06   2.50664422416190e+01
