   4.00002000000000e+05   1.50344783378387e-06   2.51184832761627e+01
   8.00005000000000e+05   1.36384630877728e-06   2.50824548676336e+01
   1.20000800000000e+06   2.11284714168869e-06   2.51064738066536e+01
   1.60001000000000e+06   1.06154959667037e-06   2.50504296156035e+01
   2.00001300000000e+06   2.03141075871827e-06   2.50023917375508e+01
   2.40001500000000e+06   1.69051224929717e-06   2.50224075200738e+01
   2.80001800000000e+06   1.40485860811168e-06   2.50624390851152e+01
   3.20002100000000e+06   2.34138201449241e-06   2.50344169895869e+01
   3.60002300000000e+06   1.99610531126382e-06   2.49663633290053e+01
   4.00002600000000e+06   2.35014158533886e-06   2.49903822680362e+01
   4.40002800000000e+06   2.43694557866547e-06   2.49623601725000e+01
   4.80003100000000e+06   1.87177784027881e-06   2.48903033553927e+01
   5.20003300000000e+06   2.70762075160746e-06   2.49863791115312e+01
   5.60003600000000e+06   2.06040908778959e-06   2.50544327721075e+01
   6.00003900000000e+06   2.53658799920231e-06   2.49663633290053e+01
   6.40004100000000e+06   2.34049298342143e-06   2.49703664855106e+01
   6.80004400000000e+06   2.29070133173082e-06   2.49863791115312e+01
   7.20004600000000e+06   2.31895410252037e-06   2.49863791115312e+01
   7.60004900000000e+06   1.71156125361449e-06   2.50023917375508e+01
   8.00005200000000e+06   1.96149039766169e-06   2.50304138330826e+01
   8.40005400000000e+06   1.91507524505141e-06   2.50704453981228e+01
   8.80005700000000e+06   1.61503919571260e-06   2.50384201460911e+01
   9.20005900000000e+06   1.85361966487108e-06   2.49903822680362e+01
   9.60006200000000e+06   6.60163038901374e-07   2.50184043635693e+01
   4.24098460000000e+07  -2.08853720687330e-03   2.50784517111300e+01
   4.28098480000000e+07   2.24330938181083e-06   2.50664422416190e+01
   4.32098510000000e+07   1.56264457018551e-06   2.51425022151793e+01
   4.36098530000000e+07   1.79652909082506e-06   2.51104769631567e+01
   4.40098560000000e+07   1.78886330104433e-06   2.51104769631567e+01
   4.44098590000000e+07   2.05466767511098e-06   2.51024706501504e+01
   4.48098610000000e+07   1.52045811319113e-06   2.50063948940555e+01
   4.52098640000000e+07   1.43870568081184e-06   2.51425022151793e+01
   4.56098660000000e+07   1.90780383491074e-06   2.50384201460911e+01
   4.60098690000000e+07   1.94852464119322e-06   2.50704453981228e+01
   4.64098710000000e+07   1.95421239368443e-06   2.50184043635693e+01
   4.68098740000000e+07   1.45186538702546e-06   2.50344169895869e+01
   4.72098770000000e+07   1.88726176020282e-06   2.51144801196597e+01
   4.76098790000000e+07   1.70897715179308e-06   2.49663633290053e+01
   4.80098820000000e+07   2.03132458409527e-06   2.49623601725000e+01
   4.84098840000000e+07   1.88286571756180e-06   2.50504296156035e+01
   4.88098870000000e+07   1.83286726951337e-06   2.50144012070648e+01
   4.92098900000000e+07   1.29686588934419e-06   2.50424233025953e+01
   4.96098920000000e+07   1.17303682145575e-06   2.50584359286114e+01
   5.00098950000000e+07   1.01230284599296e-06   2.49463475464779e+01
   5.04098970000000e+07   1.34816787067393e-06   2.50384201460911e+01
   5.08099000000000e+07   8.18003002223122e-07   2.50704453981228e+01
   5.12099020000000e+07   1.10412270259985e-06   2.50224075200738e+01
   5.16099050000000e+07   1.06762047380471e-06   2.50464264590994e+01
   5.20099080000000e+07   1.48055266890879e-06   2.50824548676336e+01
   9.56920450000000e+07   4.68052458018064e-03   2.49863791115312e+01
   9.60920480000000e+07   1.70513578723330e-06   2.49143222944307e+01
   9.64920510000000e+07   3.14846215587750e-06   2.49503507029835e+01
   9.68920530000000e+07   7.09583844127337e-07   2.49903822680362e+01
   9.72920560000000e+07   2.13495764000982e-06   2.49783727985210e+01
   9.76920580000000e+07   2.50556354330911e-06   2.49663633290053e+01
   9.80920610000000e+07   1.17455601866823e-06   2.50744485546264e+01
   9.84920630000000e+07   2.80683934761328e-06   2.50224075200738e+01
   9.88920660000000e+07   4.21178668830180e-07   2.49703664855106e+01
   9.92920690000000e+07   2.32270190281270e-06   2.50584359286114e+01
   9.96920710000000e+07   2.98743884741270e-06   2.49863791115312e+01
   1.00092074000000e+08   1.97487679542974e-06   2.49863791115312e+01
   1.00492076000000e+08   3.18173783853126e-06   2.50944643371439e+01
   1.00892079000000e+08   1.41883879223315e-06   2.49743696420159e+01
   1.01292082000000e+08   1.84948430614895e-06   2.50063948940555e+01
   1.01692084000000e+08   2.35478910326492e-06   2.49663633290053e+01
   1.02092087000000e+08   1.21659354590520e-06   2.49703664855106e+01
   1.02492089000000e+08   2.49190406975686e-06   2.50344169895869e+01
   1.02892092000000e+08   4.34087922940307e-07   2.49983885810460e+01
   1.03292095000000e+08   1.64439563832275e-06   2.49783727985210e+01
   1.03692097000000e+08   1.91213166544912e-06   2.50784517111300e+01
   1.04092100000000e+08   8.46014984290377e-07   2.50704453981228e+01
   1.04492102000000e+08   1.91679168892733e-06   2.49583570159945e+01
   1.04892105000000e+08   5.11105554323876e-07   2.50344169895869e+01
   1.05292108000000e+08   1.41580846957368e-06   2.49743696420159e+01
   1.48955139000000e+08  -4.28137555718422e-03   2.50063948940555e+01
   1.49355141000000e+08   2.99857833852002e-06   2.49623601725000e+01
   1.49755144000000e+08   3.06189440379967e-06   2.50504296156035e+01
   1.50155146000000e+08  -9.04991509287356e-07   2.49863791115312e+01
   1.50555149000000e+08   9.56997041612340e-07   2.49783727985210e+01
   1.50955152000000e+08   1.12960867681977e-06   2.49663633290053e+01
   1.51355154000000e+08   2.88518117486092e-06   2.49703664855106e+01
   1.51755157000000e+08   2.83108283838374e-06   2.50704453981228e+01
   1.52155159000000e+08  -8.26851248802996e-07   2.50704453981228e+01
   1.52555162000000e+08   8.58116550261911e-07   2.50704453981228e+01
   1.52955165000000e+08   1.11190513507609e-06   2.50744485546264e+01
   1.53355167000000e+08   2.56316184277239e-06   2.49663633290053e+01
   1.53755170000000e+08   2.65515222963586e-06   2.50023917375508e+01
   1.54155172000000e+08  -7.00606165082718e-07   2.50023917375508e+01
   1.54555175000000e+08   8.06157970600907e-07   2.50144012070648e+01
   1.54955177000000e+08   1.06344475625519e-06   2.50224075200738e+01
   1.55355180000000e+08   2.81502138932410e-06   2.49463475464779e+01
   1.55755183000000e+08   3.48529238181072e-06   2.49663633290053e+01
   1.56155185000000e+08  -1.82288005134978e-07   2.49703664855106e+01
   1.56555188000000e+08   1.87582611488324e-06   2.49543538594890e+01
   1.56955190000000e+08   1.27207192690548e-06   2.49823759550261e+01
   1.57355193000000e+08   3.16916930387379e-06   2.50184043635693e+01
   1.57755196000000e+08   3.42890666615858e-06   2.50304138330826e+01
   1.58155198000000e+08   1.68823262924889e-07   2.49943854245411e+01
   1.58555201000000e+08   1.61298100920249e-06   2.50424233025953e+01
   1.93580917000000e+08   2.40906281396747e-03   2.50664422416190e+01
   1.93980919000000e+08   2.55238865065621e-06   2.50824548676336e+01
   1.94380922000000e+08   2.17134152080689e-06   2.51224864326656e+01
   1.94780924000000e+08   2.45581560420760e-07   2.50063948940555e+01
   1.95180927000000e+08   2.51896403824503e-06   2.50264106765782e+01
   1.95580930000000e+08   6.62402669604489e-07   2.50584359286114e+01
   1.95980932000000e+08   2.60893648373894e-06   2.50144012070648e+01
   1.96380935000000e+08   2.20686933971592e-06   2.50584359286114e+01
   1.96780937000000e+08   6.69909525186085e-07   2.50864580241371e+01
   1.97180940000000e+08   2.59944272329449e-06   2.50584359286114e+01
   1.97580943000000e+08   5.64861295515584e-07   2.49783727985210e+01
   1.97980945000000e+08   2.46957074523380e-06   2.50384201460911e+01
   1.98380948000000e+08   1.99380860976817e-06   2.50344169895869e+01
   1.98780950000000e+08   7.86813018294197e-07   2.49663633290053e+01
   1.99180953000000e+08   2.26502902478387e-06   2.50224075200738e+01
   1.99580955000000e+08   5.49665458038362e-07   2.49903822680362e+01
   1.99980958000000e+08   2.25713597501453e-06   2.50664422416190e+01
   2.00380961000000e+08   1.75213335751323e-06   2.49903822680362e+01
   2.00780963000000e+08   3.86327428714139e-07   2.49503507029835e+01
   2.01180966000000e+08   2.55299300988554e-06   2.49943854245411e+01
   2.01580968000000e+08   1.50095206663536e-06   2.50023917375508e+01
   2.01980971000000e+08   3.07036521007831e-06   2.50584359286114e+01
   2.02380974000000e+08   2.88871410702995e-06   2.49543538594890e+01
   2.02780976000000e+08   1.62234425715724e-06   2.50063948940555e+01
   2.03180979000000e+08   3.02417743114347e-06   2.49983885810460e+01
