   4.00002000000000e+05   1.94577933143592e-06   2.50103980505602e+01
   8.00005000000000e+05   1.71463409515127e-06   2.49663633290053e+01
   1.20000700000000e+06   1.64412801950675e-06   2.49943854245411e+01
   1.60001000000000e+06   2.01228294827160e-06   2.50664422416190e+01
   2.00001300000000e+06   1.60409297222941e-06   2.51144801196597e+01
   2.40001500000000e+06   1.81148129740905e-06   2.49743696420159e+01
   2.80001800000000e+06   1.75174830019387e-06   2.50344169895869e+01
   3.20002000000000e+06   1.68590565863269e-06   2.51024706501504e+01
   3.60002300000000e+06   1.77618369434640e-06   2.50023917375508e+01
   4.00002600000000e+06   1.51871336129261e-06   2.49703664855106e+01
   4.40002800000000e+06   1.97166968973761e-06   2.50023917375508e+01
   4.80003100000000e+06   2.11267911254254e-06   2.50224075200738e+01
   5.20003300000000e+06   1.92250467989652e-06   2.49823759550261e+01
   5.60003600000000e+06   2.45312048718915e-06   2.49943854245411e+01
   6.00003900000000e+06   1.93540768123057e-06   2.49943854245411e+01
   6.40004100000000e+06   2.26504084821499e-06   2.50304138330826e+01
   6.80004400000000e+06   1.72558759459207e-06   2.50744485546264e+01
   7.20004600000000e+06   1.75312652572757e-06   2.50264106765782e+01
   7.60004900000000e+06   2.11424185181386e-06   2.51104769631567e+01
   8.00005200000000e+06   1.54006397679041e-06   2.50304138330826e+01
   8.40005400000000e+06   1.90131072486110e-06   2.50144012070648e+01
   8.80005700000000e+06   1.81602752036270e-06   2.49303349204548e+01
   9.20005900000000e+06   1.47084449508839e-06   2.50784517111300e+01
   9.60006200000000e+06   1.94922790797136e-06   2.50544327721075e+01
   4.22194390000000e+07  -2.07874993793666e-03   2.50224075200738e+01
   4.26194420000000e+07   2.19987282434886e-06   2.49863791115312e+01
   4.30194450000000e+07   2.65854600911553e-06   2.50704453981228e+01
   4.34194470000000e+07   1.88546880508511e-06   2.49983885810460e+01
   4.38194500000000e+07   1.98119323613355e-06   2.50624390851152e+01
   4.42194530000000e+07   3.18769912155403e-06   2.49623601725000e+01
   4.46194550000000e+07   2.00041881726065e-06   2.49943854245411e+01
   4.50194580000000e+07   2.26096335609327e-06   2.50504296156035e+01
   4.54194600000000e+07   1.70011014688498e-06   2.50103980505602e+01
   4.58194630000000e+07   1.65276969710249e-06   2.50224075200738e+01
   4.62194660000000e+07   2.87969669443555e-06   2.49983885810460e+01
   4.66194680000000e+07   1.62676099080272e-06   2.50544327721075e+01
   4.70194710000000e+07   1.87481759894581e-06   2.51144801196597e+01
   4.74194730000000e+07   1.31107515244366e-06   2.49943854245411e+01
   4.78194760000000e+07   1.44613716202002e-06   2.50023917375508e+01
   4.82194790000000e+07   2.36432128986053e-06   2.50304138330826e+01
   4.86194810000000e+07   1.24675977986044e-06   2.50864580241371e+01
   4.90194840000000e+07   1.54047631895082e-06   2.50784517111300e+01
   4.94194860000000e+07   8.77041088642727e-07   2.49703664855106e+01
   4.98194890000000e+07   1.06739503280551e-06   2.51104769631567e+01
   5.02194920000000e+07   1.91841763808043e-06   2.50264106765782e+01
   5.06194940000000e+07   1.47842524711450e-06   2.49823759550261e+01
   5.10194970000000e+07   1.73672378878109e-06   2.50584359286114e+01
   5.14194990000000e+07   1.27080681977532e-06   2.50624390851152e+01
   5.18195020000000e+07   1.35941138523776e-06   2.51705243106959e+01
   9.56604870000000e+07   4.65814955532551e-03   2.50784517111300e+01
   9.60604890000000e+07   2.10070493267267e-06   2.50264106765782e+01
   9.64604920000000e+07   3.08580547425663e-06   2.50504296156035e+01
   9.68604950000000e+07   5.51309142338141e-07   2.51024706501504e+01
   9.72604970000000e+07   2.39504493038112e-06   2.50384201460911e+01
   9.76605000000000e+07   1.20834545214166e-06   2.50984674936472e+01
   9.80605020000000e+07   1.96602263713430e-06   2.50304138330826e+01
   9.84605050000000e+07   2.73030650532746e-06   2.50063948940555e+01
   9.88605080000000e+07   6.16112231455190e-07   2.50744485546264e+01
   9.92605100000000e+07   2.43696922552772e-06   2.50103980505602e+01
   9.96605130000000e+07   1.43792885864968e-06   2.50224075200738e+01
   1.00060515000000e+08   1.91488743439550e-06   2.49223286074429e+01
   1.00460518000000e+08   2.72195507022843e-06   2.49903822680362e+01
   1.00860521000000e+08   7.36256993150164e-07   2.50944643371439e+01
   1.01260523000000e+08   2.32041156777996e-06   2.49383412334665e+01
   1.01660526000000e+08   1.30574699142016e-06   2.49983885810460e+01
   1.02060528000000e+08   1.84780424206110e-06   2.50063948940555e+01
   1.02460531000000e+08   2.73542696049844e-06   2.49663633290053e+01
   1.02860534000000e+08   1.15326770355750e-06   2.50384201460911e+01
   1.03260536000000e+08   2.70095097221201e-06   2.51344959021740e+01
   1.03660539000000e+08   1.86191527973278e-06   2.50304138330826e+01
   1.04060541000000e+08   2.29680972552160e-06   2.50504296156035e+01
   1.04460544000000e+08   2.93361313197238e-06   2.50304138330826e+01
   1.04860547000000e+08   1.15085458674002e-06   2.49823759550261e+01
   1.05260549000000e+08   2.50354742092895e-06   2.50264106765782e+01
   1.48884530000000e+08  -4.25097439438105e-03   2.49903822680362e+01
   1.49284533000000e+08  -1.28978896896115e-07   2.50063948940555e+01
   1.49684536000000e+08   2.94466622108303e-06   2.51064738066536e+01
   1.50084538000000e+08   1.35691891500755e-07   2.50063948940555e+01
   1.50484541000000e+08   8.36171068385738e-07   2.49983885810460e+01
   1.50884543000000e+08   2.42618580159615e-06   2.51024706501504e+01
   1.51284546000000e+08   2.77714605090296e-07   2.50344169895869e+01
   1.51684549000000e+08   3.34951437253039e-06   2.50624390851152e+01
   1.52084551000000e+08   6.14476164173539e-07   2.50023917375508e+01
   1.52484554000000e+08   1.29037255192088e-06   2.51344959021740e+01
   1.52884556000000e+08   2.37930976254574e-06   2.50344169895869e+01
   1.53284559000000e+08   4.60342221231258e-07   2.50584359286114e+01
   1.53684562000000e+08   3.32491549670522e-06   2.49903822680362e+01
   1.54084564000000e+08   6.63788057408965e-07   2.50744485546264e+01
   1.54484567000000e+08   1.06653919829114e-06   2.50504296156035e+01
   1.54884569000000e+08   1.82676660642755e-06   2.50504296156035e+01
   1.55284572000000e+08   1.83489738958542e-08   2.50944643371439e+01
   1.55684575000000e+08   2.68776148004690e-06   2.51705243106959e+01
   1.56084577000000e+08   6.96005031386449e-08   2.49783727985210e+01
   1.56484580000000e+08   1.29628995182429e-06   2.50744485546264e+01
   1.56884582000000e+08   2.59746798292326e-06   2.49943854245411e+01
   1.57284585000000e+08   1.00013301107538e-06   2.50424233025953e+01
   1.57684588000000e+08   3.47458217220264e-06   2.50544327721075e+01
   1.58084590000000e+08   1.14935835426877e-06   2.51344959021740e+01
   1.58484593000000e+08   1.89780894288560e-06   2.50184043635693e+01
   1.93337515000000e+08   2.39353766664863e-03   2.50464264590994e+01
   1.93737518000000e+08   3.78132699552225e-06   2.49943854245411e+01
   1.94137521000000e+08   9.89708155429980e-07   2.49743696420159e+01
   1.94537523000000e+08   2.28734529628127e-06   2.49903822680362e+01
   1.94937526000000e+08   1.84400596481282e-06   2.50544327721075e+01
   1.95337528000000e+08   9.86106897471473e-07   2.50184043635693e+01
   1.95737531000000e+08   2.91526885121129e-06   2.49463475464779e+01
   1.96137534000000e+08   4.44826582679525e-07   2.49943854245411e+01
   1.96537536000000e+08   1.81135692400858e-06   2.49703664855106e+01
   1.96937539000000e+08   1.44174657634721e-06   2.50344169895869e+01
   1.97337541000000e+08   7.56062263462809e-07   2.49943854245411e+01
   1.97737544000000e+08   2.53828238783171e-06   2.50063948940555e+01
   1.98137547000000e+08   2.62962771557795e-07   2.50144012070648e+01
   1.98537549000000e+08   1.23348286251712e-06   2.50344169895869e+01
   1.98937552000000e+08   8.51956428959966e-07   2.50344169895869e+01
   1.99337554000000e+08   1.43167582677961e-07   2.49263317639489e+01
   1.99737557000000e+08   1.87689647646039e-06   2.50584359286114e+01
   2.00137560000000e+08  -4.02631769702566e-07   2.49903822680362e+01
   2.00537562000000e+08   1.59974683811015e-06   2.49863791115312e+01
   2.00937565000000e+08   1.57206955009315e-06   2.50464264590994e+01
   2.01337567000000e+08   1.06441086700215e-06   2.51104769631567e+01
   2.01737570000000e+08   2.62155708696810e-06   2.49903822680362e+01
   2.02137573000000e+08   5.85415079967788e-07   2.49823759550261e+01
   2.02537575000000e+08   2.07355014936184e-06   2.50344169895869e+01
   2.02937578000000e+08   2.06676145353413e-06   2.49583570159945e+01
