   4.00003000000000e+05   1.88133935807855e-06   2.50103980505602e+01
   8.00005000000000e+05   1.65604456014989e-06   2.49583570159945e+01
   1.20000800000000e+06   1.43239606131829e-06   2.50504296156035e+01
   1.60001000000000e+06   1.63512129347509e-06   2.50384201460911e+01
   2.00001300000000e+06   1.48380297559925e-06   2.49103191379245e+01
   2.40001600000000e+06   1.53727705765050e-06   2.49943854245411e+01
   2.80001800000000e+06   1.77091158093390e-06   2.51264895891685e+01
   3.20002100000000e+06   1.60431955009699e-06   2.50424233025953e+01
   3.60002300000000e+06   1.97657186618017e-06   2.50344169895869e+01
   4.00002600000000e+06   1.62363312483649e-06   2.50744485546264e+01
   4.40002800000000e+06   1.83421957444807e-06   2.50063948940555e+01
   4.80003100000000e+06   1.68180861237488e-06   2.51024706501504e+01
   5.20003400000000e+06   1.55646171151602e-06   2.50184043635693e+01
   5.60003600000000e+06   1.79354117335606e-06   2.50224075200738e+01
   6.00003900000000e+06   1.46348168073018e-06   2.49743696420159e+01
   6.40004100000000e+06   1.67442215115443e-06   2.50224075200738e+01
   6.80004400000000e+06   2.31898729907698e-06   2.50184043635693e+01
   7.20004700000000e+06   2.23875485971803e-06   2.50944643371439e+01
   7.60004900000000e+06   2.66941606241744e-06   2.50384201460911e+01
   8.00005200000000e+06   2.34756748795917e-06   2.49703664855106e+01
   8.40005400000000e+06   2.52445852311212e-06   2.49743696420159e+01
   8.80005700000000e+06   2.09106815418636e-06   2.49503507029835e+01
   9.20006000000000e+06   1.77950676061300e-06   2.50144012070648e+01
   9.60006200000000e+06   2.09356380764802e-06   2.49583570159945e+01
   4.23153270000000e+07   2.39663780666888e-03   2.50344169895869e+01
   4.27153300000000e+07   2.95987297249667e-06   2.50784517111300e+01
   4.31153320000000e+07   2.24398081627442e-06   2.50864580241371e+01
   4.35153350000000e+07   3.02748958347365e-06   2.50664422416190e+01
   4.39153380000000e+07   2.96309463010402e-06   2.50023917375508e+01
   4.43153400000000e+07   1.89993988897186e-06   2.49903822680362e+01
   4.47153430000000e+07   3.34338528773515e-06   2.50144012070648e+01
   4.51153450000000e+07   2.67856285063317e-06   2.50864580241371e+01
   4.55153480000000e+07   3.14767817144457e-06   2.49823759550261e+01
   4.59153510000000e+07   3.26919575854845e-06   2.50504296156035e+01
   4.63153530000000e+07   2.32020965995616e-06   2.50344169895869e+01
   4.67153560000000e+07   3.17663466375961e-06   2.50544327721075e+01
   4.71153580000000e+07   2.14766964745650e-06   2.51224864326656e+01
   4.75153610000000e+07   2.60954357145238e-06   2.50704453981228e+01
   4.79153640000000e+07   2.83443387161242e-06   2.50944643371439e+01
   4.83153660000000e+07   1.93000369108631e-06   2.50144012070648e+01
   4.87153690000000e+07   2.68360508925980e-06   2.49343380769607e+01
   4.91153710000000e+07   1.93859591490764e-06   2.50464264590994e+01
   4.95153740000000e+07   2.19922708311060e-06   2.49983885810460e+01
   4.99153770000000e+07   2.52277231993503e-06   2.49983885810460e+01
   5.03153790000000e+07   1.64922357726027e-06   2.50384201460911e+01
   5.07153820000000e+07   2.34553749578481e-06   2.50063948940555e+01
   5.11153840000000e+07   1.52705217715265e-06   2.49823759550261e+01
   5.15153870000000e+07   1.76735409240791e-06   2.49903822680362e+01
   5.19153890000000e+07   2.18118179873272e-06   2.50144012070648e+01
   9.57488140000000e+07  -4.32082405313849e-03   2.51224864326656e+01
   9.61488170000000e+07   2.58821455645375e-06   2.51064738066536e+01
   9.65488190000000e+07   2.16848161471717e-06   2.50344169895869e+01
   9.69488220000000e+07   1.34532376705465e-06   2.51425022151793e+01
   9.73488240000000e+07   2.18273271457292e-06   2.50504296156035e+01
   9.77488270000000e+07   1.41740406434110e-06   2.49983885810460e+01
   9.81488300000000e+07   2.30507430387661e-06   2.50784517111300e+01
   9.85488320000000e+07   2.18738750845660e-06   2.50304138330826e+01
   9.89488350000000e+07   1.33730156903766e-06   2.50184043635693e+01
   9.93488370000000e+07   2.29882220992295e-06   2.50504296156035e+01
   9.97488400000000e+07   1.47246214510233e-06   2.50224075200738e+01
   1.00148842000000e+08   2.34692879530485e-06   2.50624390851152e+01
   1.00548845000000e+08   2.17185129258723e-06   2.50384201460911e+01
   1.00948848000000e+08   1.55536167767423e-06   2.50304138330826e+01
   1.01348850000000e+08   2.28578528549406e-06   2.50464264590994e+01
   1.01748853000000e+08   1.56673820583819e-06   2.49623601725000e+01
   1.02148855000000e+08   2.19210915020085e-06   2.51264895891685e+01
   1.02548858000000e+08   2.30028240366664e-06   2.51425022151793e+01
   1.02948861000000e+08   1.61035245582752e-06   2.50504296156035e+01
   1.03348863000000e+08   2.33322293752281e-06   2.51184832761627e+01
   1.03748866000000e+08   1.53947894432349e-06   2.50144012070648e+01
   1.04148868000000e+08   2.24944415094797e-06   2.50344169895869e+01
   1.04548871000000e+08   2.32531806432235e-06   2.49703664855106e+01
   1.04948874000000e+08   1.84221039489785e-06   2.49303349204548e+01
   1.05348876000000e+08   2.47188427238143e-06   2.49223286074429e+01
   1.48737487000000e+08   4.70555014908314e-03   2.50704453981228e+01
   1.49137490000000e+08   2.68939152192615e-06   2.50544327721075e+01
   1.49537492000000e+08   1.25250426208368e-06   2.49223286074429e+01
   1.49937495000000e+08   2.01234092855884e-06   2.49703664855106e+01
   1.50337498000000e+08   1.77587321559258e-06   2.49903822680362e+01
   1.50737500000000e+08   1.11138353986462e-06   2.49543538594890e+01
   1.51137503000000e+08   2.61503737419844e-06   2.49743696420159e+01
   1.51537505000000e+08   1.17612626127084e-06   2.49783727985210e+01
   1.51937508000000e+08   1.96055657397665e-06   2.49303349204548e+01
   1.52337511000000e+08   1.67054906796693e-06   2.50224075200738e+01
   1.52737513000000e+08   8.03092007117812e-07   2.49783727985210e+01
   1.53137516000000e+08   2.07049856726371e-06   2.48903033553927e+01
   1.53537518000000e+08   7.87717112871178e-07   2.49623601725000e+01
   1.53937521000000e+08   1.42144517667475e-06   2.49663633290053e+01
   1.54337524000000e+08   1.29206239307678e-06   2.50344169895869e+01
   1.54737526000000e+08   9.32650436880067e-07   2.49503507029835e+01
   1.55137529000000e+08   2.50040307037125e-06   2.50224075200738e+01
   1.55537531000000e+08   1.40755969368911e-06   2.50103980505602e+01
   1.55937534000000e+08   1.96462292478827e-06   2.50504296156035e+01
   1.56337537000000e+08   1.85156932275277e-06   2.50023917375508e+01
   1.56737539000000e+08   1.02986405181582e-06   2.50144012070648e+01
   1.57137542000000e+08   2.25391545427556e-06   2.50224075200738e+01
   1.57537544000000e+08   1.26012002965581e-06   2.51384990586767e+01
   1.57937547000000e+08   1.75817615399865e-06   2.50504296156035e+01
   1.58337549000000e+08   1.66343249929923e-06   2.49703664855106e+01
   1.93117815000000e+08  -2.08972464315593e-03   2.50784517111300e+01
   1.93517818000000e+08   1.62068477038702e-06   2.50624390851152e+01
   1.93917821000000e+08   2.15993031815742e-06   2.51144801196597e+01
   1.94317823000000e+08   1.95352504306356e-06   2.49103191379245e+01
   1.94717826000000e+08   6.88554791850038e-07   2.50624390851152e+01
   1.95117828000000e+08   2.51454025601561e-06   2.50824548676336e+01
   1.95517831000000e+08   1.34509741656075e-06   2.49423443899722e+01
   1.95917834000000e+08   1.93560936168069e-06   2.49983885810460e+01
   1.96317836000000e+08   1.70139639976696e-06   2.50103980505602e+01
   1.96717839000000e+08   1.07132814264332e-06   2.50544327721075e+01
   1.97117841000000e+08   2.80022459264728e-06   2.50144012070648e+01
   1.97517844000000e+08   1.84009729764512e-06   2.50544327721075e+01
   1.97917847000000e+08   2.21646746467741e-06   2.49303349204548e+01
   1.98317849000000e+08   2.24349832933513e-06   2.50144012070648e+01
   1.98717852000000e+08   9.06574825876305e-07   2.49983885810460e+01
   1.99117854000000e+08   2.55298277807015e-06   2.49783727985210e+01
   1.99517857000000e+08   1.53044129547197e-06   2.50544327721075e+01
   1.99917860000000e+08   1.92133279597329e-06   2.50824548676336e+01
   2.00317862000000e+08   1.88788158084208e-06   2.50384201460911e+01
   2.00717865000000e+08   1.19642072604620e-06   2.50784517111300e+01
   2.01117867000000e+08   2.75689080808661e-06   2.49703664855106e+01
   2.01517870000000e+08   1.78964785391145e-06   2.50784517111300e+01
   2.01917872000000e+08   2.05315404855355e-06   2.50304138330826e+01
   2.02317875000000e+08   2.37928793467290e-06   2.50023917375508e+01
   2.02717878000000e+08   1.28754641082196e-06   2.50184043635693e+01
