   4.00003000000000e+05   1.57351428242691e-06   2.48903033553927e+01
   8.00006000000000e+05   1.95155416804482e-06   2.48943065118992e+01
   1.20000800000000e+06   1.85822079856734e-06   2.49103191379245e+01
   1.60001100000000e+06   1.97011672753433e-06   2.49543538594890e+01
   2.00001300000000e+06   1.96231962945603e-06   2.49983885810460e+01
   2.40001600000000e+06   1.92051129488391e-06   2.49263317639489e+01
   2.80001800000000e+06   1.99975670511776e-06   2.50184043635693e+01
   3.20002100000000e+06   1.62149990501348e-06   2.49823759550261e+01
   3.60002400000000e+06   1.76134096818714e-06   2.50864580241371e+01
   4.00002600000000e+06   1.74585477452638e-06   2.51064738066536e+01
   4.40002900000000e+06   1.59258877374668e-06   2.51585148411891e+01
   4.80003100000000e+06   1.70214525496704e-06   2.50344169895869e+01
   5.20003400000000e+06   1.36194205424545e-06   2.50704453981228e+01
   5.60003700000000e+06   1.47283947171672e-06   2.52065527192126e+01
   6.00003900000000e+06   1.48001572597423e-06   2.51184832761627e+01
   6.40004200000000e+06   1.36636811021162e-06   2.51264895891685e+01
   6.80004400000000e+06   1.69993302279181e-06   2.51585148411891e+01
   7.20004700000000e+06   1.53885275722132e-06   2.49983885810460e+01
   7.60005000000000e+06   1.81384746156255e-06   2.49823759550261e+01
   8.00005200000000e+06   1.71134399806760e-06   2.49263317639489e+01
   8.40005500000000e+06   1.62791855018440e-06   2.49863791115312e+01
   8.80005700000000e+06   1.99590226657165e-06   2.48582781033385e+01
   9.20006000000000e+06   1.90704736269254e-06   2.49423443899722e+01
   9.60006300000000e+06   2.24376390178804e-06   2.48502717903243e+01
   4.21259910000000e+07  -2.04973714426160e-03   2.48943065118992e+01
   4.25259940000000e+07   1.99873898054648e-06   2.51264895891685e+01
   4.29259960000000e+07   2.58677277997776e-06   2.49503507029835e+01
   4.33259990000000e+07   8.92046671197022e-07   2.49983885810460e+01
   4.37260020000000e+07   2.57733631769952e-06   2.49903822680362e+01
   4.41260040000000e+07   1.94024346455990e-06   2.49623601725000e+01
   4.45260070000000e+07   2.40776671489584e-06   2.49423443899722e+01
   4.49260090000000e+07   2.23514962272020e-06   2.50063948940555e+01
   4.53260120000000e+07   6.15397198089340e-07   2.49903822680362e+01
   4.57260150000000e+07   2.50203288487683e-06   2.49623601725000e+01
   4.61260170000000e+07   1.70856026215915e-06   2.50304138330826e+01
   4.65260200000000e+07   2.02540559257613e-06   2.50144012070648e+01
   4.69260220000000e+07   1.92382890418230e-06   2.49863791115312e+01
   4.73260250000000e+07   9.20573882012832e-07   2.50304138330826e+01
   4.77260280000000e+07   2.69133124675136e-06   2.49503507029835e+01
   4.81260300000000e+07   1.67845280429901e-06   2.49583570159945e+01
   4.85260330000000e+07   2.03679928745260e-06   2.50304138330826e+01
   4.89260350000000e+07   1.93272080650786e-06   2.50063948940555e+01
   4.93260380000000e+07   9.27051758026209e-07   2.49983885810460e+01
   4.97260410000000e+07   2.62155026575783e-06   2.50544327721075e+01
   5.01260430000000e+07   1.61407626819710e-06   2.50023917375508e+01
   5.05260460000000e+07   2.06036816052801e-06   2.50023917375508e+01
   5.09260480000000e+07   1.74303227140626e-06   2.50224075200738e+01
   5.13260510000000e+07   1.24051075545140e-06   2.49623601725000e+01
   5.17260540000000e+07   2.84488714896725e-06   2.49903822680362e+01
   9.52500120000000e+07   4.59764944389462e-03   2.50264106765782e+01
   9.56500150000000e+07   1.96868995772093e-06   2.50103980505602e+01
   9.60500170000000e+07   2.19183402805356e-06   2.50864580241371e+01
   9.64500200000000e+07   1.16053934107185e-06   2.49983885810460e+01
   9.68500230000000e+07   1.42386102197634e-06   2.50504296156035e+01
   9.72500250000000e+07   3.16423597723769e-06   2.49623601725000e+01
   9.76500280000000e+07   1.48232641095092e-06   2.50704453981228e+01
   9.80500300000000e+07   1.78337882061896e-06   2.49983885810460e+01
   9.84500330000000e+07   9.12305949896108e-07   2.50063948940555e+01
   9.88500360000000e+07   1.51699737216404e-06   2.50384201460911e+01
   9.92500380000000e+07   2.94259984912060e-06   2.50023917375508e+01
   9.96500410000000e+07   1.28563567614037e-06   2.50144012070648e+01
   1.00050043000000e+08   1.69981569797528e-06   2.49863791115312e+01
   1.00450046000000e+08   1.03991703781503e-06   2.50464264590994e+01
   1.00850049000000e+08   1.76634557647048e-06   2.50224075200738e+01
   1.01250051000000e+08   2.97572341878549e-06   2.50184043635693e+01
   1.01650054000000e+08   1.20398635772290e-06   2.50784517111300e+01
   1.02050056000000e+08   1.91200092558574e-06   2.50224075200738e+01
   1.02450059000000e+08   1.30942021314695e-06   2.49423443899722e+01
   1.02850062000000e+08   2.12094550988695e-06   2.49583570159945e+01
   1.03250064000000e+08   2.93652306027070e-06   2.50144012070648e+01
   1.03650067000000e+08   1.15125965294283e-06   2.49983885810460e+01
   1.04050069000000e+08   2.02646424440900e-06   2.49903822680362e+01
   1.04450072000000e+08   1.55498980802804e-06   2.50744485546264e+01
   1.04850075000000e+08   2.26163069783070e-06   2.50224075200738e+01
   1.48542327000000e+08  -4.19529993087053e-03   2.50063948940555e+01
   1.48942330000000e+08   2.10727989724546e-06   2.51144801196597e+01
   1.49342332000000e+08   2.42401824834815e-06   2.50344169895869e+01
   1.49742335000000e+08   2.28315184358507e-06   2.49983885810460e+01
   1.50142338000000e+08   9.59008161771635e-07   2.50063948940555e+01
   1.50542340000000e+08   1.32411457798298e-06   2.50944643371439e+01
   1.50942343000000e+08   2.18729974221787e-06   2.50304138330826e+01
   1.51342345000000e+08   1.97036001736706e-06   2.50224075200738e+01
   1.51742348000000e+08   1.82564542683394e-06   2.50264106765782e+01
   1.52142351000000e+08   6.10722167948552e-07   2.50464264590994e+01
   1.52542353000000e+08   1.36043979637179e-06   2.51465053716819e+01
   1.52942356000000e+08   2.23263077714364e-06   2.50664422416190e+01
   1.53342358000000e+08   2.08170854421041e-06   2.50504296156035e+01
   1.53742361000000e+08   1.70500436524890e-06   2.50664422416190e+01
   1.54142364000000e+08   9.21087234928564e-07   2.50144012070648e+01
   1.54542366000000e+08   1.81273242105817e-06   2.50464264590994e+01
   1.54942369000000e+08   2.51182177635201e-06   2.50904611806405e+01
   1.55342371000000e+08   2.02364299184410e-06   2.50384201460911e+01
   1.55742374000000e+08   1.65532821938541e-06   2.50264106765782e+01
   1.56142377000000e+08   1.08592496417259e-06   2.50504296156035e+01
   1.56542379000000e+08   2.15160412153637e-06   2.50424233025953e+01
   1.56942382000000e+08   2.43006070377305e-06   2.50784517111300e+01
   1.57342384000000e+08   1.81468851678801e-06   2.50584359286114e+01
   1.57742387000000e+08   1.49143215821823e-06   2.50304138330826e+01
   1.58142390000000e+08   1.19126013942150e-06   2.50624390851152e+01
   1.92791407000000e+08   2.35778791829944e-03   2.49943854245411e+01
   1.93191409000000e+08   9.43951874887716e-07   2.50264106765782e+01
   1.93591412000000e+08   1.88865544714645e-06   2.49703664855106e+01
   1.93991414000000e+08   1.59186356540886e-06   2.50664422416190e+01
   1.94391417000000e+08   2.69040106104512e-06   2.50344169895869e+01
   1.94791420000000e+08   1.88743763374077e-06   2.51024706501504e+01
   1.95191422000000e+08   9.04716102922976e-07   2.50344169895869e+01
   1.95591425000000e+08   2.17260139834252e-06   2.49663633290053e+01
   1.95991427000000e+08   1.66566940151824e-06   2.50304138330826e+01
   1.96391430000000e+08   2.55234181167907e-06   2.50544327721075e+01
   1.96791433000000e+08   1.39667952225864e-06   2.49503507029835e+01
   1.97191435000000e+08   7.08042819042021e-07   2.50184043635693e+01
   1.97591438000000e+08   1.88418573543458e-06   2.50063948940555e+01
   1.97991440000000e+08   1.38495045121090e-06   2.49903822680362e+01
   1.98391443000000e+08   2.10067537409486e-06   2.49743696420159e+01
   1.98791446000000e+08   1.16120463644620e-06   2.50384201460911e+01
   1.99191448000000e+08   1.08014955912950e-06   2.51304927456713e+01
   1.99591451000000e+08   2.18048876376997e-06   2.49543538594890e+01
   1.99991453000000e+08   1.72408306298166e-06   2.50464264590994e+01
   2.00391456000000e+08   2.19996536543476e-06   2.50304138330826e+01
   2.00791459000000e+08   1.19284572974721e-06   2.51144801196597e+01
   2.01191461000000e+08   1.38357893320062e-06   2.50864580241371e+01
   2.01591464000000e+08   2.36366713579628e-06   2.50664422416190e+01
   2.01991466000000e+08   1.75784850853233e-06   2.51184832761627e+01
   2.02391469000000e+08   2.15469208342256e-06   2.51104769631567e+01
