   4.00002000000000e+05   1.72042689428054e-06   2.49663633290053e+01
   8.00005000000000e+05   1.54276460762048e-06   2.49503507029835e+01
   1.20000800000000e+06   1.77712320237333e-06   2.49703664855106e+01
   1.60001000000000e+06   1.44392117817915e-06   2.49423443899722e+01
   2.00001300000000e+06   1.80288259343797e-06   2.49503507029835e+01
   2.40001500000000e+06   1.61506670792733e-06   2.49823759550261e+01
   2.80001800000000e+06   2.01933744392591e-06   2.50944643371439e+01
   3.20002100000000e+06   2.20530591832357e-06   2.50384201460911e+01
   3.60002300000000e+06   1.93790128832916e-06   2.50184043635693e+01
   4.00002600000000e+06   2.18070726987207e-06   2.50544327721075e+01
   4.40002800000000e+06   2.00297267838323e-06   2.50424233025953e+01
   4.80003100000000e+06   1.94537619790935e-06   2.50704453981228e+01
   5.20003400000000e+06   2.12636632568319e-06   2.50504296156035e+01
   5.60003600000000e+06   1.77051640548598e-06   2.51224864326656e+01
   6.00003900000000e+06   2.16346825254732e-06   2.49543538594890e+01
   6.40004100000000e+06   1.83030829248310e-06   2.50544327721075e+01
   6.80004400000000e+06   1.98302427634189e-06   2.49903822680362e+01
   7.20004700000000e+06   2.05533024200122e-06   2.50544327721075e+01
   7.60004900000000e+06   1.84437215011712e-06   2.51264895891685e+01
   8.00005200000000e+06   2.04353364097187e-06   2.50904611806405e+01
   8.40005400000000e+06   1.88537967460434e-06   2.49903822680362e+01
   8.80005700000000e+06   1.89631907687726e-06   2.49503507029835e+01
   9.20006000000000e+06   2.02839805751864e-06   2.49343380769607e+01
   9.60006200000000e+06   1.73301941686077e-06   2.48943065118992e+01
   4.20946430000000e+07  -2.04793782904744e-03   2.53266474142322e+01
   4.24946460000000e+07   2.57481542575988e-06   2.50063948940555e+01
   4.28946490000000e+07   1.60832144047163e-06   2.50464264590994e+01
   4.32946510000000e+07  -1.61351707106405e-07   2.51545116846868e+01
   4.36946540000000e+07   2.87125430986634e-06   2.50264106765782e+01
   4.40946560000000e+07   2.58378645412449e-06   2.52145590322157e+01
   4.44946590000000e+07   2.17197134588787e-06   2.51905400932058e+01
   4.48946620000000e+07   1.64143648362369e-06   2.50264106765782e+01
   4.52946640000000e+07   3.64595820201430e-07   2.50144012070648e+01
   4.56946670000000e+07   3.62711693924211e-06   2.49543538594890e+01
   4.60946700000000e+07   2.44764373746875e-06   2.52305716582210e+01
   4.64946720000000e+07   2.13831208384363e-06   2.49863791115312e+01
   4.68946750000000e+07   1.47160358210385e-06   2.51224864326656e+01
   4.72946770000000e+07   9.58148916652135e-07   2.49983885810460e+01
   4.76946800000000e+07   3.73706893697090e-06   2.50824548676336e+01
   4.80946830000000e+07   2.26408883463591e-06   2.50624390851152e+01
   4.84946850000000e+07   1.85778765171563e-06   2.50384201460911e+01
   4.88946880000000e+07   1.35797199618537e-06   2.50824548676336e+01
   4.92946900000000e+07   1.24826135561307e-06   2.50264106765782e+01
   4.96946930000000e+07   3.77866194867238e-06   2.50144012070648e+01
   5.00946960000000e+07   1.78576658527163e-06   2.50063948940555e+01
   5.04946980000000e+07   1.39380233576958e-06   2.51264895891685e+01
   5.08947010000000e+07   9.99848566607398e-07   2.50864580241371e+01
   5.12947030000000e+07   1.32285038034752e-06   2.50864580241371e+01
   5.16947060000000e+07   3.24858137901174e-06   2.49743696420159e+01
   9.51526550000000e+07   4.59092389792204e-03   2.49743696420159e+01
   9.55526580000000e+07   1.76988339717354e-06   2.49143222944307e+01
   9.59526600000000e+07   2.12119243769848e-06   2.50384201460911e+01
   9.63526630000000e+07   1.52028832189899e-07   2.49943854245411e+01
   9.67526650000000e+07   2.93339644485968e-06   2.50784517111300e+01
   9.71526680000000e+07   3.05876415040984e-06   2.49983885810460e+01
   9.75526710000000e+07   1.22197604923713e-06   2.50904611806405e+01
   9.79526730000000e+07   1.87824707609252e-06   2.50384201460911e+01
   9.83526760000000e+07   1.71225380540818e-07   2.50504296156035e+01
   9.87526780000000e+07   2.77777280643932e-06   2.50063948940555e+01
   9.91526810000000e+07   2.25364124162297e-06   2.50704453981228e+01
   9.95526840000000e+07   6.01596411797800e-07   2.50584359286114e+01
   9.99526860000000e+07   1.25424207908509e-06   2.51745274671980e+01
   1.00352689000000e+08   4.13173353308594e-07   2.50023917375508e+01
   1.00752691000000e+08   3.20163985634281e-06   2.49663633290053e+01
   1.01152694000000e+08   2.08220899367006e-06   2.50304138330826e+01
   1.01552697000000e+08   6.21511617282522e-07   2.50063948940555e+01
   1.01952699000000e+08   1.56186865751806e-06   2.49703664855106e+01
   1.02352702000000e+08   1.06997265447717e-06   2.50504296156035e+01
   1.02752704000000e+08   3.41178110829787e-06   2.50264106765782e+01
   1.03152707000000e+08   1.85762075943785e-06   2.49583570159945e+01
   1.03552710000000e+08   8.43643022108154e-07   2.49783727985210e+01
   1.03952712000000e+08   1.89490754110011e-06   2.48742907293661e+01
   1.04352715000000e+08   1.41893565341888e-06   2.50424233025953e+01
   1.04752717000000e+08   3.57170370079984e-06   2.50864580241371e+01
   1.48604412000000e+08  -4.19085053727031e-03   2.51104769631567e+01
   1.49004415000000e+08   2.71013027486333e-06   2.50304138330826e+01
   1.49404417000000e+08   2.87828561340575e-06   2.49823759550261e+01
   1.49804420000000e+08   8.49895798182843e-08   2.47021549995165e+01
   1.50204423000000e+08   2.06344353159693e-07   2.49663633290053e+01
   1.50604425000000e+08   1.60723720910028e-06   2.51745274671980e+01
   1.51004428000000e+08   3.05702815239783e-06   2.50504296156035e+01
   1.51404431000000e+08   2.58044065049035e-06   2.49743696420159e+01
   1.51804433000000e+08   1.45555389963192e-07   2.50144012070648e+01
   1.52204436000000e+08   9.55709651861980e-07   2.45780571476919e+01
   1.52604438000000e+08   2.12447594094556e-06   2.53386568837311e+01
   1.53004441000000e+08   2.99420776173065e-06   2.49983885810460e+01
   1.53404444000000e+08   1.96633186533290e-06   2.50824548676336e+01
   1.53804446000000e+08  -6.05092154160047e-08   2.58190356632324e+01
   1.54204449000000e+08   1.21549317100289e-06   2.54267263267060e+01
   1.54604451000000e+08   2.38401003116451e-06   2.48662844163524e+01
   1.55004454000000e+08   2.64867890109599e-06   2.47942275992180e+01
   1.55404457000000e+08   1.37985330184165e-06   2.52385779712233e+01
   1.55804459000000e+08   3.21228768029869e-08   2.50264106765782e+01
   1.56204462000000e+08   1.76257481143693e-06   2.47341802515904e+01
   1.56604464000000e+08   2.65146377387282e-06   2.52305716582210e+01
   1.57004467000000e+08   2.40308668253419e-06   2.54387357962002e+01
   1.57404470000000e+08   1.08704796275561e-06   2.46541171213981e+01
   1.57804472000000e+08   3.52313037410568e-07   2.49783727985210e+01
   1.58204475000000e+08   2.20297579289763e-06   2.56068683690616e+01
   1.93551450000000e+08   2.36111227422953e-03   2.50184043635693e+01
   1.93951453000000e+08   2.39972678173217e-06   2.50704453981228e+01
   1.94351455000000e+08   1.64123127888161e-06   2.51024706501504e+01
   1.94751458000000e+08   1.79725623183913e-06   2.50864580241371e+01
   1.95151460000000e+08   2.83332042272377e-06   2.49983885810460e+01
   1.95551463000000e+08   1.02188982964435e-06   2.50144012070648e+01
   1.95951466000000e+08   2.44138664129423e-06   2.49623601725000e+01
   1.96351468000000e+08   1.64012146797177e-06   2.50063948940555e+01
   1.96751471000000e+08   1.97529357137682e-06   2.50144012070648e+01
   1.97151474000000e+08   2.64692607743200e-06   2.49543538594890e+01
   1.97551476000000e+08   1.20440199680161e-06   2.50063948940555e+01
   1.97951479000000e+08   2.42393844018807e-06   2.50544327721075e+01
   1.98351481000000e+08   1.60140211846738e-06   2.50464264590994e+01
   1.98751484000000e+08   2.10639109354815e-06   2.50424233025953e+01
   1.99151487000000e+08   2.77598064712947e-06   2.49743696420159e+01
   1.99551489000000e+08   1.24763050735055e-06   2.51545116846868e+01
   1.99951492000000e+08   2.63462993643770e-06   2.50103980505602e+01
   2.00351494000000e+08   1.70217492723168e-06   2.49823759550261e+01
   2.00751497000000e+08   2.17328783946868e-06   2.50704453981228e+01
   2.01151500000000e+08   2.29333045353997e-06   2.50103980505602e+01
   2.01551502000000e+08   1.07306618701841e-06   2.49703664855106e+01
   2.01951505000000e+08   2.53745429290575e-06   2.51905400932058e+01
   2.02351507000000e+08   1.49309300923051e-06   2.51224864326656e+01
   2.02751510000000e+08   1.88646299648099e-06   2.50344169895869e+01
   2.03151513000000e+08   2.12900954466022e-06   2.50864580241371e+01
