   4.00002000000000e+05   1.52724715007935e-06   2.50784517111300e+01
   8.00005000000000e+05   1.69861596077681e-06   2.50344169895869e+01
   1.20000800000000e+06   1.68651081366988e-06   2.50704453981228e+01
   1.60001000000000e+06   1.54121426021447e-06   2.51665211541937e+01
   2.00001300000000e+06   1.87167859166948e-06   2.51264895891685e+01
   2.40001500000000e+06   1.72441855283978e-06   2.51505085281844e+01
   2.80001800000000e+06   1.64901268817630e-06   2.51024706501504e+01
   3.20002000000000e+06   1.87754301350651e-06   2.50624390851152e+01
   3.60002300000000e+06   1.70938972132717e-06   2.50864580241371e+01
   4.00002600000000e+06   1.86817226222047e-06   2.51184832761627e+01
   4.40002800000000e+06   1.66404379342566e-06   2.50224075200738e+01
   4.80003100000000e+06   1.74474268987979e-06   2.50224075200738e+01
   5.20003300000000e+06   1.81736629656370e-06   2.50744485546264e+01
   5.60003600000000e+06   1.49530035287171e-06   2.49663633290053e+01
   6.00003900000000e+06   1.66540382906533e-06   2.49703664855106e+01
   6.40004100000000e+06   1.65721917255723e-06   2.49783727985210e+01
   6.80004400000000e+06   1.62049605023640e-06   2.49903822680362e+01
   7.20004600000000e+06   1.65994015333126e-06   2.49583570159945e+01
   7.60004900000000e+06   1.67674932072259e-06   2.49623601725000e+01
   8.00005200000000e+06   1.86741101515508e-06   2.49783727985210e+01
   8.40005400000000e+06   1.64281323122850e-06   2.49863791115312e+01
   8.80005700000000e+06   1.67524353855697e-06   2.50224075200738e+01
   9.20005900000000e+06   1.85099349891971e-06   2.49943854245411e+01
   9.60006200000000e+06   1.84063901542686e-06   2.51304927456713e+01
   4.21774730000000e+07   1.33287700009532e-04   2.50464264590994e+01
   4.25774760000000e+07   1.46933803080174e-06   2.50304138330826e+01
   4.29774790000000e+07   1.79900075636397e-06   2.50944643371439e+01
   4.33774810000000e+07   1.65076016855892e-06   2.51625179976914e+01
   4.37774840000000e+07   1.77755293861992e-06   2.50424233025953e+01
   4.41774860000000e+07   1.90214962003665e-06   2.49543538594890e+01
   4.45774890000000e+07   1.67186772159766e-06   2.49103191379245e+01
   4.49774920000000e+07   1.95995630747348e-06   2.50544327721075e+01
   4.53774940000000e+07   1.70999965121155e-06   2.49343380769607e+01
   4.57774970000000e+07   1.72637578543799e-06   2.50144012070648e+01
   4.61774990000000e+07   1.81603206783620e-06   2.50704453981228e+01
   4.65775020000000e+07   1.60216393396695e-06   2.50664422416190e+01
   4.69775050000000e+07   1.86402553481457e-06   2.49943854245411e+01
   4.73775070000000e+07   1.67068003520399e-06   2.50224075200738e+01
   4.77775100000000e+07   1.83654026386648e-06   2.50864580241371e+01
   4.81775120000000e+07   1.86033969384880e-06   2.50944643371439e+01
   4.85775150000000e+07   1.78575191966956e-06   2.52105558757142e+01
   4.89775180000000e+07   1.96697533283441e-06   2.50304138330826e+01
   4.93775200000000e+07   1.95060738406028e-06   2.50784517111300e+01
   4.97775230000000e+07   2.12444865610451e-06   2.49863791115312e+01
   5.01775250000000e+07   2.21312598114309e-06   2.51064738066536e+01
   5.05775280000000e+07   2.01000511879101e-06   2.50504296156035e+01
   5.09775300000000e+07   2.25959524868813e-06   2.51184832761627e+01
   5.13775330000000e+07   1.84514453849260e-06   2.50304138330826e+01
   5.17775360000000e+07   2.04431830752583e-06   2.51144801196597e+01
   9.56533510000000e+07   2.27125041419640e-04   2.50504296156035e+01
   9.60533530000000e+07   1.87363912118599e-06   2.50584359286114e+01
   9.64533560000000e+07   1.78557036178972e-06   2.50464264590994e+01
   9.68533580000000e+07   1.73616001575283e-06   2.50544327721075e+01
   9.72533610000000e+07   2.00211434275843e-06   2.50984674936472e+01
   9.76533640000000e+07   1.59004616762104e-06   2.49743696420159e+01
   9.80533660000000e+07   1.95019197235524e-06   2.50184043635693e+01
   9.84533690000000e+07   1.69515362813399e-06   2.50384201460911e+01
   9.88533710000000e+07   1.80372512659233e-06   2.50864580241371e+01
   9.92533740000000e+07   1.85488909210108e-06   2.50984674936472e+01
   9.96533770000000e+07   1.63261495345068e-06   2.51104769631567e+01
   1.00053379000000e+08   1.87865816769772e-06   2.50664422416190e+01
   1.00453382000000e+08   1.72051773006388e-06   2.49663633290053e+01
   1.00853384000000e+08   1.74611557213211e-06   2.50864580241371e+01
   1.01253387000000e+08   1.90719947568141e-06   2.51104769631567e+01
   1.01653389000000e+08   1.63540096309589e-06   2.50304138330826e+01
   1.02053392000000e+08   2.01700936486304e-06   2.50384201460911e+01
   1.02453395000000e+08   1.60995170972456e-06   2.50624390851152e+01
   1.02853397000000e+08   1.92088259609591e-06   2.49743696420159e+01
   1.03253400000000e+08   1.82440714979748e-06   2.50904611806405e+01
   1.03653402000000e+08   1.77698450443131e-06   2.50704453981228e+01
   1.04053405000000e+08   1.95293250726536e-06   2.50704453981228e+01
   1.04453408000000e+08   1.75255331669177e-06   2.50264106765782e+01
   1.04853410000000e+08   1.93709524864971e-06   2.49943854245411e+01
   1.05253413000000e+08   1.92737547877186e-06   2.51585148411891e+01
   1.48989961000000e+08   1.72900094185024e-04   2.50384201460911e+01
   1.49389964000000e+08   1.69237625868845e-06   2.51024706501504e+01
   1.49789966000000e+08   1.60762670020631e-06   2.50304138330826e+01
   1.50189969000000e+08   2.21775803765922e-06   2.51264895891685e+01
   1.50589972000000e+08   1.25059386846260e-06   2.50744485546264e+01
   1.50989974000000e+08   2.21030836655700e-06   2.51224864326656e+01
   1.51389977000000e+08   1.60182912622986e-06   2.51905400932058e+01
   1.51789979000000e+08   1.74778585915192e-06   2.51465053716819e+01
   1.52189982000000e+08   2.09141353479936e-06   2.50384201460911e+01
   1.52589985000000e+08   1.40373560952867e-06   2.50464264590994e+01
   1.52989987000000e+08   2.24001450987998e-06   2.50384201460911e+01
   1.53389990000000e+08   1.54274994201842e-06   2.50544327721075e+01
   1.53789992000000e+08   1.62152468874410e-06   2.51224864326656e+01
   1.54189995000000e+08   1.99037231141119e-06   2.50384201460911e+01
   1.54589997000000e+08   1.33888636355550e-06   2.49783727985210e+01
   1.54990000000000e+08   2.11303085961845e-06   2.50424233025953e+01
   1.55390003000000e+08   1.25723158816982e-06   2.50304138330826e+01
   1.55790005000000e+08   1.70600412729982e-06   2.50424233025953e+01
   1.56190008000000e+08   1.74470710589958e-06   2.48742907293661e+01
   1.56590010000000e+08   1.16814067041560e-06   2.49023128249120e+01
   1.56990013000000e+08   1.94703284250863e-06   2.49663633290053e+01
   1.57390016000000e+08   1.19338733384211e-06   2.49343380769607e+01
   1.57790018000000e+08   1.66960057867982e-06   2.49543538594890e+01
   1.58190021000000e+08   1.63227400662436e-06   2.50224075200738e+01
   1.58590023000000e+08   1.15430498226488e-06   2.50464264590994e+01
   1.93995163000000e+08   1.77275185706094e-04   2.51945432497076e+01
   1.94395165000000e+08   1.24980579130352e-06   2.51505085281844e+01
   1.94795168000000e+08   1.76070500401693e-06   2.51745274671980e+01
   1.95195170000000e+08   1.70093085216649e-06   2.52585937537280e+01
   1.95595173000000e+08   1.43608860980748e-06   2.50784517111300e+01
   1.95995176000000e+08   1.92008769772656e-06   2.49343380769607e+01
   1.96395178000000e+08   1.49240986502264e-06   2.50464264590994e+01
   1.96795181000000e+08   1.81731957127340e-06   2.50944643371439e+01
   1.97195183000000e+08   1.65078927238937e-06   2.50584359286114e+01
   1.97595186000000e+08   1.64514153766504e-06   2.51104769631567e+01
   1.97995189000000e+08   2.07202265301021e-06   2.51665211541937e+01
   1.98395191000000e+08   1.50566768297722e-06   2.49423443899722e+01
   1.98795194000000e+08   1.94979702428100e-06   2.50664422416190e+01
   1.99195196000000e+08   1.75562536242069e-06   2.51344959021740e+01
   1.99595199000000e+08   1.71798114934063e-06   2.52265685017198e+01
   1.99995201000000e+08   1.94977110368200e-06   2.50304138330826e+01
   2.00395204000000e+08   1.57873478201509e-06   2.51264895891685e+01
   2.00795207000000e+08   2.02439991880965e-06   2.49543538594890e+01
   2.01195209000000e+08   1.76193100287492e-06   2.52465842842254e+01
   2.01595212000000e+08   1.82947576377046e-06   2.52025495627110e+01
   2.01995214000000e+08   2.15685122384457e-06   2.51745274671980e+01
   2.02395217000000e+08   1.66036841164896e-06   2.51985464062093e+01
   2.02795220000000e+08   2.11658107218682e-06   2.50944643371439e+01
   2.03195222000000e+08   1.71407009474933e-06   2.51785306237000e+01
   2.03595225000000e+08   1.71115357261442e-06   2.51505085281844e+01
