   4.00002000000000e+05   1.89581226095470e-06   2.50904611806405e+01
   8.00005000000000e+05   1.92990455616382e-06   2.50344169895869e+01
   1.20000700000000e+06   2.09768950298894e-06   2.51665211541937e+01
   1.60001000000000e+06   1.78146160578763e-06   2.50624390851152e+01
   2.00001300000000e+06   1.99081523533096e-06   2.50744485546264e+01
   2.40001500000000e+06   1.83381746410305e-06   2.50264106765782e+01
   2.80001800000000e+06   2.04863135877531e-06   2.49983885810460e+01
   3.20002000000000e+06   1.99321925720142e-06   2.50464264590994e+01
   3.60002300000000e+06   2.18439299715101e-06   2.50063948940555e+01
   4.00002600000000e+06   2.49321897172194e-06   2.49863791115312e+01
   4.40002800000000e+06   2.29322267841781e-06   2.50224075200738e+01
   4.80003100000000e+06   2.28229123422352e-06   2.50224075200738e+01
   5.20003300000000e+06   2.38773441196827e-06   2.50464264590994e+01
   5.60003600000000e+06   2.13424414141627e-06   2.50184043635693e+01
   6.00003900000000e+06   2.38420716414112e-06   2.49983885810460e+01
   6.40004100000000e+06   1.95705479200114e-06   2.50344169895869e+01
   6.80004400000000e+06   2.38343545788666e-06   2.50504296156035e+01
   7.20004600000000e+06   2.21779896492080e-06   2.50023917375508e+01
   7.60004900000000e+06   1.90745345207688e-06   2.50664422416190e+01
   8.00005200000000e+06   2.13987186725717e-06   2.50384201460911e+01
   8.40005400000000e+06   2.04984348783910e-06   2.50784517111300e+01
   8.80005700000000e+06   2.01895090867765e-06   2.50144012070648e+01
   9.20005900000000e+06   2.10880989470752e-06   2.50864580241371e+01
   9.60006200000000e+06   1.88439059911616e-06   2.51064738066536e+01
   4.20595130000000e+07   1.33275258122012e-04   2.49983885810460e+01
   4.24595150000000e+07   1.90406979072577e-06   2.49663633290053e+01
   4.28595180000000e+07   1.62811420523212e-06   2.49663633290053e+01
   4.32595210000000e+07   1.81093344053807e-06   2.49583570159945e+01
   4.36595230000000e+07   1.69804081906477e-06   2.51064738066536e+01
   4.40595260000000e+07   1.86737008789351e-06   2.50504296156035e+01
   4.44595290000000e+07   1.76716218902584e-06   2.50664422416190e+01
   4.48595310000000e+07   1.80469544375228e-06   2.49863791115312e+01
   4.52595340000000e+07   2.00686554308049e-06   2.51465053716819e+01
   4.56595360000000e+07   2.10725511351484e-06   2.50063948940555e+01
   4.60595390000000e+07   2.16153671317443e-06   2.50464264590994e+01
   4.64595420000000e+07   2.19181811189628e-06   2.50984674936472e+01
   4.68595440000000e+07   2.20040237763897e-06   2.51264895891685e+01
   4.72595470000000e+07   2.11608926292683e-06   2.51104769631567e+01
   4.76595490000000e+07   2.12095960705483e-06   2.49983885810460e+01
   4.80595520000000e+07   2.19178332372394e-06   2.49303349204548e+01
   4.84595550000000e+07   2.12791110243415e-06   2.48903033553927e+01
   4.88595570000000e+07   2.07814719033195e-06   2.49223286074429e+01
   4.92595600000000e+07   2.24128757508879e-06   2.49503507029835e+01
   4.96595620000000e+07   2.45576802626601e-06   2.50023917375508e+01
   5.00595650000000e+07   2.47487787419232e-06   2.48863001988861e+01
   5.04595680000000e+07   2.41471411754901e-06   2.50224075200738e+01
   5.08595700000000e+07   2.49770891969092e-06   2.49463475464779e+01
   5.12595730000000e+07   2.37740368902450e-06   2.50023917375508e+01
   5.16595750000000e+07   2.06410049941042e-06   2.50184043635693e+01
   9.50957880000000e+07   2.13125051232055e-04   2.50184043635693e+01
   9.54957910000000e+07   1.70969622104167e-06   2.50464264590994e+01
   9.58957930000000e+07   1.42028022764862e-06   2.50744485546264e+01
   9.62957960000000e+07   1.55387760969461e-06   2.50624390851152e+01
   9.66957990000000e+07   1.50365929130203e-06   2.48903033553927e+01
   9.70958010000000e+07   1.50016080624482e-06   2.48742907293661e+01
   9.74958040000000e+07   2.04975981432653e-06   2.57069472814277e+01
   9.78958060000000e+07   1.55213274410926e-06   2.58670735411341e+01
   9.82958090000000e+07   2.09433119380265e-06   2.50504296156035e+01
   9.86958120000000e+07   1.93302571460663e-06   2.49063159814183e+01
   9.90958140000000e+07   1.77868162154482e-06   2.50864580241371e+01
   9.94958170000000e+07   2.06815184355946e-06   2.48782938858728e+01
   9.98958190000000e+07   1.85100134331151e-06   2.49463475464779e+01
   1.00295822000000e+08   2.08009487323579e-06   2.49783727985210e+01
   1.00695825000000e+08   1.91385356629326e-06   2.50784517111300e+01
   1.01095827000000e+08   1.87951479801995e-06   2.51064738066536e+01
   1.01495830000000e+08   1.98374937099288e-06   2.50824548676336e+01
   1.01895832000000e+08   1.53630435306695e-06   2.50544327721075e+01
   1.02295835000000e+08   1.68064650551969e-06   2.49943854245411e+01
   1.02695838000000e+08   1.80682059180981e-06   2.49863791115312e+01
   1.03095840000000e+08   1.60290869644086e-06   2.50744485546264e+01
   1.03495843000000e+08   1.95563166016655e-06   2.50384201460911e+01
   1.03895846000000e+08   1.56465125655814e-06   2.50544327721075e+01
   1.04295848000000e+08   1.98534416995244e-06   2.50224075200738e+01
   1.04695851000000e+08   1.75371815203107e-06   2.50584359286114e+01
   1.48318353000000e+08   1.73700114828534e-04   2.50944643371439e+01
   1.48718355000000e+08   1.77206368334737e-06   2.49663633290053e+01
   1.49118358000000e+08   1.67790676641744e-06   2.49583570159945e+01
   1.49518361000000e+08   2.26447900786297e-06   2.50103980505602e+01
   1.49918363000000e+08   2.53071357292356e-06   2.50224075200738e+01
   1.50318366000000e+08   2.31199078370992e-06   2.50424233025953e+01
   1.50718368000000e+08   2.42133705796732e-06   2.49903822680362e+01
   1.51118371000000e+08   2.54949122791004e-06   2.50344169895869e+01
   1.51518374000000e+08   2.53815596806817e-06   2.49423443899722e+01
   1.51918376000000e+08   2.80320023193781e-06   2.50103980505602e+01
   1.52318379000000e+08   2.61885224972502e-06   2.50103980505602e+01
   1.52718381000000e+08   2.80457038570603e-06   2.50424233025953e+01
   1.53118384000000e+08   2.68654252977285e-06   2.49863791115312e+01
   1.53518387000000e+08   2.56726593761414e-06   2.50063948940555e+01
   1.53918389000000e+08   2.74108219855407e-06   2.50784517111300e+01
   1.54318392000000e+08   2.54421729550813e-06   2.49743696420159e+01
   1.54718394000000e+08   2.60457773038070e-06   2.50744485546264e+01
   1.55118397000000e+08   2.63033143710345e-06   2.50063948940555e+01
   1.55518400000000e+08   2.21975119529816e-06   2.50904611806405e+01
   1.55918402000000e+08   2.36231426242739e-06   2.49783727985210e+01
   1.56318405000000e+08   2.08717415262072e-06   2.50344169895869e+01
   1.56718407000000e+08   2.20379115489777e-06   2.51024706501504e+01
   1.57118410000000e+08   2.30361979447480e-06   2.50664422416190e+01
   1.57518413000000e+08   1.99770965991775e-06   2.50103980505602e+01
   1.57918415000000e+08   2.26542397285812e-06   2.50464264590994e+01
   1.92867493000000e+08   1.64912693435326e-04   2.50144012070648e+01
   1.93267495000000e+08   2.12716076930519e-06   2.49663633290053e+01
   1.93667498000000e+08   1.86584884431795e-06   2.49703664855106e+01
   1.94067501000000e+08   1.86623276476894e-06   2.50984674936472e+01
   1.94467503000000e+08   1.99219766727765e-06   2.50624390851152e+01
   1.94867506000000e+08   1.71585043062805e-06   2.49743696420159e+01
   1.95267509000000e+08   1.83260340236302e-06   2.50224075200738e+01
   1.95667511000000e+08   1.59978321789822e-06   2.51144801196597e+01
   1.96067514000000e+08   1.64278765169001e-06   2.50023917375508e+01
   1.96467516000000e+08   1.59177420755441e-06   2.50464264590994e+01
   1.96867519000000e+08   1.57207193751674e-06   2.50544327721075e+01
   1.97267522000000e+08   1.67832354236452e-06   2.49783727985210e+01
   1.97667524000000e+08   1.67792643424036e-06   2.50144012070648e+01
   1.98067527000000e+08   1.48573212754854e-06   2.51264895891685e+01
   1.98467529000000e+08   1.76776200078166e-06   2.49983885810460e+01
   1.98867532000000e+08   1.44881289543264e-06   2.51104769631567e+01
   1.99267535000000e+08   1.58296143126790e-06   2.50544327721075e+01
   1.99667537000000e+08   1.11851954898157e-06   2.50544327721075e+01
   2.00067540000000e+08   1.33705032112630e-06   2.49623601725000e+01
   2.00467542000000e+08   1.24102132303960e-06   2.50864580241371e+01
   2.00867545000000e+08   1.15133809686085e-06   2.50224075200738e+01
   2.01267548000000e+08   1.60950048666564e-06   2.49303349204548e+01
   2.01667550000000e+08   2.13187013287097e-06   2.51104769631567e+01
   2.02067553000000e+08   2.10572511605278e-06   2.49143222944307e+01
   2.02467555000000e+08   2.18697800846712e-06   2.49343380769607e+01
