   4.00002000000000e+05   2.36653363572259e-06   2.50304138330826e+01
   8.00005000000000e+05   2.35611128118762e-06   2.50704453981228e+01
   1.20000800000000e+06   2.31311378229293e-06   2.49423443899722e+01
   1.60001000000000e+06   2.04045704776945e-06   2.50144012070648e+01
   2.00001300000000e+06   2.17794672607852e-06   2.50344169895869e+01
   2.40001500000000e+06   2.13538282878289e-06   2.50464264590994e+01
   2.80001800000000e+06   2.08653455047170e-06   2.50184043635693e+01
   3.20002100000000e+06   2.06699382943043e-06   2.51184832761627e+01
   3.60002300000000e+06   1.91036178875947e-06   2.51144801196597e+01
   4.00002600000000e+06   2.03108493224136e-06   2.50584359286114e+01
   4.40002800000000e+06   1.91248955161427e-06   2.50304138330826e+01
   4.80003100000000e+06   1.94122799257457e-06   2.50664422416190e+01
   5.20003400000000e+06   2.26075303544349e-06   2.50664422416190e+01
   5.60003600000000e+06   2.22719086195866e-06   2.50464264590994e+01
   6.00003900000000e+06   2.34673916565953e-06   2.50904611806405e+01
   6.40004100000000e+06   2.41375528275967e-06   2.50984674936472e+01
   6.80004400000000e+06   2.29225906878128e-06   2.50544327721075e+01
   7.20004700000000e+06   2.37134099734249e-06   2.49823759550261e+01
   7.60004900000000e+06   2.18657874029304e-06   2.50744485546264e+01
   8.00005200000000e+06   2.38559664467175e-06   2.50864580241371e+01
   8.40005400000000e+06   2.19317735172808e-06   2.50664422416190e+01
   8.80005700000000e+06   2.29122770178947e-06   2.49823759550261e+01
   9.20005900000000e+06   1.91797562365537e-06   2.51505085281844e+01
   9.60006200000000e+06   1.60392141879129e-06   2.50063948940555e+01
   4.23834570000000e+07   2.40566255524755e-03   2.51144801196597e+01
   4.27834600000000e+07   9.76835508481599e-07   2.50984674936472e+01
   4.31834620000000e+07   1.19768026252132e-06   2.50063948940555e+01
   4.35834650000000e+07   7.07751212303265e-07   2.50464264590994e+01
   4.39834670000000e+07   1.01732575785718e-06   2.50624390851152e+01
   4.43834700000000e+07   1.21856612622651e-06   2.50824548676336e+01
   4.47834730000000e+07   7.95933885910927e-07   2.51344959021740e+01
   4.51834750000000e+07   1.16400815386442e-06   2.51825337802020e+01
   4.55834780000000e+07   9.09125560610846e-07   2.50944643371439e+01
   4.59834800000000e+07   1.14816066343337e-06   2.50304138330826e+01
   4.63834830000000e+07   1.53794428570109e-06   2.51184832761627e+01
   4.67834860000000e+07   1.10283588128368e-06   2.49903822680362e+01
   4.71834880000000e+07   1.27816531403369e-06   2.50864580241371e+01
   4.75834910000000e+07   9.74679437604209e-07   2.51024706501504e+01
   4.79834930000000e+07   1.32304501221370e-06   2.50824548676336e+01
   4.83834960000000e+07   1.60838385454554e-06   2.49583570159945e+01
   4.87834990000000e+07   1.24398195566755e-06   2.50264106765782e+01
   4.91835010000000e+07   1.37396580157656e-06   2.50984674936472e+01
   4.95835040000000e+07   1.27969803997985e-06   2.50464264590994e+01
   4.99835060000000e+07   1.53744736053341e-06   2.50504296156035e+01
   5.03835090000000e+07   1.82629423761682e-06   2.51465053716819e+01
   5.07835110000000e+07   1.50370044593728e-06   2.50304138330826e+01
   5.11835140000000e+07   1.97634540199942e-06   2.50344169895869e+01
   5.15835170000000e+07   2.11136534744583e-06   2.51505085281844e+01
   5.19835190000000e+07   2.44931925408309e-06   2.51425022151793e+01
   9.59565280000000e+07  -4.30552428588271e-03   2.50023917375508e+01
   9.63565310000000e+07   1.10819371457183e-06   2.50144012070648e+01
   9.67565330000000e+07   1.74968022292887e-06   2.50504296156035e+01
   9.71565360000000e+07   9.76187379819748e-07   2.50264106765782e+01
   9.75565390000000e+07   2.07645393857092e-06   2.50023917375508e+01
   9.79565410000000e+07   2.13947191696207e-06   2.50664422416190e+01
   9.83565440000000e+07   1.86720262718154e-06   2.50664422416190e+01
   9.87565460000000e+07   2.19446360461006e-06   2.50544327721075e+01
   9.91565490000000e+07   1.30090859329357e-06   2.51104769631567e+01
   9.95565520000000e+07   2.38896541304712e-06   2.50344169895869e+01
   9.99565540000000e+07   2.60466435975104e-06   2.50384201460911e+01
   1.00356557000000e+08   1.97163785742305e-06   2.50944643371439e+01
   1.00756559000000e+08   2.45191358771990e-06   2.50944643371439e+01
   1.01156562000000e+08   1.71668079929077e-06   2.50784517111300e+01
   1.01556565000000e+08   2.48537662628223e-06   2.49783727985210e+01
   1.01956567000000e+08   2.58484988080454e-06   2.50144012070648e+01
   1.02356570000000e+08   2.27012560571893e-06   2.50023917375508e+01
   1.02756572000000e+08   2.77558820016566e-06   2.50784517111300e+01
   1.03156575000000e+08   1.59690659984335e-06   2.49623601725000e+01
   1.03556577000000e+08   1.98664270101290e-06   2.49223286074429e+01
   1.03956580000000e+08   2.32160368796031e-06   2.50624390851152e+01
   1.04356583000000e+08   1.86328975360084e-06   2.50384201460911e+01
   1.04756585000000e+08   2.25326425606909e-06   2.50224075200738e+01
   1.05156588000000e+08   1.11576366634836e-06   2.50504296156035e+01
   1.05556590000000e+08   1.42141038850241e-06   2.49783727985210e+01
   1.49316671000000e+08   4.70737461000681e-03   2.50144012070648e+01
   1.49716674000000e+08   1.44991656725324e-06   2.50184043635693e+01
   1.50116676000000e+08   3.44562636200862e-06   2.50344169895869e+01
   1.50516679000000e+08   1.63999595770292e-06   2.50184043635693e+01
   1.50916682000000e+08   3.51125981978839e-06   2.49983885810460e+01
   1.51316684000000e+08   3.51290623257228e-06   2.50984674936472e+01
   1.51716687000000e+08   9.42762483191473e-07   2.49743696420159e+01
   1.52116689000000e+08   2.66268648374535e-06   2.50944643371439e+01
   1.52516692000000e+08   9.91140723272110e-07   2.50424233025953e+01
   1.52916695000000e+08   2.67430414169212e-06   2.50704453981228e+01
   1.53316697000000e+08   3.54449434780690e-06   2.50144012070648e+01
   1.53716700000000e+08   1.43364195537288e-06   2.50744485546264e+01
   1.54116702000000e+08   3.05744379147654e-06   2.51024706501504e+01
   1.54516705000000e+08   1.47609637224377e-06   2.51184832761627e+01
   1.54916707000000e+08   2.86692807094369e-06   2.51465053716819e+01
   1.55316710000000e+08   3.42265957442578e-06   2.51625179976914e+01
   1.55716713000000e+08   1.24142661661608e-06   2.50384201460911e+01
   1.56116715000000e+08   2.77506774182257e-06   2.50063948940555e+01
   1.56516718000000e+08   1.05929848359665e-06   2.50063948940555e+01
   1.56916720000000e+08   2.38696316046116e-06   2.50023917375508e+01
   1.57316723000000e+08   2.86883573608065e-06   2.50864580241371e+01
   1.57716726000000e+08   9.17214549644996e-07   2.50023917375508e+01
   1.58116728000000e+08   2.26821907745034e-06   2.49183254509368e+01
   1.58516731000000e+08   6.72739304263814e-07   2.49703664855106e+01
   1.58916733000000e+08   1.76749870206550e-06   2.49423443899722e+01
   1.93883679000000e+08  -2.09860038012266e-03   2.51024706501504e+01
   1.94283681000000e+08   1.15998193450650e-06   2.50424233025953e+01
   1.94683684000000e+08   1.52886605064850e-06   2.50424233025953e+01
   1.95083687000000e+08   8.37939694520173e-07   2.50464264590994e+01
   1.95483689000000e+08   1.89823037999304e-06   2.50464264590994e+01
   1.95883692000000e+08   2.53882080869516e-06   2.50704453981228e+01
   1.96283694000000e+08   1.85030216925952e-06   2.50664422416190e+01
   1.96683697000000e+08   2.27721784540336e-06   2.50063948940555e+01
   1.97083700000000e+08   1.34104698190640e-06   2.49943854245411e+01
   1.97483702000000e+08   1.74495983173983e-06   2.50103980505602e+01
   1.97883705000000e+08   2.35914490076539e-06   2.50424233025953e+01
   1.98283707000000e+08   1.92406696442049e-06   2.50704453981228e+01
   1.98683710000000e+08   2.29943657359399e-06   2.50424233025953e+01
   1.99083712000000e+08   1.18327943710028e-06   2.49783727985210e+01
   1.99483715000000e+08   9.48024819535931e-07   2.51665211541937e+01
   1.99883718000000e+08   1.71848307672917e-06   2.51104769631567e+01
   2.00283720000000e+08   1.30647219975799e-06   2.50504296156035e+01
   2.00683723000000e+08   1.69205441125087e-06   2.51224864326656e+01
   2.01083725000000e+08   8.42514737087185e-07   2.50904611806405e+01
   2.01483728000000e+08   1.72012539678690e-06   2.51024706501504e+01
   2.01883731000000e+08   2.32491106544330e-06   2.50264106765782e+01
   2.02283733000000e+08   2.21880054596113e-06   2.51104769631567e+01
   2.02683736000000e+08   2.48882679443341e-06   2.50664422416190e+01
   2.03083738000000e+08   1.51042343077279e-06   2.50984674936472e+01
   2.03483741000000e+08   1.40988515795470e-06   2.50704453981228e+01
