   4.00003000000000e+05   1.50553694311384e-06   2.50344169895869e+01
   8.00005000000000e+05   1.28374927044206e-06   2.49743696420159e+01
   1.20000800000000e+06   1.51851065766095e-06   2.49223286074429e+01
   1.60001100000000e+06   1.46698596381611e-06   2.50704453981228e+01
   2.00001300000000e+06   1.63748927661800e-06   2.50584359286114e+01
   2.40001600000000e+06   1.69665167959465e-06   2.49823759550261e+01
   2.80001800000000e+06   1.62442870532686e-06   2.50464264590994e+01
   3.20002100000000e+06   1.73571277173323e-06   2.49983885810460e+01
   3.60002400000000e+06   1.66251390965044e-06   2.50744485546264e+01
   4.00002600000000e+06   1.58732495947334e-06   2.50944643371439e+01
   4.40002900000000e+06   1.70134455856896e-06   2.50184043635693e+01
   4.80003100000000e+06   1.56502585468843e-06   2.50344169895869e+01
   5.20003400000000e+06   1.64610082720174e-06   2.50784517111300e+01
   5.60003700000000e+06   1.94513904716587e-06   2.50544327721075e+01
   6.00003900000000e+06   2.32332035920990e-06   2.50224075200738e+01
   6.40004200000000e+06   2.54283509093511e-06   2.49663633290053e+01
   6.80004400000000e+06   2.35769107348460e-06   2.50304138330826e+01
   7.20004700000000e+06   2.53191296906152e-06   2.50264106765782e+01
   7.60004900000000e+06   2.40848248722614e-06   2.50704453981228e+01
   8.00005200000000e+06   2.39988162320515e-06   2.50984674936472e+01
   8.40005500000000e+06   2.53465304922429e-06   2.49743696420159e+01
   8.80005700000000e+06   2.27568057198368e-06   2.51104769631567e+01
   9.20006000000000e+06   2.56863904724014e-06   2.51304927456713e+01
   9.60006200000000e+06   2.17891943066206e-06   2.50624390851152e+01
   4.24935670000000e+07   2.40108743309975e-03   2.50023917375508e+01
   4.28935700000000e+07   1.31549643356266e-06   2.50304138330826e+01
   4.32935730000000e+07   1.95830102711625e-06   2.50384201460911e+01
   4.36935750000000e+07   1.92544189303590e-06   2.50504296156035e+01
   4.40935780000000e+07   1.28098190543824e-06   2.50504296156035e+01
   4.44935800000000e+07   2.49345930569689e-06   2.49943854245411e+01
   4.48935830000000e+07   1.22343897146493e-06   2.50624390851152e+01
   4.52935860000000e+07   1.70861073911510e-06   2.50344169895869e+01
   4.56935880000000e+07   1.83999873115681e-06   2.50584359286114e+01
   4.60935910000000e+07   1.49783124925307e-06   2.51505085281844e+01
   4.64935930000000e+07   2.74226590590843e-06   2.51184832761627e+01
   4.68935960000000e+07   1.66961785907915e-06   2.51545116846868e+01
   4.72935990000000e+07   1.91895992429636e-06   2.51425022151793e+01
   4.76936010000000e+07   1.95902634914091e-06   2.50704453981228e+01
   4.80936040000000e+07   1.56680118834629e-06   2.51985464062093e+01
   4.84936060000000e+07   2.76272885457729e-06   2.50424233025953e+01
   4.88936090000000e+07   1.78471555045689e-06   2.50544327721075e+01
   4.92936110000000e+07   2.06064873964351e-06   2.50864580241371e+01
   4.96936140000000e+07   2.06399113267253e-06   2.50224075200738e+01
   5.00936170000000e+07   1.70071666616423e-06   2.50424233025953e+01
   5.04936190000000e+07   2.98614349958370e-06   2.50264106765782e+01
   5.08936220000000e+07   2.03867443815398e-06   2.50144012070648e+01
   5.12936240000000e+07   2.22746552935860e-06   2.50664422416190e+01
   5.16936270000000e+07   1.37633276153792e-06   2.50224075200738e+01
   5.20936300000000e+07   6.15729220498906e-07   2.50144012070648e+01
   9.57755730000000e+07  -4.30459948256612e-03   2.50144012070648e+01
   9.61755750000000e+07   1.73887485743762e-06   2.49543538594890e+01
   9.65755780000000e+07   2.57757142207993e-06   2.50824548676336e+01
   9.69755800000000e+07   2.54609972216713e-06   2.49903822680362e+01
   9.73755830000000e+07   1.65762730830465e-06   2.50424233025953e+01
   9.77755860000000e+07   1.23558356790454e-06   2.49183254509368e+01
   9.81755880000000e+07   1.28836450130621e-06   2.51024706501504e+01
   9.85755910000000e+07   2.16221383197990e-06   2.50304138330826e+01
   9.89755930000000e+07   2.04392608793569e-06   2.49863791115312e+01
   9.93755960000000e+07   1.51314156937588e-06   2.50023917375508e+01
   9.97755990000000e+07   1.68799010680232e-06   2.50504296156035e+01
   1.00175601000000e+08   1.99465807781962e-06   2.50464264590994e+01
   1.00575604000000e+08   2.72976694759564e-06   2.50744485546264e+01
   1.00975606000000e+08   2.86120234704867e-06   2.49583570159945e+01
   1.01375609000000e+08   2.07068455893022e-06   2.54027073877158e+01
   1.01775612000000e+08   1.64940354352439e-06   2.50504296156035e+01
   1.02175614000000e+08   1.45433079978829e-06   2.50624390851152e+01
   1.02575617000000e+08   2.29245847549464e-06   2.50544327721075e+01
   1.02975619000000e+08   2.25565577238740e-06   2.49943854245411e+01
   1.03375622000000e+08   1.81170457835833e-06   2.50704453981228e+01
   1.03775625000000e+08   1.27140390304703e-06   2.50784517111300e+01
   1.04175627000000e+08   1.12756254111446e-06   2.50184043635693e+01
   1.04575630000000e+08   1.68423662216810e-06   2.50504296156035e+01
   1.04975632000000e+08   1.81223208528536e-06   2.50624390851152e+01
   1.05375635000000e+08   1.34401273044205e-06   2.50184043635693e+01
   1.49136290000000e+08   4.70225000753999e-03   2.50544327721075e+01
   1.49536293000000e+08   1.30409648591012e-06   2.50264106765782e+01
   1.49936295000000e+08   2.08046321859001e-06   2.50704453981228e+01
   1.50336298000000e+08   7.66501329962921e-07   2.50944643371439e+01
   1.50736301000000e+08   2.47750745074882e-06   2.50504296156035e+01
   1.51136303000000e+08   9.71891381595924e-07   2.50103980505602e+01
   1.51536306000000e+08   1.00204022146499e-06   2.50063948940555e+01
   1.51936308000000e+08   2.22365201807406e-06   2.50384201460911e+01
   1.52336311000000e+08   9.20414947813697e-07   2.51024706501504e+01
   1.52736313000000e+08   2.31967283070844e-06   2.51304927456713e+01
   1.53136316000000e+08   1.13226315079373e-06   2.50944643371439e+01
   1.53536319000000e+08   1.24620953556587e-06   2.50184043635693e+01
   1.53936321000000e+08   2.41749671658908e-06   2.50224075200738e+01
   1.54336324000000e+08   1.14080614821432e-06   2.50224075200738e+01
   1.54736326000000e+08   2.70443115368835e-06   2.49983885810460e+01
   1.55136329000000e+08   1.59214266659546e-06   2.50464264590994e+01
   1.55536332000000e+08   1.33147455017024e-06   2.50304138330826e+01
   1.55936334000000e+08   2.41114821619703e-06   2.50904611806405e+01
   1.56336337000000e+08   1.22519895739970e-06   2.49823759550261e+01
   1.56736339000000e+08   2.52737891059951e-06   2.49103191379245e+01
   1.57136342000000e+08   1.47363482483343e-06   2.49943854245411e+01
   1.57536345000000e+08   1.24919949939795e-06   2.50264106765782e+01
   1.57936347000000e+08   2.25601729653135e-06   2.49703664855106e+01
   1.58336350000000e+08   9.96145558929129e-07   2.50103980505602e+01
   1.58736352000000e+08   2.27550003728538e-06   2.50384201460911e+01
   1.93772032000000e+08  -2.08902498707175e-03   2.50624390851152e+01
   1.94172035000000e+08   1.86566001048050e-06   2.50984674936472e+01
   1.94572037000000e+08   2.72263582701271e-06   2.50384201460911e+01
   1.94972040000000e+08   1.74621948190179e-06   2.49303349204548e+01
   1.95372042000000e+08   1.97937379198265e-06   2.49143222944307e+01
   1.95772045000000e+08   2.01062539417762e-06   2.50704453981228e+01
   1.96172048000000e+08   1.99995315597334e-06   2.49863791115312e+01
   1.96572050000000e+08   2.97991959996580e-06   2.50704453981228e+01
   1.96972053000000e+08   2.01535181076906e-06   2.49743696420159e+01
   1.97372055000000e+08   2.11075939660077e-06   2.51224864326656e+01
   1.97772058000000e+08   1.86688350822806e-06   2.50344169895869e+01
   1.98172061000000e+08   1.88447893378907e-06   2.49783727985210e+01
   1.98572063000000e+08   2.89219860860612e-06   2.50384201460911e+01
   1.98972066000000e+08   1.79974574621156e-06   2.50384201460911e+01
   1.99372068000000e+08   1.99153396351903e-06   2.50704453981228e+01
   1.99772071000000e+08   1.58051125254133e-06   2.50504296156035e+01
   2.00172074000000e+08   1.42474505082646e-06   2.51705243106959e+01
   2.00572076000000e+08   2.29273359764193e-06   2.50344169895869e+01
   2.00972079000000e+08   1.28343310734635e-06   2.50144012070648e+01
   2.01372081000000e+08   1.49195864196372e-06   2.50704453981228e+01
   2.01772084000000e+08   1.82969472461991e-06   2.49343380769607e+01
   2.02172086000000e+08   1.99441501536057e-06   2.49903822680362e+01
   2.02572089000000e+08   2.90448383566400e-06   2.50103980505602e+01
   2.02972092000000e+08   1.94919380192005e-06   2.50144012070648e+01
   2.03372094000000e+08   2.07317361855530e-06   2.50304138330826e+01
