   4.00002000000000e+05   2.03603690351883e-06   2.50464264590994e+01
   8.00005000000000e+05   2.07520679396112e-06   2.50144012070648e+01
   1.20000800000000e+06   1.95255461221677e-06   2.49783727985210e+01
   1.60001000000000e+06   2.09473887480272e-06   2.49263317639489e+01
   2.00001300000000e+06   1.98928819372668e-06   2.50704453981228e+01
   2.40001500000000e+06   2.02678347704932e-06   2.49423443899722e+01
   2.80001800000000e+06   2.21584900828020e-06   2.49863791115312e+01
   3.20002100000000e+06   2.21975619751902e-06   2.49583570159945e+01
   3.60002300000000e+06   2.17852652895090e-06   2.49463475464779e+01
   4.00002600000000e+06   2.23909114538401e-06   2.51024706501504e+01
   4.40002800000000e+06   2.16900184568658e-06   2.50063948940555e+01
   4.80003100000000e+06   1.99885153051582e-06   2.50304138330826e+01
   5.20003400000000e+06   1.99238388631784e-06   2.49063159814183e+01
   5.60003600000000e+06   2.06053869078460e-06   2.50424233025953e+01
   6.00003900000000e+06   1.93927917280234e-06   2.49423443899722e+01
   6.40004100000000e+06   1.92288098332938e-06   2.50824548676336e+01
   6.80004400000000e+06   1.62481967436179e-06   2.51344959021740e+01
   7.20004700000000e+06   1.58552074935869e-06   2.50504296156035e+01
   7.60004900000000e+06   1.57553267854382e-06   2.50664422416190e+01
   8.00005200000000e+06   1.50110383856372e-06   2.48863001988861e+01
   8.40005400000000e+06   1.64937978297530e-06   2.50624390851152e+01
   8.80005700000000e+06   1.67227460678987e-06   2.50063948940555e+01
   9.20005900000000e+06   1.60738034082897e-06   2.50424233025953e+01
   9.60006200000000e+06   1.71993292497064e-06   2.50184043635693e+01
   4.20791940000000e+07  -2.06663715653121e-03   2.50784517111300e+01
   4.24791970000000e+07   1.92621405403770e-06   2.49783727985210e+01
   4.28792000000000e+07   3.31479668602697e-06   2.50904611806405e+01
   4.32792020000000e+07   2.17620186049317e-06   2.51104769631567e+01
   4.36792050000000e+07   8.20993420802552e-07   2.49983885810460e+01
   4.40792070000000e+07   3.05449157167459e-06   2.50864580241371e+01
   4.44792100000000e+07   2.11205860978225e-06   2.49823759550261e+01
   4.48792130000000e+07   2.51750111601723e-06   2.50063948940555e+01
   4.52792150000000e+07   1.69257850757276e-06   2.50864580241371e+01
   4.56792180000000e+07   4.71708659688375e-07   2.50544327721075e+01
   4.60792200000000e+07   2.73573868980748e-06   2.50704453981228e+01
   4.64792230000000e+07   1.66189443007170e-06   2.49623601725000e+01
   4.68792260000000e+07   2.19528510569944e-06   2.50023917375508e+01
   4.72792280000000e+07   1.53227938426426e-06   2.50063948940555e+01
   4.76792310000000e+07   2.66474870613820e-07   2.49383412334665e+01
   4.80792330000000e+07   2.80681388176163e-06   2.51024706501504e+01
   4.84792360000000e+07   1.40598581310769e-06   2.50664422416190e+01
   4.88792380000000e+07   2.40861618294730e-06   2.50344169895869e+01
   4.92792410000000e+07   1.39200415105734e-06   2.50744485546264e+01
   4.96792440000000e+07   8.32027978958649e-07   2.50504296156035e+01
   5.00792460000000e+07   2.90203274744272e-06   2.50384201460911e+01
   5.04792490000000e+07   1.65565768384113e-06   2.50624390851152e+01
   5.08792510000000e+07   1.89003822015366e-06   2.51024706501504e+01
   5.12792540000000e+07   1.04020352864609e-06   2.50384201460911e+01
   5.16792570000000e+07   6.58277940601693e-07   2.50664422416190e+01
   9.54358760000000e+07   4.63244970887899e-03   2.50264106765782e+01
   9.58358780000000e+07   3.23439940075332e-06   2.50664422416190e+01
   9.62358810000000e+07   1.47843013564852e-06   2.49743696420159e+01
   9.66358840000000e+07   2.46966214945132e-06   2.49743696420159e+01
   9.70358860000000e+07   1.46030129144492e-06   2.50063948940555e+01
   9.74358890000000e+07   1.08606946014334e-06   2.50984674936472e+01
   9.78358910000000e+07   2.93078164759208e-06   2.49583570159945e+01
   9.82358940000000e+07   1.21761240734486e-06   2.49703664855106e+01
   9.86358970000000e+07   2.28304452321026e-06   2.51184832761627e+01
   9.90358990000000e+07   1.37095014451916e-06   2.50664422416190e+01
   9.94359020000000e+07   1.03364436654374e-06   2.50224075200738e+01
   9.98359040000000e+07   2.83746567220078e-06   2.50504296156035e+01
   1.00235907000000e+08   1.07485948319663e-06   2.49823759550261e+01
   1.00635910000000e+08   2.14508736462449e-06   2.50344169895869e+01
   1.01035912000000e+08   1.15679142709268e-06   2.50264106765782e+01
   1.01435915000000e+08   1.17092190521362e-06   2.49983885810460e+01
   1.01835917000000e+08   2.66473534793477e-06   2.50744485546264e+01
   1.02235920000000e+08   1.05898618585343e-06   2.49823759550261e+01
   1.02635922000000e+08   2.23385222852812e-06   2.50264106765782e+01
   1.03035925000000e+08   1.59618275574758e-06   2.50224075200738e+01
   1.03435928000000e+08   1.60604895427241e-06   2.49943854245411e+01
   1.03835930000000e+08   2.91439300781349e-06   2.49983885810460e+01
   1.04235933000000e+08   1.27831606278050e-06   2.49823759550261e+01
   1.04635935000000e+08   2.31943613471230e-06   2.50103980505602e+01
   1.05035938000000e+08   1.25593646771449e-06   2.49983885810460e+01
   1.48689819000000e+08  -4.22737328335643e-03   2.50944643371439e+01
   1.49089822000000e+08   8.80024117577705e-07   2.51144801196597e+01
   1.49489824000000e+08   1.70193175108579e-06   2.50624390851152e+01
   1.49889827000000e+08   3.57876251655398e-06   2.49743696420159e+01
   1.50289829000000e+08   2.30084287977661e-06   2.49343380769607e+01
   1.50689832000000e+08   1.77705248916027e-06   2.49783727985210e+01
   1.51089834000000e+08   1.05363085367571e-06   2.50384201460911e+01
   1.51489837000000e+08   1.94511608242465e-06   2.50264106765782e+01
   1.51889840000000e+08   3.45813168678433e-06   2.49543538594890e+01
   1.52289842000000e+08   2.03576860258181e-06   2.50063948940555e+01
   1.52689845000000e+08   1.69929398907698e-06   2.49903822680362e+01
   1.53089847000000e+08   1.20107449674833e-06   2.50584359286114e+01
   1.53489850000000e+08   2.25292228606122e-06   2.49743696420159e+01
   1.53889853000000e+08   3.48320077137032e-06   2.49783727985210e+01
   1.54289855000000e+08   1.89097102065716e-06   2.49823759550261e+01
   1.54689858000000e+08   1.45862236422545e-06   2.49983885810460e+01
   1.55089860000000e+08   1.05167180208809e-06   2.50544327721075e+01
   1.55489863000000e+08   2.08379265131953e-06   2.51024706501504e+01
   1.55889866000000e+08   3.06042829834041e-06   2.51425022151793e+01
   1.56289868000000e+08   1.27163832530641e-06   2.51304927456713e+01
   1.56689871000000e+08   1.34506410631730e-06   2.51425022151793e+01
   1.57089873000000e+08   9.84928760772164e-07   2.51665211541937e+01
   1.57489876000000e+08   2.40227882386534e-06   2.50944643371439e+01
   1.57889879000000e+08   2.49636354965332e-06   2.50344169895869e+01
   1.58289881000000e+08   1.21779612527462e-06   2.50304138330826e+01
   1.93249683000000e+08   2.37063807435334e-03   2.50824548676336e+01
   1.93649686000000e+08   1.66473921581201e-06   2.50144012070648e+01
   1.94049688000000e+08   1.79609173756035e-06   2.49663633290053e+01
   1.94449691000000e+08   1.38976474772790e-06   2.50144012070648e+01
   1.94849694000000e+08   2.67017799160385e-06   2.50624390851152e+01
   1.95249696000000e+08   7.20073046522884e-07   2.49743696420159e+01
   1.95649699000000e+08   2.09773247661360e-06   2.50144012070648e+01
   1.96049701000000e+08   2.05312016987591e-06   2.49983885810460e+01
   1.96449704000000e+08   1.67109146786970e-06   2.50304138330826e+01
   1.96849707000000e+08   2.29882016355987e-06   2.49783727985210e+01
   1.97249709000000e+08   7.15261933237343e-07   2.50584359286114e+01
   1.97649712000000e+08   1.93516757462930e-06   2.49623601725000e+01
   1.98049714000000e+08   1.84527277724555e-06   2.49623601725000e+01
   1.98449717000000e+08   1.58808086325735e-06   2.50184043635693e+01
   1.98849719000000e+08   2.87970237877744e-06   2.50103980505602e+01
   1.99249722000000e+08   1.40267081860657e-06   2.50384201460911e+01
   1.99649725000000e+08   2.77173489848792e-06   2.50904611806405e+01
   2.00049727000000e+08   2.54417909673066e-06   2.50504296156035e+01
   2.00449730000000e+08   2.16685566556407e-06   2.49943854245411e+01
   2.00849732000000e+08   2.59235616795195e-06   2.50224075200738e+01
   2.01249735000000e+08   1.28504109397909e-06   2.50424233025953e+01
   2.01649738000000e+08   2.49281401920598e-06   2.50864580241371e+01
   2.02049740000000e+08   2.31608146350482e-06   2.49983885810460e+01
   2.02449743000000e+08   1.98809198082017e-06   2.50984674936472e+01
   2.02849745000000e+08   2.66030474449508e-06   2.50544327721075e+01
