   4.00003000000000e+05   2.16686657950049e-06   2.49503507029835e+01
   8.00005000000000e+05   1.58104558067862e-06   2.49623601725000e+01
   1.20000800000000e+06   1.52848713241838e-06   2.50304138330826e+01
   1.60001000000000e+06   1.58334523803205e-06   2.50063948940555e+01
   2.00001300000000e+06   1.41851182888786e-06   2.49943854245411e+01
   2.40001600000000e+06   1.58723355525581e-06   2.51024706501504e+01
   2.80001800000000e+06   1.37007702960545e-06   2.50744485546264e+01
   3.20002100000000e+06   1.23037580124219e-06   2.51144801196597e+01
   3.60002300000000e+06   1.48320839343796e-06   2.50384201460911e+01
   4.00002600000000e+06   1.23119968975516e-06   2.50944643371439e+01
   4.40002900000000e+06   1.53803171087930e-06   2.50704453981228e+01
   4.80003100000000e+06   1.86773741006618e-06   2.50023917375508e+01
   5.20003400000000e+06   2.12015197575965e-06   2.50023917375508e+01
   5.60003600000000e+06   2.19099865716998e-06   2.49783727985210e+01
   6.00003900000000e+06   1.95979578165861e-06   2.49743696420159e+01
   6.40004200000000e+06   2.17873184737982e-06   2.50344169895869e+01
   6.80004400000000e+06   1.99454461835558e-06   2.50344169895869e+01
   7.20004700000000e+06   1.78690515895141e-06   2.49263317639489e+01
   7.60004900000000e+06   2.01110992747999e-06   2.49863791115312e+01
   8.00005200000000e+06   1.73731586983195e-06   2.49463475464779e+01
   8.40005500000000e+06   2.08786877919920e-06   2.49943854245411e+01
   8.80005700000000e+06   1.69355405432725e-06   2.50103980505602e+01
   9.20006000000000e+06   1.65894346082496e-06   2.49183254509368e+01
   9.60006200000000e+06   1.94102199202462e-06   2.49663633290053e+01
   4.28118750000000e+07  -2.09841225296259e-03   2.51304927456713e+01
   4.32118770000000e+07   1.74244121353695e-06   2.50944643371439e+01
   4.36118800000000e+07   9.20889021926996e-07   2.50184043635693e+01
   4.40118820000000e+07   2.09829136110784e-06   2.50304138330826e+01
   4.44118850000000e+07   1.74701983723935e-06   2.49903822680362e+01
   4.48118880000000e+07   2.44496209234057e-06   2.49903822680362e+01
   4.52118900000000e+07   2.50976700044703e-06   2.49863791115312e+01
   4.56118930000000e+07   1.85582359790715e-06   2.50704453981228e+01
   4.60118950000000e+07   3.06059769172862e-06   2.50304138330826e+01
   4.64118980000000e+07   2.39625660469756e-06   2.49543538594890e+01
   4.68119010000000e+07   2.41667544287338e-06   2.50504296156035e+01
   4.72119030000000e+07   2.19981689042470e-06   2.50904611806405e+01
   4.76119060000000e+07   1.65105768701324e-06   2.50344169895869e+01
   4.80119080000000e+07   2.57008355220023e-06   2.50384201460911e+01
   4.84119110000000e+07   2.23570805246709e-06   2.50544327721075e+01
   4.88119140000000e+07   1.90354853657482e-06   2.50584359286114e+01
   4.92119160000000e+07   1.90364119134756e-06   2.50904611806405e+01
   4.96119190000000e+07   1.10569351363665e-06   2.50744485546264e+01
   5.00119210000000e+07   2.25646658691403e-06   2.50824548676336e+01
   5.04119240000000e+07   1.81326629444811e-06   2.50264106765782e+01
   5.08119260000000e+07   1.61098978423979e-06   2.50264106765782e+01
   5.12119290000000e+07   1.51300264406018e-06   2.52065527192126e+01
   5.16119320000000e+07   1.07081257283426e-06   2.50384201460911e+01
   5.20119340000000e+07   1.83557335731166e-06   2.49823759550261e+01
   5.24119370000000e+07   1.50633650264353e-06   2.49303349204548e+01
   9.70609530000000e+07   4.70442464575171e-03   2.50424233025953e+01
   9.74609560000000e+07   1.15088835173083e-06   2.49863791115312e+01
   9.78609590000000e+07   1.83584370461176e-06   2.49863791115312e+01
   9.82609610000000e+07   2.09416089091974e-06   2.50504296156035e+01
   9.86609640000000e+07   1.40141241899983e-06   2.50264106765782e+01
   9.90609660000000e+07   2.52170866588131e-06   2.50224075200738e+01
   9.94609690000000e+07   1.82899486844690e-06   2.49863791115312e+01
   9.98609720000000e+07   2.32109073294851e-06   2.50023917375508e+01
   1.00260974000000e+08   2.62346611634712e-06   2.50664422416190e+01
   1.00660977000000e+08   1.57745046180935e-06   2.49543538594890e+01
   1.01060979000000e+08   2.45872115556267e-06   2.50944643371439e+01
   1.01460982000000e+08   1.63576669365284e-06   2.49583570159945e+01
   1.01860985000000e+08   1.93209666576877e-06   2.50264106765782e+01
   1.02260987000000e+08   2.35546212934423e-06   2.50023917375508e+01
   1.02660990000000e+08   1.16685259854421e-06   2.49743696420159e+01
   1.03060992000000e+08   1.80896063284308e-06   2.48342591642952e+01
   1.03460995000000e+08   1.06925438103644e-06   2.49623601725000e+01
   1.03860998000000e+08   1.32246839257277e-06   2.50264106765782e+01
   1.04261000000000e+08   1.83469921921642e-06   2.49783727985210e+01
   1.04661003000000e+08   1.07293226392358e-06   2.49863791115312e+01
   1.05061005000000e+08   2.07015318665071e-06   2.50424233025953e+01
   1.05461008000000e+08   1.26047768844728e-06   2.49223286074429e+01
   1.05861011000000e+08   1.45202591284033e-06   2.49623601725000e+01
   1.06261013000000e+08   1.86915656286146e-06   2.50144012070648e+01
   1.06661016000000e+08   1.28182682601619e-06   2.50023917375508e+01
   1.50784868000000e+08  -4.30264975875616e-03   2.50063948940555e+01
   1.51184871000000e+08   1.56836301812291e-06   2.50944643371439e+01
   1.51584873000000e+08   2.47802154262899e-06   2.51184832761627e+01
   1.51984876000000e+08   1.74249009887717e-06   2.50023917375508e+01
   1.52384879000000e+08   1.98846942112141e-06   2.50624390851152e+01
   1.52784881000000e+08   1.67149642038567e-06   2.49463475464779e+01
   1.53184884000000e+08   9.25333836221398e-07   2.50184043635693e+01
   1.53584886000000e+08   1.56226258241077e-06   2.50304138330826e+01
   1.53984889000000e+08   7.07999902260781e-07   2.51144801196597e+01
   1.54384892000000e+08   1.09248071566981e-06   2.50584359286114e+01
   1.54784894000000e+08   2.68650501311640e-06   2.50144012070648e+01
   1.55184897000000e+08   2.12016288969608e-06   2.50304138330826e+01
   1.55584899000000e+08   2.67443351731345e-06   2.50144012070648e+01
   1.55984902000000e+08   2.15372574530193e-06   2.50664422416190e+01
   1.56384905000000e+08   2.52477525464201e-06   2.48822970423795e+01
   1.56784907000000e+08   3.33576190314488e-06   2.49543538594890e+01
   1.57184910000000e+08   2.77845992968651e-06   2.49583570159945e+01
   1.57584912000000e+08   3.54366397914418e-06   2.49783727985210e+01
   1.57984915000000e+08   2.83863232652948e-06   2.50544327721075e+01
   1.58384918000000e+08   2.80349127024238e-06   2.50224075200738e+01
   1.58784920000000e+08   2.71095268544741e-06   2.50624390851152e+01
   1.59184923000000e+08   2.01150351131218e-06   2.50784517111300e+01
   1.59584925000000e+08   2.42710825659742e-06   2.50824548676336e+01
   1.59984928000000e+08   1.89755917290313e-06   2.50584359286114e+01
   1.60384931000000e+08   2.09361678571440e-06   2.49743696420159e+01
   1.95559238000000e+08   2.40397499874234e-03   2.49783727985210e+01
   1.95959241000000e+08   1.31663136926363e-06   2.49783727985210e+01
   1.96359244000000e+08   2.07304537980235e-06   2.50063948940555e+01
   1.96759246000000e+08   2.83727445093973e-06   2.50023917375508e+01
   1.97159249000000e+08   1.48690810419794e-06   2.48422654773099e+01
   1.97559251000000e+08   2.52985182669363e-06   2.49703664855106e+01
   1.97959254000000e+08   1.64377615874400e-06   2.50023917375508e+01
   1.98359257000000e+08   2.29319221034530e-06   2.49983885810460e+01
   1.98759259000000e+08   2.82127894024597e-06   2.50144012070648e+01
   1.99159262000000e+08   1.67227858582919e-06   2.49663633290053e+01
   1.99559264000000e+08   2.75404340754903e-06   2.49583570159945e+01
   1.99959267000000e+08   1.98211932911363e-06   2.50224075200738e+01
   2.00359269000000e+08   2.27350892600953e-06   2.49863791115312e+01
   2.00759272000000e+08   2.96614689432317e-06   2.49583570159945e+01
   2.01159275000000e+08   1.64465404850489e-06   2.49023128249120e+01
   2.01559277000000e+08   2.72694410341501e-06   2.49863791115312e+01
   2.01959280000000e+08   1.88242665899452e-06   2.50063948940555e+01
   2.02359282000000e+08   2.06439585781482e-06   2.50063948940555e+01
   2.02759285000000e+08   2.67738005277351e-06   2.50304138330826e+01
   2.03159288000000e+08   1.37197241656395e-06   2.49743696420159e+01
   2.03559290000000e+08   2.43832187152293e-06   2.50264106765782e+01
   2.03959293000000e+08   1.87235161774879e-06   2.50264106765782e+01
   2.04359295000000e+08   1.74624085502728e-06   2.49703664855106e+01
   2.04759298000000e+08   2.83069493889343e-06   2.50704453981228e+01
   2.05159301000000e+08   1.78169659648120e-06   2.49343380769607e+01
