   4.00002000000000e+05   2.10107577913732e-06   2.50304138330826e+01
   8.00005000000000e+05   2.51701976594632e-06   2.51144801196597e+01
   1.20000700000000e+06   2.10610824069590e-06   2.50744485546264e+01
   1.60001000000000e+06   2.49006916419603e-06   2.50103980505602e+01
   2.00001300000000e+06   2.28306294047798e-06   2.50304138330826e+01
   2.40001500000000e+06   2.15217733057216e-06   2.49623601725000e+01
   2.80001800000000e+06   2.53537496064382e-06   2.50264106765782e+01
   3.20002000000000e+06   1.92209495253337e-06   2.49903822680362e+01
   3.60002300000000e+06   2.10235816666682e-06   2.50824548676336e+01
   4.00002600000000e+06   2.12010399991414e-06   2.49663633290053e+01
   4.40002800000000e+06   1.88226908903744e-06   2.49623601725000e+01
   4.80003100000000e+06   2.19099752030161e-06   2.50144012070648e+01
   5.20003300000000e+06   1.43376144023932e-06   2.49663633290053e+01
   5.60003600000000e+06   1.68550241141929e-06   2.49063159814183e+01
   6.00003900000000e+06   1.44661828471726e-06   2.50384201460911e+01
   6.40004100000000e+06   1.37671349875745e-06   2.50224075200738e+01
   6.80004400000000e+06   1.65443680089084e-06   2.49663633290053e+01
   7.20004600000000e+06   1.39996393500041e-06   2.49663633290053e+01
   7.60004900000000e+06   1.63470838288049e-06   2.50063948940555e+01
   8.00005100000000e+06   1.53200278418808e-06   2.49263317639489e+01
   8.40005400000000e+06   1.38297991725267e-06   2.50144012070648e+01
   8.80005700000000e+06   1.74215176684811e-06   2.50224075200738e+01
   9.20005900000000e+06   1.14040938115068e-06   2.49543538594890e+01
   9.60006200000000e+06   1.40919337354717e-06   2.49823759550261e+01
   4.24501710000000e+07  -2.06876220181584e-03   2.51344959021740e+01
   4.28501730000000e+07   1.17551303446817e-06   2.50264106765782e+01
   4.32501760000000e+07   7.86112138939643e-07   2.50224075200738e+01
   4.36501780000000e+07   2.03285958377819e-06   2.49463475464779e+01
   4.40501810000000e+07   1.88756757779629e-06   2.49943854245411e+01
   4.44501830000000e+07   2.13241673918674e-06   2.49543538594890e+01
   4.48501860000000e+07   9.81835682978272e-07   2.50063948940555e+01
   4.52501890000000e+07   7.27523286059295e-07   2.50464264590994e+01
   4.56501910000000e+07   2.09354493563296e-06   2.50063948940555e+01
   4.60501940000000e+07   1.95187431017985e-06   2.49663633290053e+01
   4.64501960000000e+07   2.05663559427194e-06   2.49823759550261e+01
   4.68501990000000e+07   9.25986455513339e-07   2.50304138330826e+01
   4.72502020000000e+07   9.23538948427449e-07   2.50304138330826e+01
   4.76502040000000e+07   1.99347027773911e-06   2.50344169895869e+01
   4.80502070000000e+07   1.78178652276983e-06   2.50384201460911e+01
   4.84502090000000e+07   2.02858973352704e-06   2.49663633290053e+01
   4.88502120000000e+07   9.17571128411510e-07   2.50384201460911e+01
   4.92502150000000e+07   9.10769301754044e-07   2.50464264590994e+01
   4.96502170000000e+07   2.02234286916791e-06   2.49743696420159e+01
   5.00502200000000e+07   1.76682362962310e-06   2.49503507029835e+01
   5.04502220000000e+07   1.96795213014411e-06   2.49943854245411e+01
   5.08502250000000e+07   8.74998136168870e-07   2.49663633290053e+01
   5.12502270000000e+07   9.54899178395863e-07   2.50184043635693e+01
   5.16502300000000e+07   2.00244380721415e-06   2.49743696420159e+01
   5.20502330000000e+07   1.72306897638919e-06   2.49783727985210e+01
   9.54211390000000e+07   4.65839914977551e-03   2.50664422416190e+01
   9.58211420000000e+07   1.84334021469112e-06   2.50784517111300e+01
   9.62211450000000e+07   7.72198063714313e-07   2.50424233025953e+01
   9.66211470000000e+07   3.09843699142220e-06   2.50624390851152e+01
   9.70211500000000e+07   7.66519860917469e-07   2.50664422416190e+01
   9.74211520000000e+07   2.59177090811136e-06   2.49703664855106e+01
   9.78211550000000e+07   1.70023020018562e-06   2.49983885810460e+01
   9.82211580000000e+07   8.79096319295058e-07   2.50784517111300e+01
   9.86211600000000e+07   3.04910440718231e-06   2.50944643371439e+01
   9.90211630000000e+07   8.69031282491051e-07   2.49663633290053e+01
   9.94211650000000e+07   2.33369064517319e-06   2.50424233025953e+01
   9.98211680000000e+07   1.60598369802756e-06   2.49903822680362e+01
   1.00221171000000e+08   8.10221763458685e-07   2.50184043635693e+01
   1.00621173000000e+08   2.86502313429082e-06   2.50103980505602e+01
   1.01021176000000e+08   7.19404397386825e-07   2.50144012070648e+01
   1.01421178000000e+08   2.52567133429693e-06   2.49743696420159e+01
   1.01821181000000e+08   1.68534734257264e-06   2.50144012070648e+01
   1.02221183000000e+08   1.11994540930027e-06   2.50264106765782e+01
   1.02621186000000e+08   2.84719953924650e-06   2.50464264590994e+01
   1.03021189000000e+08   1.23959546272090e-06   2.50784517111300e+01
   1.03421191000000e+08   2.83425197267206e-06   2.50744485546264e+01
   1.03821194000000e+08   2.13294765671890e-06   2.50944643371439e+01
   1.04221196000000e+08   1.34429217268917e-06   2.50584359286114e+01
   1.04621199000000e+08   3.31162436850718e-06   2.50023917375508e+01
   1.05021202000000e+08   1.50682046751172e-06   2.51264895891685e+01
   1.48840262000000e+08  -4.25234995782375e-03   2.50664422416190e+01
   1.49240265000000e+08   2.15117802326859e-06   2.50424233025953e+01
   1.49640267000000e+08   2.83049416793801e-07   2.49703664855106e+01
   1.50040270000000e+08   2.15969521377701e-06   2.50224075200738e+01
   1.50440272000000e+08   1.45222577430104e-06   2.49663633290053e+01
   1.50840275000000e+08   3.74630462829373e-06   2.50344169895869e+01
   1.51240277000000e+08   2.14285478250531e-06   2.50984674936472e+01
   1.51640280000000e+08   7.41731639664067e-07   2.50384201460911e+01
   1.52040283000000e+08   2.38065467783599e-06   2.50264106765782e+01
   1.52440285000000e+08   1.82807355031400e-06   2.50544327721075e+01
   1.52840288000000e+08   3.85871271646465e-06   2.49823759550261e+01
   1.53240290000000e+08   1.79712571934942e-06   2.50304138330826e+01
   1.53640293000000e+08   4.95978497383476e-07   2.49783727985210e+01
   1.54040296000000e+08   2.09198879019823e-06   2.50624390851152e+01
   1.54440298000000e+08   1.56914450144541e-06   2.49943854245411e+01
   1.54840301000000e+08   3.32347872245009e-06   2.50384201460911e+01
   1.55240303000000e+08   1.71172996488167e-06   2.49623601725000e+01
   1.55640306000000e+08   6.84205360812484e-07   2.48582781033385e+01
   1.56040309000000e+08   2.25553162636061e-06   2.50824548676336e+01
   1.56440311000000e+08   1.69063594057661e-06   2.50023917375508e+01
   1.56840314000000e+08   3.40688325195515e-06   2.50584359286114e+01
   1.57240316000000e+08   1.40828205985599e-06   2.49623601725000e+01
   1.57640319000000e+08   4.62656316813082e-07   2.50744485546264e+01
   1.58040322000000e+08   1.88037734005775e-06   2.49583570159945e+01
   1.58440324000000e+08   1.40400265991047e-06   2.49903822680362e+01
   1.93428956000000e+08   2.37998715601861e-03   2.50144012070648e+01
   1.93828958000000e+08   3.33282628162124e-06   2.50424233025953e+01
   1.94228961000000e+08   2.16624357562978e-06   2.49423443899722e+01
   1.94628964000000e+08   2.34913431995665e-06   2.49783727985210e+01
   1.95028966000000e+08   3.40774204232730e-06   2.49863791115312e+01
   1.95428969000000e+08   1.95580219042313e-06   2.50264106765782e+01
   1.95828971000000e+08   3.20639082929119e-06   2.49943854245411e+01
   1.96228974000000e+08   2.20501692638209e-06   2.50304138330826e+01
   1.96628977000000e+08   2.28848443839524e-06   2.50184043635693e+01
   1.97028979000000e+08   2.99953489957261e-06   2.51104769631567e+01
   1.97428982000000e+08   1.32209424918983e-06   2.50504296156035e+01
   1.97828984000000e+08   2.64122991211480e-06   2.49623601725000e+01
   1.98228987000000e+08   1.61687478339445e-06   2.50744485546264e+01
   1.98628990000000e+08   1.65067046964396e-06   2.50344169895869e+01
   1.99028992000000e+08   2.67769019046682e-06   2.50464264590994e+01
   1.99428995000000e+08   1.07488449430093e-06   2.49983885810460e+01
   1.99828997000000e+08   2.36633763961436e-06   2.50224075200738e+01
   2.00229000000000e+08   1.32357217808021e-06   2.50304138330826e+01
   2.00629003000000e+08   1.53771134137060e-06   2.50304138330826e+01
   2.01029005000000e+08   2.34649678532151e-06   2.49863791115312e+01
   2.01429008000000e+08   1.03030629361456e-06   2.50624390851152e+01
   2.01829010000000e+08   2.29541888074891e-06   2.48863001988861e+01
   2.02229013000000e+08   1.35120683353307e-06   2.50184043635693e+01
   2.02629015000000e+08   1.45401668305567e-06   2.50504296156035e+01
   2.03029018000000e+08   2.30866339734348e-06   2.50063948940555e+01
