   4.00002000000000e+05   1.99423584490432e-06   2.49663633290053e+01
   8.00005000000000e+05   1.56349472035799e-06   2.50384201460911e+01
   1.20000800000000e+06   1.70622797668329e-06   2.50304138330826e+01
   1.60001000000000e+06   1.59745707151160e-06   2.51024706501504e+01
   2.00001300000000e+06   1.56463056555367e-06   2.50384201460911e+01
   2.40001500000000e+06   1.74079912085290e-06   2.50264106765782e+01
   2.80001800000000e+06   1.47128741900815e-06   2.50264106765782e+01
   3.20002100000000e+06   1.64373057032208e-06   2.51425022151793e+01
   3.60002300000000e+06   1.63125889685034e-06   2.50264106765782e+01
   4.00002600000000e+06   1.46796412536787e-06   2.50984674936472e+01
   4.40002800000000e+06   1.77262097622588e-06   2.50864580241371e+01
   4.80003100000000e+06   1.59980959324457e-06   2.50944643371439e+01
   5.20003400000000e+06   1.89474803846679e-06   2.48983096684056e+01
   5.60003600000000e+06   1.71856470387866e-06   2.50864580241371e+01
   6.00003900000000e+06   1.76328535417269e-06   2.51024706501504e+01
   6.40004100000000e+06   1.89119566584850e-06   2.49943854245411e+01
   6.80004400000000e+06   1.73595287833450e-06   2.49983885810460e+01
   7.20004700000000e+06   1.93927485270251e-06   2.50144012070648e+01
   7.60004900000000e+06   1.89396371297335e-06   2.49863791115312e+01
   8.00005200000000e+06   1.75332445451204e-06   2.49583570159945e+01
   8.40005400000000e+06   1.99670148504083e-06   2.50544327721075e+01
   8.80005700000000e+06   1.72522061347991e-06   2.50744485546264e+01
   9.20006000000000e+06   1.93612891052908e-06   2.50904611806405e+01
   9.60006200000000e+06   1.77129822986899e-06   2.49583570159945e+01
   4.21116490000000e+07   1.50062871398404e-04   2.49743696420159e+01
   4.25116520000000e+07   1.91343951883027e-06   2.49943854245411e+01
   4.29116550000000e+07   1.63593676916207e-06   2.50664422416190e+01
   4.33116570000000e+07   1.67751113622217e-06   2.50464264590994e+01
   4.37116600000000e+07   1.73984801676852e-06   2.50984674936472e+01
   4.41116620000000e+07   1.51700101014285e-06   2.51184832761627e+01
   4.45116650000000e+07   1.79336223027349e-06   2.51585148411891e+01
   4.49116680000000e+07   1.70483247075026e-06   2.51505085281844e+01
   4.53116700000000e+07   1.73125033597898e-06   2.51064738066536e+01
   4.57116730000000e+07   1.86151407888246e-06   2.50984674936472e+01
   4.61116750000000e+07   1.60762965606409e-06   2.50864580241371e+01
   4.65116780000000e+07   1.98652287508594e-06   2.51104769631567e+01
   4.69116810000000e+07   1.71894146205886e-06   2.50824548676336e+01
   4.73116830000000e+07   1.79491644303198e-06   2.50704453981228e+01
   4.77116860000000e+07   1.84510713552299e-06   2.50984674936472e+01
   4.81116880000000e+07   1.68905285136134e-06   2.50584359286114e+01
   4.85116910000000e+07   1.90877062777872e-06   2.50624390851152e+01
   4.89116940000000e+07   1.76742651092354e-06   2.49943854245411e+01
   4.93116960000000e+07   1.92051788872050e-06   2.49663633290053e+01
   4.97116990000000e+07   1.91819253814174e-06   2.49223286074429e+01
   5.01117010000000e+07   1.80095810264902e-06   2.49863791115312e+01
   5.05117040000000e+07   2.07853054234874e-06   2.50424233025953e+01
   5.09117070000000e+07   1.98420048036496e-06   2.49103191379245e+01
   5.13117090000000e+07   2.08695610126597e-06   2.50063948940555e+01
   5.17117120000000e+07   1.99026885638887e-06   2.50184043635693e+01
   9.54436980000000e+07   1.97275337995961e-04   2.52585937537280e+01
   9.58437010000000e+07   1.54975214172737e-06   2.49183254509368e+01
   9.62437040000000e+07   2.00528438654146e-06   2.50264106765782e+01
   9.66437060000000e+07   1.25212125112739e-06   2.49543538594890e+01
   9.70437090000000e+07   1.66071492913034e-06   2.50584359286114e+01
   9.74437110000000e+07   1.27960049667308e-06   2.51184832761627e+01
   9.78437140000000e+07   1.34841707222222e-06   2.50023917375508e+01
   9.82437170000000e+07   1.59700300628174e-06   2.48863001988861e+01
   9.86437190000000e+07   1.45036449339386e-06   2.49183254509368e+01
   9.90437220000000e+07   1.92555171452113e-06   2.49903822680362e+01
   9.94437240000000e+07   1.76422042841295e-06   2.49463475464779e+01
   9.98437270000000e+07   1.79586777449003e-06   2.49143222944307e+01
   1.00243730000000e+08   1.98886527869035e-06   2.49583570159945e+01
   1.00643732000000e+08   1.59789624376572e-06   2.48302560077878e+01
   1.01043735000000e+08   2.08456617656338e-06   2.48702875728593e+01
   1.01443737000000e+08   1.79903724983888e-06   2.50384201460911e+01
   1.01843740000000e+08   1.84879775133595e-06   2.48422654773099e+01
   1.02243743000000e+08   1.96446512745752e-06   2.48782938858728e+01
   1.02643745000000e+08   1.65392577855528e-06   2.48542749468314e+01
   1.03043748000000e+08   1.96658993445453e-06   2.50704453981228e+01
   1.03443750000000e+08   1.55562656800612e-06   2.50624390851152e+01
   1.03843753000000e+08   1.76756680048129e-06   2.52105558757142e+01
   1.04243756000000e+08   1.86618774478120e-06   2.52145590322157e+01
   1.04643758000000e+08   1.47439789088821e-06   2.51865369367039e+01
   1.05043761000000e+08   1.79390622179199e-06   2.50424233025953e+01
   1.48414267000000e+08   2.00500086066313e-04   2.51024706501504e+01
   1.48814270000000e+08   2.06775303013274e-06   2.50184043635693e+01
   1.49214273000000e+08   1.78143670837017e-06   2.50023917375508e+01
   1.49614275000000e+08   1.80312167685770e-06   2.49903822680362e+01
   1.50014278000000e+08   1.96075552594266e-06   2.51304927456713e+01
   1.50414280000000e+08   1.74419051290897e-06   2.51104769631567e+01
   1.50814283000000e+08   1.97380722966045e-06   2.51505085281844e+01
   1.51214286000000e+08   1.67907978720905e-06   2.50704453981228e+01
   1.51614288000000e+08   1.83649638074712e-06   2.50384201460911e+01
   1.52014291000000e+08   1.95469442587637e-06   2.52105558757142e+01
   1.52414293000000e+08   1.60486899858370e-06   2.50784517111300e+01
   1.52814296000000e+08   2.06734671337472e-06   2.50384201460911e+01
   1.53214299000000e+08   1.79182495685382e-06   2.51264895891685e+01
   1.53614301000000e+08   1.95916641132499e-06   2.48142433817574e+01
   1.54014304000000e+08   1.87892067060602e-06   2.48702875728593e+01
   1.54414306000000e+08   1.78516881987889e-06   2.51344959021740e+01
   1.54814309000000e+08   2.24746509047691e-06   2.50184043635693e+01
   1.55214312000000e+08   1.85997544122074e-06   2.50464264590994e+01
   1.55614314000000e+08   2.06212939701800e-06   2.50864580241371e+01
   1.56014317000000e+08   2.04160278372001e-06   2.50103980505602e+01
   1.56414320000000e+08   1.96155224330141e-06   2.50784517111300e+01
   1.56814322000000e+08   2.10838902603427e-06   2.48822970423795e+01
   1.57214325000000e+08   1.76877358626371e-06   2.50704453981228e+01
   1.57614327000000e+08   2.08516939892434e-06   2.50344169895869e+01
   1.58014330000000e+08   1.95607185560220e-06   2.50824548676336e+01
   1.93199700000000e+08   1.57887669047341e-04   2.47021549995165e+01
   1.93599702000000e+08   1.64649122780247e-06   2.50984674936472e+01
   1.93999705000000e+08   1.78863626842940e-06   2.51144801196597e+01
   1.94399707000000e+08   1.67475241141801e-06   2.47341802515904e+01
   1.94799710000000e+08   1.85309761491226e-06   2.49103191379245e+01
   1.95199713000000e+08   1.86694796866504e-06   2.51985464062093e+01
   1.95599715000000e+08   1.67537496054138e-06   2.49023128249120e+01
   1.95999718000000e+08   1.92087554751197e-06   2.52746063797306e+01
   1.96399720000000e+08   1.77106130649918e-06   2.49383412334665e+01
   1.96799723000000e+08   1.80640074631810e-06   2.50784517111300e+01
   1.97199726000000e+08   1.79099254182802e-06   2.48782938858728e+01
   1.97599728000000e+08   1.75899162968562e-06   2.52425811277244e+01
   1.97999731000000e+08   1.81619020622747e-06   2.45260161130376e+01
   1.98399733000000e+08   1.76422486219963e-06   2.47742118166770e+01
   1.98799736000000e+08   1.73529724634136e-06   2.53466631967301e+01
   1.99199739000000e+08   1.92085735761793e-06   2.49703664855106e+01
   1.99599741000000e+08   1.64818118264520e-06   2.47021549995165e+01
   1.99999744000000e+08   1.84571354111540e-06   2.49023128249120e+01
   2.00399746000000e+08   1.67709902143542e-06   2.47141644690447e+01
   2.00799749000000e+08   1.88728859029652e-06   2.51224864326656e+01
   2.01199752000000e+08   1.77638014520198e-06   2.52505874407263e+01
   2.01599754000000e+08   1.86897057119495e-06   2.47581991906431e+01
   2.01999757000000e+08   1.84276996151311e-06   2.48102402252496e+01
   2.02399759000000e+08   1.87868204193364e-06   2.47702086601686e+01
   2.02799762000000e+08   1.86538613888843e-06   2.52385779712233e+01
