   4.00002000000000e+05   1.12466625523666e-06   2.51344959021740e+01
   8.00005000000000e+05   1.20383720059181e-06   2.50063948940555e+01
   1.20000800000000e+06   9.00136171821941e-07   2.51024706501504e+01
   1.60001000000000e+06   1.13644114208000e-06   2.50824548676336e+01
   2.00001300000000e+06   1.07554990336212e-06   2.50224075200738e+01
   2.40001500000000e+06   1.21615823900356e-06   2.50184043635693e+01
   2.80001800000000e+06   1.43534316521254e-06   2.49663633290053e+01
   3.20002100000000e+06   1.43515296713304e-06   2.50023917375508e+01
   3.60002300000000e+06   1.58926559379324e-06   2.49983885810460e+01
   4.00002600000000e+06   1.43590079915157e-06   2.50504296156035e+01
   4.40002800000000e+06   1.32891989323980e-06   2.50464264590994e+01
   4.80003100000000e+06   1.42945395964489e-06   2.49583570159945e+01
   5.20003400000000e+06   1.10935945940582e-06   2.51304927456713e+01
   5.60003600000000e+06   1.37084248308383e-06   2.50584359286114e+01
   6.00003900000000e+06   1.24215489449853e-06   2.49103191379245e+01
   6.40004100000000e+06   1.38417624384601e-06   2.50063948940555e+01
   6.80004400000000e+06   1.35837410653039e-06   2.50544327721075e+01
   7.20004600000000e+06   1.31189221974637e-06   2.50424233025953e+01
   7.60004900000000e+06   1.58804903094278e-06   2.50984674936472e+01
   8.00005200000000e+06   1.33768014620728e-06   2.51304927456713e+01
   8.40005400000000e+06   1.58437103436881e-06   2.50944643371439e+01
   8.80005700000000e+06   2.04322191166284e-06   2.50504296156035e+01
   9.20005900000000e+06   1.88266471923271e-06   2.50224075200738e+01
   9.60006200000000e+06   2.00568047148408e-06   2.50304138330826e+01
   4.23423030000000e+07  -2.09968723356724e-03   2.49743696420159e+01
   4.27423050000000e+07   1.63719107604265e-06   2.50184043635693e+01
   4.31423080000000e+07   4.10894557489883e-07   2.49583570159945e+01
   4.35423100000000e+07   1.78013749518868e-06   2.50304138330826e+01
   4.39423130000000e+07   1.46605088957585e-06   2.50304138330826e+01
   4.43423160000000e+07   1.01960279152991e-06   2.49743696420159e+01
   4.47423180000000e+07   2.42287160290289e-06   2.49943854245411e+01
   4.51423210000000e+07   1.42484088883066e-06   2.49623601725000e+01
   4.55423230000000e+07   2.73927980742883e-06   2.49983885810460e+01
   4.59423260000000e+07   2.61537229562236e-06   2.50464264590994e+01
   4.63423290000000e+07   1.71404542470555e-06   2.49903822680362e+01
   4.67423310000000e+07   2.49299546339898e-06   2.50944643371439e+01
   4.71423340000000e+07   1.40128622660995e-06   2.49823759550261e+01
   4.75423360000000e+07   2.74963554147689e-06   2.49183254509368e+01
   4.79423390000000e+07   2.55871964327525e-06   2.50224075200738e+01
   4.83423420000000e+07   1.80905067281856e-06   2.50304138330826e+01
   4.87423440000000e+07   2.52599124905828e-06   2.50664422416190e+01
   4.91423470000000e+07   1.46281513480062e-06   2.49903822680362e+01
   4.95423490000000e+07   2.73313298748690e-06   2.50224075200738e+01
   4.99423520000000e+07   2.73926002591907e-06   2.50384201460911e+01
   5.03423550000000e+07   1.83040208412422e-06   2.50704453981228e+01
   5.07423570000000e+07   2.26278257287049e-06   2.49623601725000e+01
   5.11423600000000e+07   1.26122654364735e-06   2.50904611806405e+01
   5.15423620000000e+07   2.42356236412888e-06   2.49743696420159e+01
   5.19423650000000e+07   2.47431307798252e-06   2.50904611806405e+01
   9.60019760000000e+07   4.70714969560504e-03   2.50464264590994e+01
   9.64019790000000e+07   2.09049676413997e-06   2.51825337802020e+01
   9.68019810000000e+07   2.83697158920404e-06   2.50864580241371e+01
   9.72019840000000e+07   2.33401806326583e-06   2.50944643371439e+01
   9.76019860000000e+07   2.15052159546758e-06   2.50264106765782e+01
   9.80019890000000e+07   2.49437857746670e-06   2.50264106765782e+01
   9.84019920000000e+07   1.77300876202935e-06   2.50624390851152e+01
   9.88019940000000e+07   2.26067322728341e-06   2.50063948940555e+01
   9.92019970000000e+07   1.61314301294624e-06   2.50824548676336e+01
   9.96019990000000e+07   1.52214533954975e-06   2.50424233025953e+01
   1.00002002000000e+08   1.72944362475391e-06   2.50544327721075e+01
   1.00402005000000e+08   1.39587439207389e-06   2.50904611806405e+01
   1.00802007000000e+08   2.05990136237233e-06   2.49503507029835e+01
   1.01202010000000e+08   1.57443730586238e-06   2.49983885810460e+01
   1.01602012000000e+08   1.38296491059009e-06   2.50384201460911e+01
   1.02002015000000e+08   1.65685480624234e-06   2.50824548676336e+01
   1.02402018000000e+08   1.39124460929452e-06   2.50464264590994e+01
   1.02802020000000e+08   2.08329947781749e-06   2.50144012070648e+01
   1.03202023000000e+08   1.59883586547949e-06   2.50424233025953e+01
   1.03602025000000e+08   1.45503929616098e-06   2.51224864326656e+01
   1.04002028000000e+08   1.71970282281109e-06   2.51184832761627e+01
   1.04402031000000e+08   1.36319010834995e-06   2.51024706501504e+01
   1.04802033000000e+08   1.72166460288281e-06   2.51505085281844e+01
   1.05202036000000e+08   1.43361899063166e-06   2.50664422416190e+01
   1.05602038000000e+08   1.24230166420602e-06   2.50904611806405e+01
   1.49301879000000e+08  -4.30734967812896e-03   2.50784517111300e+01
   1.49701882000000e+08   1.03533545825485e-06   2.51024706501504e+01
   1.50101884000000e+08   6.07686899911641e-07   2.51344959021740e+01
   1.50501887000000e+08   2.15143018067465e-06   2.50824548676336e+01
   1.50901889000000e+08   2.07530956686242e-06   2.50224075200738e+01
   1.51301892000000e+08   3.06478887068806e-06   2.51425022151793e+01
   1.51701895000000e+08   2.01724606085918e-06   2.50184043635693e+01
   1.52101897000000e+08   1.52767802319431e-06   2.50744485546264e+01
   1.52501900000000e+08   2.05583387469233e-06   2.50224075200738e+01
   1.52901902000000e+08   1.51681172155804e-06   2.50784517111300e+01
   1.53301905000000e+08   2.44265879700833e-06   2.49143222944307e+01
   1.53701908000000e+08   1.62734238529083e-06   2.49103191379245e+01
   1.54101910000000e+08   9.61302589530533e-07   2.48903033553927e+01
   1.54501913000000e+08   1.73733201336290e-06   2.50304138330826e+01
   1.54901915000000e+08   1.35717937155277e-06   2.49023128249120e+01
   1.55301918000000e+08   2.45128194364952e-06   2.49663633290053e+01
   1.55701921000000e+08   1.67582447829773e-06   2.49823759550261e+01
   1.56101923000000e+08   1.11776296307653e-06   2.50264106765782e+01
   1.56501926000000e+08   1.98841939891281e-06   2.50544327721075e+01
   1.56901928000000e+08   1.70943508237542e-06   2.49823759550261e+01
   1.57301931000000e+08   2.62829007624532e-06   2.50544327721075e+01
   1.57701934000000e+08   2.19558819480881e-06   2.50464264590994e+01
   1.58101936000000e+08   1.47032881159248e-06   2.50984674936472e+01
   1.58501939000000e+08   2.27235318561725e-06   2.50824548676336e+01
   1.58901941000000e+08   2.03282093025337e-06   2.51545116846868e+01
   1.93842466000000e+08   2.42686225101352e-03   2.49943854245411e+01
   1.94242468000000e+08   2.19901153286628e-06   2.50664422416190e+01
   1.94642471000000e+08   2.24008749682980e-06   2.49063159814183e+01
   1.95042474000000e+08   2.24004747906292e-06   2.49583570159945e+01
   1.95442476000000e+08   2.70324380835518e-06   2.50624390851152e+01
   1.95842479000000e+08   1.92129277820641e-06   2.50584359286114e+01
   1.96242481000000e+08   1.76518074113119e-06   2.49743696420159e+01
   1.96642484000000e+08   2.36522510022041e-06   2.49263317639489e+01
   1.97042487000000e+08   2.52133440881153e-06   2.50144012070648e+01
   1.97442489000000e+08   2.83208783002920e-06   2.49823759550261e+01
   1.97842492000000e+08   2.22635821955919e-06   2.49583570159945e+01
   1.98242494000000e+08   2.30391515287920e-06   2.50424233025953e+01
   1.98642497000000e+08   2.07779612537706e-06   2.50544327721075e+01
   1.99042499000000e+08   2.28522958423127e-06   2.49863791115312e+01
   1.99442502000000e+08   2.54199358096230e-06   2.49903822680362e+01
   1.99842505000000e+08   1.93590562957979e-06   2.50344169895869e+01
   2.00242507000000e+08   2.04592288355343e-06   2.50264106765782e+01
   2.00642510000000e+08   8.75425314461609e-07   2.50664422416190e+01
   2.01042512000000e+08   1.30764647110482e-06   2.49863791115312e+01
   2.01442515000000e+08   1.24127723211132e-06   2.49543538594890e+01
   2.01842518000000e+08   1.00539227787522e-06   2.49703664855106e+01
   2.02242520000000e+08   9.16030614916963e-07   2.49983885810460e+01
   2.02642523000000e+08   2.17115626810482e-07   2.50584359286114e+01
   2.03042525000000e+08   5.85554516874254e-07   2.50984674936472e+01
   2.03442528000000e+08   5.85141776809905e-07   2.50504296156035e+01
