   4.00003000000000e+05   1.92118113773176e-06   2.50424233025953e+01
   8.00005000000000e+05   1.98769498638285e-06   2.50144012070648e+01
   1.20000800000000e+06   1.75271327407245e-06   2.50584359286114e+01
   1.60001100000000e+06   1.93925347957702e-06   2.49663633290053e+01
   2.00001300000000e+06   1.57986517024256e-06   2.50584359286114e+01
   2.40001600000000e+06   2.27090185944689e-06   2.49943854245411e+01
   2.80001800000000e+06   1.69783788805944e-06   2.49903822680362e+01
   3.20002100000000e+06   1.99217674889951e-06   2.50504296156035e+01
   3.60002400000000e+06   2.08360870601609e-06   2.50624390851152e+01
   4.00002600000000e+06   2.07444304578530e-06   2.50624390851152e+01
   4.40002900000000e+06   2.20492393054883e-06   2.51144801196597e+01
   4.80003100000000e+06   1.74293018062599e-06   2.50624390851152e+01
   5.20003400000000e+06   2.22329276766686e-06   2.49823759550261e+01
   5.60003700000000e+06   2.00608133127389e-06   2.51144801196597e+01
   6.00003900000000e+06   1.78262905592419e-06   2.49863791115312e+01
   6.40004200000000e+06   1.88180706572894e-06   2.49983885810460e+01
   6.80004400000000e+06   2.13790167435945e-06   2.50184043635693e+01
   7.20004700000000e+06   1.65387723427557e-06   2.50944643371439e+01
   7.60005000000000e+06   1.60643264734972e-06   2.50464264590994e+01
   8.00005200000000e+06   1.63221602633712e-06   2.50103980505602e+01
   8.40005500000000e+06   2.03182844416006e-06   2.50344169895869e+01
   8.80005700000000e+06   1.35013499402703e-06   2.50544327721075e+01
   9.20006000000000e+06   1.54155361542507e-06   2.50184043635693e+01
   9.60006300000000e+06   1.80176925823616e-06   2.49663633290053e+01
   4.22812220000000e+07   2.36712512560189e-03   2.50704453981228e+01
   4.26812250000000e+07   2.73505042969191e-06   2.50344169895869e+01
   4.30812280000000e+07   9.87681573860755e-07   2.50664422416190e+01
   4.34812300000000e+07   2.84589373222843e-06   2.50584359286114e+01
   4.38812330000000e+07   1.11806878067000e-06   2.50344169895869e+01
   4.42812350000000e+07   1.71792589753750e-06   2.50904611806405e+01
   4.46812380000000e+07   2.83945610135561e-06   2.50744485546264e+01
   4.50812410000000e+07   7.40003315513604e-07   2.50544327721075e+01
   4.54812430000000e+07   3.02247599393013e-06   2.50103980505602e+01
   4.58812460000000e+07   1.15961972824152e-06   2.49463475464779e+01
   4.62812480000000e+07   1.92689753930608e-06   2.50224075200738e+01
   4.66812510000000e+07   2.45417550104321e-06   2.50624390851152e+01
   4.70812540000000e+07   7.82173287916521e-07   2.50744485546264e+01
   4.74812560000000e+07   2.57208330367575e-06   2.50464264590994e+01
   4.78812590000000e+07   6.57093892186822e-07   2.49383412334665e+01
   4.82812610000000e+07   1.32017623855063e-06   2.49903822680362e+01
   4.86812640000000e+07   2.11660403692804e-06   2.50264106765782e+01
   4.90812670000000e+07   8.47606770548737e-07   2.49423443899722e+01
   4.94812690000000e+07   2.11146652873140e-06   2.50264106765782e+01
   4.98812720000000e+07   3.82314595981370e-07   2.50184043635693e+01
   5.02812740000000e+07   1.45727608469315e-06   2.50224075200738e+01
   5.06812770000000e+07   2.15736440623004e-06   2.50144012070648e+01
   5.10812800000000e+07   3.21199507880010e-07   2.50103980505602e+01
   5.14812820000000e+07   2.37109770750976e-06   2.50784517111300e+01
   5.18812850000000e+07   1.16895239443693e-06   2.49423443899722e+01
   9.54825270000000e+07  -4.23287460580468e-03   2.49823759550261e+01
   9.58825300000000e+07   2.37144104175968e-06   2.49863791115312e+01
   9.62825330000000e+07   3.11690405396803e-06   2.50464264590994e+01
   9.66825350000000e+07   1.40584086238960e-06   2.49703664855106e+01
   9.70825380000000e+07   1.82131850579026e-06   2.50784517111300e+01
   9.74825400000000e+07   2.21595746552339e-06   2.50304138330826e+01
   9.78825430000000e+07   1.84491000254638e-06   2.50304138330826e+01
   9.82825460000000e+07   2.72082820629294e-06   2.50304138330826e+01
   9.86825480000000e+07   9.12092559701705e-07   2.50664422416190e+01
   9.90825510000000e+07   2.03666604647879e-06   2.50144012070648e+01
   9.94825530000000e+07   2.38923689721560e-06   2.51264895891685e+01
   9.98825560000000e+07   2.32528691412881e-06   2.51064738066536e+01
   1.00282559000000e+08   2.73986574939045e-06   2.50384201460911e+01
   1.00682561000000e+08   1.38358882395551e-06   2.50544327721075e+01
   1.01082564000000e+08   2.01199759430892e-06   2.51224864326656e+01
   1.01482566000000e+08   2.10507619158307e-06   2.50384201460911e+01
   1.01882569000000e+08   1.76292849118909e-06   2.50304138330826e+01
   1.02282572000000e+08   2.41586258198367e-06   2.50544327721075e+01
   1.02682574000000e+08   7.13100860139093e-07   2.49903822680362e+01
   1.03082577000000e+08   1.75602815488674e-06   2.50063948940555e+01
   1.03482579000000e+08   1.73369858202932e-06   2.50704453981228e+01
   1.03882582000000e+08   1.57538283929171e-06   2.50304138330826e+01
   1.04282585000000e+08   1.87022408226767e-06   2.50424233025953e+01
   1.04682587000000e+08   5.06068829508877e-07   2.50264106765782e+01
   1.05082590000000e+08   1.82312680863106e-06   2.50744485546264e+01
   1.48742230000000e+08   4.63477475568652e-03   2.49903822680362e+01
   1.49142233000000e+08   2.11708834285673e-06   2.49743696420159e+01
   1.49542235000000e+08   7.73806789311493e-07   2.49663633290053e+01
   1.49942238000000e+08   3.30643524648622e-06   2.49383412334665e+01
   1.50342240000000e+08   2.09709287446458e-06   2.49583570159945e+01
   1.50742243000000e+08   2.64693971985253e-06   2.50544327721075e+01
   1.51142246000000e+08   1.85528870133567e-06   2.50063948940555e+01
   1.51542248000000e+08   7.06771345448942e-07   2.49343380769607e+01
   1.51942251000000e+08   2.55533950621611e-06   2.50624390851152e+01
   1.52342253000000e+08   1.59654359777051e-06   2.50103980505602e+01
   1.52742256000000e+08   1.99429587155464e-06   2.49743696420159e+01
   1.53142259000000e+08   1.51072083554027e-06   2.50023917375508e+01
   1.53542261000000e+08   3.07226116547099e-07   2.50063948940555e+01
   1.53942264000000e+08   2.35896914091427e-06   2.50344169895869e+01
   1.54342266000000e+08   1.27855844311853e-06   2.49103191379245e+01
   1.54742269000000e+08   1.71874046372977e-06   2.50023917375508e+01
   1.55142272000000e+08   1.28589260839362e-06   2.50464264590994e+01
   1.55542274000000e+08   6.69333360292512e-07   2.49943854245411e+01
   1.55942277000000e+08   2.66502775048139e-06   2.49703664855106e+01
   1.56342279000000e+08   1.31465435515565e-06   2.50063948940555e+01
   1.56742282000000e+08   1.65129654305929e-06   2.50023917375508e+01
   1.57142285000000e+08   1.37180609272036e-06   2.50264106765782e+01
   1.57542287000000e+08   6.97610630595591e-07   2.50224075200738e+01
   1.57942290000000e+08   2.26600513997255e-06   2.50023917375508e+01
   1.58342292000000e+08   1.20171489470522e-06   2.49543538594890e+01
   1.93364442000000e+08  -2.05292529426515e-03   2.51585148411891e+01
   1.93764445000000e+08   2.30192358685599e-06   2.51545116846868e+01
   1.94164447000000e+08   1.75959189618879e-06   2.50744485546264e+01
   1.94564450000000e+08   6.79065124131739e-07   2.50224075200738e+01
   1.94964452000000e+08   1.66499194165226e-06   2.50103980505602e+01
   1.95364455000000e+08   2.55763256973296e-06   2.50744485546264e+01
   1.95764458000000e+08   2.07565176424396e-06   2.50744485546264e+01
   1.96164460000000e+08   1.76938783624792e-06   2.50464264590994e+01
   1.96564463000000e+08   7.79556557972683e-07   2.51304927456713e+01
   1.96964465000000e+08   1.40893098432571e-06   2.50344169895869e+01
   1.97364468000000e+08   2.58399518315855e-06   2.50864580241371e+01
   1.97764470000000e+08   2.00305225916964e-06   2.51024706501504e+01
   1.98164473000000e+08   1.52686800447555e-06   2.50023917375508e+01
   1.98564476000000e+08   5.22697632732161e-07   2.51825337802020e+01
   1.98964478000000e+08   1.71627948475361e-06   2.50063948940555e+01
   1.99364481000000e+08   2.46518266067142e-06   2.50824548676336e+01
   1.99764483000000e+08   1.64985817718843e-06   2.50384201460911e+01
   2.00164486000000e+08   1.34768174575584e-06   2.50504296156035e+01
   2.00564489000000e+08   7.80765446961595e-07   2.51184832761627e+01
   2.00964491000000e+08   1.80220740730874e-06   2.50063948940555e+01
   2.01364494000000e+08   2.65662083620555e-06   2.50624390851152e+01
   2.01764496000000e+08   2.04398520509130e-06   2.50304138330826e+01
   2.02164499000000e+08   1.81490497652703e-06   2.50624390851152e+01
   2.02564502000000e+08   1.18014179406600e-06   2.51104769631567e+01
   2.02964504000000e+08   2.07736002266756e-06   2.49943854245411e+01
