   4.00002000000000e+05   1.42681949455437e-06   2.51264895891685e+01
   8.00005000000000e+05   1.75015520653687e-06   2.50063948940555e+01
   1.20000800000000e+06   1.52967993471975e-06   2.50344169895869e+01
   1.60001000000000e+06   1.57202987338678e-06   2.50664422416190e+01
   2.00001300000000e+06   1.91072649613488e-06   2.49943854245411e+01
   2.40001500000000e+06   1.95176448869461e-06   2.50023917375508e+01
   2.80001800000000e+06   2.09160953090759e-06   2.49623601725000e+01
   3.20002000000000e+06   1.98188354261220e-06   2.50264106765782e+01
   3.60002300000000e+06   1.96056248569221e-06   2.50864580241371e+01
   4.00002600000000e+06   2.26756287702301e-06   2.50624390851152e+01
   4.40002800000000e+06   1.86427303106029e-06   2.49783727985210e+01
   4.80003100000000e+06   2.25257599595352e-06   2.49903822680362e+01
   5.20003300000000e+06   2.18419268094294e-06   2.50304138330826e+01
   5.60003600000000e+06   2.01372017727408e-06   2.50344169895869e+01
   6.00003900000000e+06   2.06853815143404e-06   2.50464264590994e+01
   6.40004100000000e+06   1.58728630594851e-06   2.50624390851152e+01
   6.80004400000000e+06   1.83747602022777e-06   2.50544327721075e+01
   7.20004600000000e+06   1.69353165802022e-06   2.51264895891685e+01
   7.60004900000000e+06   1.54938936702820e-06   2.50224075200738e+01
   8.00005100000000e+06   2.12695090340276e-06   2.51465053716819e+01
   8.40005400000000e+06   2.35962352235219e-06   2.50464264590994e+01
   8.80005700000000e+06   2.29790839512134e-06   2.49703664855106e+01
   9.20005900000000e+06   2.54089741247299e-06   2.50944643371439e+01
   9.60006200000000e+06   2.24923860514536e-06   2.49823759550261e+01
   4.20000490000000e+07  -2.09712469950318e-03   2.50464264590994e+01
   4.24000520000000e+07   2.61261811829172e-06   2.50664422416190e+01
   4.28000540000000e+07   1.66732741035958e-06   2.50264106765782e+01
   4.32000570000000e+07   1.54110512085026e-06   2.50864580241371e+01
   4.36000590000000e+07   2.26401289182832e-06   2.50584359286114e+01
   4.40000620000000e+07   1.53793064328056e-06   2.49223286074429e+01
   4.44000650000000e+07   3.35044660459971e-06   2.50264106765782e+01
   4.48000670000000e+07   2.29454531108786e-06   2.50384201460911e+01
   4.52000700000000e+07   2.40042868426826e-06   2.50344169895869e+01
   4.56000720000000e+07   2.82593441625067e-06   2.49823759550261e+01
   4.60000750000000e+07   1.73123316926649e-06   2.50584359286114e+01
   4.64000770000000e+07   2.70926852863340e-06   2.50624390851152e+01
   4.68000800000000e+07   1.86424892945070e-06   2.51024706501504e+01
   4.72000830000000e+07   1.87522323358280e-06   2.50264106765782e+01
   4.76000850000000e+07   2.33873493016290e-06   2.50904611806405e+01
   4.80000880000000e+07   1.26676059153397e-06   2.51024706501504e+01
   4.84000900000000e+07   2.56682506005745e-06   2.50544327721075e+01
   4.88000930000000e+07   1.55974612425780e-06   2.50544327721075e+01
   4.92000960000000e+07   1.74570345734537e-06   2.50704453981228e+01
   4.96000980000000e+07   1.98866996470315e-06   2.50464264590994e+01
   5.00001010000000e+07   1.06794482235273e-06   2.50544327721075e+01
   5.04001030000000e+07   2.14120404962159e-06   2.49983885810460e+01
   5.08001060000000e+07   1.23224265280442e-06   2.51024706501504e+01
   5.12001090000000e+07   1.42688054438622e-06   2.50144012070648e+01
   5.16001110000000e+07   1.70424550560710e-06   2.50584359286114e+01
   9.52620490000000e+07   4.67275036498904e-03   2.51465053716819e+01
   9.56620520000000e+07   2.07338484869979e-06   2.50784517111300e+01
   9.60620540000000e+07   2.30337627726840e-06   2.50063948940555e+01
   9.64620570000000e+07   1.74990213963611e-06   2.50184043635693e+01
   9.68620590000000e+07   2.45532442022522e-06   2.51184832761627e+01
   9.72620620000000e+07   1.81015946054686e-06   2.49343380769607e+01
   9.76620650000000e+07   2.21668437916378e-06   2.50144012070648e+01
   9.80620670000000e+07   2.22842254515854e-06   2.49103191379245e+01
   9.84620700000000e+07   1.66189965966623e-06   2.49823759550261e+01
   9.88620720000000e+07   2.36920982388256e-06   2.50224075200738e+01
   9.92620750000000e+07   1.69278075645707e-06   2.50624390851152e+01
   9.96620770000000e+07   2.04608068088419e-06   2.50704453981228e+01
   1.00062080000000e+08   2.00351951207267e-06   2.50504296156035e+01
   1.00462083000000e+08   1.40752479182993e-06   2.50784517111300e+01
   1.00862085000000e+08   1.96667178897769e-06   2.51144801196597e+01
   1.01262088000000e+08   1.47022831242793e-06   2.50824548676336e+01
   1.01662090000000e+08   1.72642705820181e-06   2.50384201460911e+01
   1.02062093000000e+08   1.84076372988784e-06   2.50344169895869e+01
   1.02462096000000e+08   1.22076187381026e-06   2.49903822680362e+01
   1.02862098000000e+08   1.92355787476117e-06   2.50264106765782e+01
   1.03262101000000e+08   1.36112225845864e-06   2.50384201460911e+01
   1.03662103000000e+08   1.63106756190246e-06   2.49743696420159e+01
   1.04062106000000e+08   1.91947856365005e-06   2.50224075200738e+01
   1.04462109000000e+08   1.70093744600308e-06   2.49703664855106e+01
   1.04862111000000e+08   2.26671841119241e-06   2.48622812598455e+01
   1.48441156000000e+08  -4.27832454442978e-03   2.50023917375508e+01
   1.48841159000000e+08   1.28449812564213e-06   2.50504296156035e+01
   1.49241162000000e+08   2.21715208681417e-06   2.49943854245411e+01
   1.49641164000000e+08   1.46079969454149e-06   2.50504296156035e+01
   1.50041167000000e+08   2.98326517622627e-06   2.49743696420159e+01
   1.50441169000000e+08   1.08277356503095e-06   2.51144801196597e+01
   1.50841172000000e+08   1.53558903548401e-06   2.50384201460911e+01
   1.51241175000000e+08   2.18543777918967e-06   2.50824548676336e+01
   1.51641177000000e+08   1.82822418537398e-06   2.50304138330826e+01
   1.52041180000000e+08   2.97194219456287e-06   2.50744485546264e+01
   1.52441182000000e+08   1.21056291391142e-06   2.50384201460911e+01
   1.52841185000000e+08   1.59378726038995e-06   2.50984674936472e+01
   1.53241188000000e+08   2.26874431064061e-06   2.50984674936472e+01
   1.53641190000000e+08   1.90512059816683e-06   2.50304138330826e+01
   1.54041193000000e+08   2.99834437100799e-06   2.50424233025953e+01
   1.54441195000000e+08   1.42310932460532e-06   2.51344959021740e+01
   1.54841198000000e+08   1.71621229583252e-06   2.51585148411891e+01
   1.55241200000000e+08   2.23917413677555e-06   2.50904611806405e+01
   1.55641203000000e+08   2.00338695321989e-06   2.50584359286114e+01
   1.56041206000000e+08   3.00534406960651e-06   2.50904611806405e+01
   1.56441208000000e+08   1.39155804390612e-06   2.50864580241371e+01
   1.56841211000000e+08   1.73030650785222e-06   2.50103980505602e+01
   1.57241213000000e+08   2.27369832828117e-06   2.50384201460911e+01
   1.57641216000000e+08   1.97369013221760e-06   2.49703664855106e+01
   1.58041219000000e+08   2.96071766570094e-06   2.50464264590994e+01
   1.93020084000000e+08   2.39662500098348e-03   2.50944643371439e+01
   1.93420087000000e+08   1.76984315203299e-06   2.50624390851152e+01
   1.93820089000000e+08   5.77248215449799e-07   2.50504296156035e+01
   1.94220092000000e+08   5.58243243631296e-07   2.49823759550261e+01
   1.94620094000000e+08   1.77675792656373e-06   2.50664422416190e+01
   1.95020097000000e+08   8.44234364194563e-07   2.50264106765782e+01
   1.95420099000000e+08   1.74642070760456e-06   2.50784517111300e+01
   1.95820102000000e+08   9.54907477535016e-07   2.49903822680362e+01
   1.96220105000000e+08   1.66736572282389e-06   2.50624390851152e+01
   1.96620107000000e+08   2.97425094686332e-06   2.50464264590994e+01
   1.97020110000000e+08   2.12545796784980e-06   2.50304138330826e+01
   1.97420112000000e+08   3.10575956063985e-06   2.50504296156035e+01
   1.97820115000000e+08   1.90789228327048e-06   2.50504296156035e+01
   1.98220118000000e+08   1.41952375543042e-06   2.50384201460911e+01
   1.98620120000000e+08   2.55436771112727e-06   2.50784517111300e+01
   1.99020123000000e+08   1.77360482211952e-06   2.50664422416190e+01
   1.99420125000000e+08   2.58150407717039e-06   2.50264106765782e+01
   1.99820128000000e+08   1.52598204294918e-06   2.50664422416190e+01
   2.00220130000000e+08   1.46290847169439e-06   2.49463475464779e+01
   2.00620133000000e+08   2.49444724431669e-06   2.50864580241371e+01
   2.01020136000000e+08   1.66562801950931e-06   2.50584359286114e+01
   2.01420138000000e+08   2.39905534726859e-06   2.50144012070648e+01
   2.01820141000000e+08   1.69616350831348e-06   2.49983885810460e+01
   2.02220143000000e+08   1.76798346274154e-06   2.49503507029835e+01
   2.02620146000000e+08   2.81461711892916e-06   2.50304138330826e+01
