   4.00003000000000e+05   2.33098535318277e-06   2.50023917375508e+01
   8.00005000000000e+05   2.26738166020368e-06   2.51144801196597e+01
   1.20000800000000e+06   2.09976838050352e-06   2.50784517111300e+01
   1.60001000000000e+06   1.88787885235797e-06   2.50184043635693e+01
   2.00001300000000e+06   2.04454022423306e-06   2.49343380769607e+01
   2.40001600000000e+06   1.94185622603982e-06   2.49463475464779e+01
   2.80001800000000e+06   2.20805350181763e-06   2.49463475464779e+01
   3.20002100000000e+06   2.66237952928350e-06   2.49743696420159e+01
   3.60002300000000e+06   2.52735640060564e-06   2.50144012070648e+01
   4.00002600000000e+06   2.76824243883311e-06   2.50144012070648e+01
   4.40002900000000e+06   2.55630015999486e-06   2.49983885810460e+01
   4.80003100000000e+06   2.77217031907639e-06   2.49863791115312e+01
   5.20003400000000e+06   2.99519388136105e-06   2.49943854245411e+01
   5.60003700000000e+06   2.80264725915913e-06   2.49783727985210e+01
   6.00003900000000e+06   3.11356166093901e-06   2.50184043635693e+01
   6.40004200000000e+06   2.89562422040035e-06   2.50584359286114e+01
   6.80004400000000e+06   2.72409511126170e-06   2.50984674936472e+01
   7.20004700000000e+06   2.47074012804660e-06   2.50023917375508e+01
   7.60005000000000e+06   2.22172343455895e-06   2.50424233025953e+01
   8.00005200000000e+06   2.52541212830693e-06   2.50584359286114e+01
   8.40005500000000e+06   2.16703710975708e-06   2.51064738066536e+01
   8.80005700000000e+06   2.16324929169787e-06   2.50184043635693e+01
   9.20006000000000e+06   1.89042634701764e-06   2.50144012070648e+01
   9.60006300000000e+06   1.74552076259715e-06   2.49983885810460e+01
   4.21879700000000e+07   1.35687761940062e-04   2.49583570159945e+01
   4.25879730000000e+07   2.08228061637783e-06   2.49783727985210e+01
   4.29879750000000e+07   2.23343795369146e-06   2.49743696420159e+01
   4.33879780000000e+07   2.45844194068923e-06   2.49303349204548e+01
   4.37879810000000e+07   2.20555375562981e-06   2.49863791115312e+01
   4.41879830000000e+07   2.38985512623913e-06   2.49743696420159e+01
   4.45879860000000e+07   2.43928548115946e-06   2.50504296156035e+01
   4.49879880000000e+07   2.03992249225848e-06   2.49663633290053e+01
   4.53879910000000e+07   2.34435719903558e-06   2.50224075200738e+01
   4.57879940000000e+07   2.05844298761804e-06   2.50464264590994e+01
   4.61879960000000e+07   2.26097790800850e-06   2.51224864326656e+01
   4.65879990000000e+07   2.15529871638864e-06   2.50904611806405e+01
   4.69880010000000e+07   1.88186470495566e-06   2.50984674936472e+01
   4.73880040000000e+07   2.03046465685475e-06   2.50184043635693e+01
   4.77880070000000e+07   1.80314918907243e-06   2.50664422416190e+01
   4.81880090000000e+07   1.85369572136551e-06   2.50264106765782e+01
   4.85880120000000e+07   1.98497423298249e-06   2.49983885810460e+01
   4.89880140000000e+07   1.33179298700270e-06   2.50544327721075e+01
   4.93880170000000e+07   1.61185278102494e-06   2.50504296156035e+01
   4.97880200000000e+07   1.23143786368018e-06   2.50744485546264e+01
   5.01880220000000e+07   1.50684525124234e-06   2.49903822680362e+01
   5.05880250000000e+07   1.41259749852907e-06   2.50063948940555e+01
   5.09880280000000e+07   1.18062860110513e-06   2.49463475464779e+01
   5.13880300000000e+07   1.49096911172819e-06   2.48983096684056e+01
   5.17880330000000e+07   1.14394038064347e-06   2.48943065118992e+01
   9.57583560000000e+07   2.09975230973214e-04   2.49663633290053e+01
   9.61583590000000e+07   2.07015273190336e-06   2.50744485546264e+01
   9.65583610000000e+07   2.35331981457421e-06   2.50664422416190e+01
   9.69583640000000e+07   1.84592897767288e-06   2.49863791115312e+01
   9.73583660000000e+07   2.27344457925938e-06   2.50384201460911e+01
   9.77583690000000e+07   1.88890362551319e-06   2.49463475464779e+01
   9.81583720000000e+07   2.03379022423178e-06   2.50944643371439e+01
   9.85583740000000e+07   2.16268631447747e-06   2.50464264590994e+01
   9.89583770000000e+07   1.67089478964044e-06   2.50344169895869e+01
   9.93583800000000e+07   1.88355545560626e-06   2.50784517111300e+01
   9.97583820000000e+07   1.69199927313457e-06   2.50704453981228e+01
   1.00158385000000e+08   1.72834518252785e-06   2.50224075200738e+01
   1.00558387000000e+08   1.88802766842855e-06   2.50304138330826e+01
   1.00958390000000e+08   1.20955496640818e-06   2.50063948940555e+01
   1.01358393000000e+08   1.51223628108710e-06   2.50624390851152e+01
   1.01758395000000e+08   1.09895768218848e-06   2.50063948940555e+01
   1.02158398000000e+08   1.29545014715404e-06   2.50063948940555e+01
   1.02558400000000e+08   1.40556289807137e-06   2.50544327721075e+01
   1.02958403000000e+08   7.64358389915287e-07   2.51304927456713e+01
   1.03358406000000e+08   1.01589364476240e-06   2.49663633290053e+01
   1.03758408000000e+08   7.20612547411292e-07   2.50744485546264e+01
   1.04158411000000e+08   8.53396272759710e-07   2.50504296156035e+01
   1.04558413000000e+08   9.26659197375557e-07   2.50144012070648e+01
   1.04958416000000e+08   1.26185909721244e-06   2.50744485546264e+01
   1.05358419000000e+08   1.89627530744474e-06   2.49583570159945e+01
   1.48786495000000e+08   1.99800153495744e-04   2.50384201460911e+01
   1.49186497000000e+08   2.12445274883066e-06   2.49063159814183e+01
   1.49586500000000e+08   1.91194476428791e-06   2.50384201460911e+01
   1.49986502000000e+08   2.29766646953067e-06   2.50264106765782e+01
   1.50386505000000e+08   2.00469980882190e-06   2.49063159814183e+01
   1.50786508000000e+08   2.21706432057545e-06   2.50504296156035e+01
   1.51186510000000e+08   2.44748821387475e-06   2.50304138330826e+01
   1.51586513000000e+08   2.13308385355049e-06   2.51465053716819e+01
   1.51986515000000e+08   2.54319365922129e-06   2.50264106765782e+01
   1.52386518000000e+08   2.13441717278329e-06   2.50464264590994e+01
   1.52786521000000e+08   2.09809491025226e-06   2.49383412334665e+01
   1.53186523000000e+08   1.86955082881468e-06   2.49703664855106e+01
   1.53586526000000e+08   1.56388523464557e-06   2.51064738066536e+01
   1.53986528000000e+08   1.93549203686416e-06   2.50624390851152e+01
   1.54386531000000e+08   1.61596915404516e-06   2.49823759550261e+01
   1.54786534000000e+08   1.65817459674145e-06   2.50464264590994e+01
   1.55186536000000e+08   1.60843376306730e-06   2.49823759550261e+01
   1.55586539000000e+08   1.23497738968581e-06   2.50063948940555e+01
   1.55986541000000e+08   1.62475384968275e-06   2.50224075200738e+01
   1.56386544000000e+08   1.29766726786329e-06   2.49823759550261e+01
   1.56786547000000e+08   1.57050692450866e-06   2.49583570159945e+01
   1.57186549000000e+08   1.79392338850448e-06   2.50784517111300e+01
   1.57586552000000e+08   1.61017214850290e-06   2.49343380769607e+01
   1.57986554000000e+08   1.92791708286677e-06   2.49663633290053e+01
   1.58386557000000e+08   1.71914052771172e-06   2.49623601725000e+01
   1.93148788000000e+08   1.61137635586783e-04   2.50784517111300e+01
   1.93548791000000e+08   1.10486439552915e-06   2.50224075200738e+01
   1.93948793000000e+08   1.40345741783676e-06   2.50464264590994e+01
   1.94348796000000e+08   1.08063352399768e-06   2.49543538594890e+01
   1.94748799000000e+08   1.51131803249882e-06   2.49863791115312e+01
   1.95148801000000e+08   1.56933310790919e-06   2.50103980505602e+01
   1.95548804000000e+08   1.54238728100609e-06   2.50424233025953e+01
   1.95948806000000e+08   1.73885200638324e-06   2.49943854245411e+01
   1.96348809000000e+08   1.59982050718099e-06   2.50464264590994e+01
   1.96748812000000e+08   1.60642764512886e-06   2.51184832761627e+01
   1.97148814000000e+08   1.59023613832687e-06   2.51425022151793e+01
   1.97548817000000e+08   1.41267980779958e-06   2.49623601725000e+01
   1.97948820000000e+08   1.68553026469453e-06   2.49743696420159e+01
   1.98348822000000e+08   1.38672692173714e-06   2.51665211541937e+01
   1.98748825000000e+08   1.66289419212262e-06   2.50664422416190e+01
   1.99148827000000e+08   1.70349505879130e-06   2.50344169895869e+01
   1.99548830000000e+08   1.59279034050996e-06   2.51304927456713e+01
   1.99948833000000e+08   1.80605854893656e-06   2.51184832761627e+01
   2.00348835000000e+08   1.56661053551943e-06   2.50624390851152e+01
   2.00748838000000e+08   1.79316543835739e-06   2.51304927456713e+01
   2.01148840000000e+08   1.74471188074676e-06   2.50264106765782e+01
   2.01548843000000e+08   1.65490303061233e-06   2.50744485546264e+01
   2.01948846000000e+08   1.93029086403840e-06   2.50063948940555e+01
   2.02348848000000e+08   1.67384303040308e-06   2.50624390851152e+01
   2.02748851000000e+08   1.70681573763432e-06   2.49983885810460e+01
