   4.00003000000000e+05   2.03897070605308e-06   2.49743696420159e+01
   8.00006000000000e+05   2.18869672607980e-06   2.51224864326656e+01
   1.20000800000000e+06   1.82600047082815e-06   2.51304927456713e+01
   1.60001100000000e+06   2.07384482564521e-06   2.51144801196597e+01
   2.00001300000000e+06   1.77171773430018e-06   2.51745274671980e+01
   2.40001600000000e+06   1.92327343029319e-06   2.51384990586767e+01
   2.80001900000000e+06   2.00490399038245e-06   2.51745274671980e+01
   3.20002100000000e+06   1.83968666078727e-06   2.50784517111300e+01
   3.60002400000000e+06   2.26388306145964e-06   2.50304138330826e+01
   4.00002600000000e+06   2.14727697311901e-06   2.50944643371439e+01
   4.40002900000000e+06   2.08581741389935e-06   2.51184832761627e+01
   4.80003200000000e+06   2.25297321776452e-06   2.50224075200738e+01
   5.20003400000000e+06   1.95551456272369e-06   2.50984674936472e+01
   5.60003700000000e+06   2.24514701585576e-06   2.49983885810460e+01
   6.00003900000000e+06   2.01584862224991e-06   2.49983885810460e+01
   6.40004200000000e+06   2.06782237910375e-06   2.49423443899722e+01
   6.80004500000000e+06   2.26703764383274e-06   2.49103191379245e+01
   7.20004700000000e+06   1.92913739738287e-06   2.50103980505602e+01
   7.60005000000000e+06   2.13261796488950e-06   2.49343380769607e+01
   8.00005200000000e+06   1.86234422017151e-06   2.50063948940555e+01
   8.40005500000000e+06   2.00567342290014e-06   2.48622812598455e+01
   8.80005800000000e+06   1.96194582713360e-06   2.50224075200738e+01
   9.20006000000000e+06   1.68630242569634e-06   2.49463475464779e+01
   9.60006300000000e+06   1.69766747148969e-06   2.49943854245411e+01
   4.22133450000000e+07   2.37901252694428e-03   2.50464264590994e+01
   4.26133480000000e+07   2.95711242870311e-06   2.50504296156035e+01
   4.30133500000000e+07   1.49735876675550e-06   2.50464264590994e+01
   4.34133530000000e+07   3.39832945428498e-06   2.50984674936472e+01
   4.38133550000000e+07   1.95185293705435e-06   2.50103980505602e+01
   4.42133580000000e+07   9.32758439375903e-07   2.50304138330826e+01
   4.46133610000000e+07   2.86153590423055e-06   2.50184043635693e+01
   4.50133630000000e+07   1.59909961894300e-06   2.50784517111300e+01
   4.54133660000000e+07   2.75633328783442e-06   2.50664422416190e+01
   4.58133680000000e+07   1.47218759138923e-06   2.49663633290053e+01
   4.62133710000000e+07   4.15058309499727e-07   2.50704453981228e+01
   4.66133730000000e+07   2.38699976762291e-06   2.50344169895869e+01
   4.70133760000000e+07   9.23099491956236e-07   2.50824548676336e+01
   4.74133790000000e+07   2.64442905972828e-06   2.50544327721075e+01
   4.78133810000000e+07   1.19329558856407e-06   2.51064738066536e+01
   4.82133840000000e+07   4.13136177712659e-07   2.50704453981228e+01
   4.86133860000000e+07   2.06310437533830e-06   2.50424233025953e+01
   4.90133890000000e+07   9.51179742969543e-07   2.51184832761627e+01
   4.94133920000000e+07   2.66169445239939e-06   2.50224075200738e+01
   4.98133940000000e+07   1.51792869473866e-06   2.50304138330826e+01
   5.02133970000000e+07   7.80645336817543e-07   2.50864580241371e+01
   5.06133990000000e+07   2.46665194936213e-06   2.50664422416190e+01
   5.10134020000000e+07   1.23035681554029e-06   2.49823759550261e+01
   5.14134050000000e+07   2.68362828137469e-06   2.49983885810460e+01
   5.18134070000000e+07   1.37688948598225e-06   2.50344169895869e+01
   9.54418260000000e+07  -4.25622472539544e-03   2.49863791115312e+01
   9.58418280000000e+07   6.85749512285838e-07   2.50544327721075e+01
   9.62418310000000e+07   1.68866222338693e-06   2.50584359286114e+01
   9.66418330000000e+07   7.61175897423527e-07   2.49823759550261e+01
   9.70418360000000e+07   1.20808613246481e-06   2.49943854245411e+01
   9.74418390000000e+07   1.42337557917926e-06   2.49823759550261e+01
   9.78418410000000e+07   1.21437267353031e-06   2.50344169895869e+01
   9.82418440000000e+07   2.05798733077245e-06   2.50264106765782e+01
   9.86418460000000e+07   1.23279824038036e-06   2.49463475464779e+01
   9.90418490000000e+07   1.72596730863006e-06   2.49623601725000e+01
   9.94418520000000e+07   1.54493557147362e-06   2.50224075200738e+01
   9.98418540000000e+07   1.08260371689539e-06   2.50144012070648e+01
   1.00241857000000e+08   2.00344697987020e-06   2.50224075200738e+01
   1.00641859000000e+08   1.24107646115590e-06   2.50704453981228e+01
   1.01041862000000e+08   1.64102129929233e-06   2.49823759550261e+01
   1.01441864000000e+08   1.64300695359998e-06   2.49623601725000e+01
   1.01841867000000e+08   1.45785668337339e-06   2.49983885810460e+01
   1.02241870000000e+08   2.27156851906329e-06   2.49983885810460e+01
   1.02641872000000e+08   1.48358151363936e-06   2.49223286074429e+01
   1.03041875000000e+08   1.86695001502812e-06   2.50023917375508e+01
   1.03441877000000e+08   1.76653156813700e-06   2.49103191379245e+01
   1.03841880000000e+08   1.40518920943578e-06   2.49223286074429e+01
   1.04241883000000e+08   2.16819535125978e-06   2.50023917375508e+01
   1.04641885000000e+08   1.39379551455932e-06   2.49943854245411e+01
   1.05041888000000e+08   1.82188114195014e-06   2.50023917375508e+01
   1.49148055000000e+08   4.65577468276024e-03   2.50424233025953e+01
   1.49548058000000e+08   2.05508126782661e-06   2.50304138330826e+01
   1.49948060000000e+08   2.88189607999811e-06   2.51264895891685e+01
   1.50348063000000e+08   2.66798565462523e-06   2.50103980505602e+01
   1.50748065000000e+08   1.57053125349194e-06   2.50704453981228e+01
   1.51148068000000e+08   2.57306919593248e-06   2.49823759550261e+01
   1.51548070000000e+08   1.85414626230340e-06   2.51585148411891e+01
   1.51948073000000e+08   2.54666406362958e-06   2.51384990586767e+01
   1.52348076000000e+08   2.29630177273066e-06   2.49583570159945e+01
   1.52748078000000e+08   1.36768892389227e-06   2.50864580241371e+01
   1.53148081000000e+08   2.25202757064835e-06   2.49543538594890e+01
   1.53548083000000e+08   1.92896732187364e-06   2.49303349204548e+01
   1.53948086000000e+08   2.56293219536019e-06   2.51024706501504e+01
   1.54348089000000e+08   2.37771973843337e-06   2.49743696420159e+01
   1.54748091000000e+08   1.46741615481005e-06   2.50264106765782e+01
   1.55148094000000e+08   2.32512252296146e-06   2.50384201460911e+01
   1.55548096000000e+08   1.66953168445616e-06   2.50103980505602e+01
   1.55948099000000e+08   2.46840932049963e-06   2.50424233025953e+01
   1.56348102000000e+08   2.04091270461504e-06   2.50464264590994e+01
   1.56748104000000e+08   1.33302307858685e-06   2.50824548676336e+01
   1.57148107000000e+08   2.09287259167468e-06   2.50103980505602e+01
   1.57548109000000e+08   1.77349556906847e-06   2.50424233025953e+01
   1.57948112000000e+08   2.34377671404218e-06   2.50224075200738e+01
   1.58348115000000e+08   2.07169273380714e-06   2.50664422416190e+01
   1.58748117000000e+08   1.35041204885056e-06   2.49663633290053e+01
   1.93776759000000e+08  -2.07536248490214e-03   2.50264106765782e+01
   1.94176761000000e+08   1.79197718352953e-06   2.50584359286114e+01
   1.94576764000000e+08   1.50746632243681e-06   2.49183254509368e+01
   1.94976767000000e+08   1.73327759966924e-06   2.50464264590994e+01
   1.95376769000000e+08   1.32079014747433e-06   2.50864580241371e+01
   1.95776772000000e+08   2.65076869254699e-06   2.49943854245411e+01
   1.96176774000000e+08   2.28701583182556e-06   2.49903822680362e+01
   1.96576777000000e+08   2.17170054384042e-06   2.50344169895869e+01
   1.96976780000000e+08   2.22833637053554e-06   2.50704453981228e+01
   1.97376782000000e+08   1.68870155903278e-06   2.50464264590994e+01
   1.97776785000000e+08   2.55798477155622e-06   2.50744485546264e+01
   1.98176787000000e+08   2.33910782299063e-06   2.49783727985210e+01
   1.98576790000000e+08   2.02172486751806e-06   2.50744485546264e+01
   1.98976793000000e+08   2.36620053328807e-06   2.50384201460911e+01
   1.99376795000000e+08   1.42980775308388e-06   2.50704453981228e+01
   1.99776798000000e+08   2.33217065215285e-06   2.50624390851152e+01
   2.00176800000000e+08   1.96161386156746e-06   2.49663633290053e+01
   2.00576803000000e+08   1.79835694780195e-06   2.50184043635693e+01
   2.00976805000000e+08   1.92892912309617e-06   2.50023917375508e+01
   2.01376808000000e+08   1.51839003592613e-06   2.49503507029835e+01
   2.01776811000000e+08   2.30956879931909e-06   2.49383412334665e+01
   2.02176813000000e+08   2.22029416363512e-06   2.49783727985210e+01
   2.02576816000000e+08   1.84728924068622e-06   2.51144801196597e+01
   2.02976818000000e+08   2.17198339669267e-06   2.49823759550261e+01
   2.03376821000000e+08   1.80894983259350e-06   2.49543538594890e+01
