   4.00003000000000e+05   1.98504744730599e-06   2.49783727985210e+01
   8.00005000000000e+05   2.10217103813193e-06   2.51264895891685e+01
   1.20000800000000e+06   1.87251964689494e-06   2.50184043635693e+01
   1.60001100000000e+06   2.11468386623892e-06   2.50784517111300e+01
   2.00001300000000e+06   1.73653938873031e-06   2.50944643371439e+01
   2.40001600000000e+06   2.00876797862293e-06   2.50464264590994e+01
   2.80001800000000e+06   1.86753527486871e-06   2.50464264590994e+01
   3.20002100000000e+06   1.96579935618502e-06   2.49623601725000e+01
   3.60002400000000e+06   1.92852894542739e-06   2.51304927456713e+01
   4.00002600000000e+06   1.89705963293818e-06   2.50464264590994e+01
   4.40002900000000e+06   1.93655705515994e-06   2.50063948940555e+01
   4.80003100000000e+06   1.97283884517674e-06   2.50624390851152e+01
   5.20003400000000e+06   1.79902633590245e-06   2.51465053716819e+01
   5.60003700000000e+06   2.10877647077723e-06   2.50984674936472e+01
   6.00003900000000e+06   1.83887925686577e-06   2.50103980505602e+01
   6.40004200000000e+06   2.05449896384380e-06   2.50984674936472e+01
   6.80004400000000e+06   1.91229901247425e-06   2.49583570159945e+01
   7.20004700000000e+06   1.97207646124298e-06   2.50344169895869e+01
   7.60005000000000e+06   1.97812437363609e-06   2.50344169895869e+01
   8.00005200000000e+06   1.75801244495233e-06   2.50023917375508e+01
   8.40005500000000e+06   1.96521568796015e-06   2.49623601725000e+01
   8.80005700000000e+06   1.87851674127160e-06   2.49743696420159e+01
   9.20006000000000e+06   1.84977091066685e-06   2.50023917375508e+01
   9.60006300000000e+06   1.79962091806374e-06   2.49583570159945e+01
   4.18951940000000e+07   2.36184988170862e-03   2.50744485546264e+01
   4.22951960000000e+07   1.12689667730592e-06   2.49383412334665e+01
   4.26951990000000e+07   1.78642335413315e-06   2.50304138330826e+01
   4.30952010000000e+07   1.59157218604378e-06   2.50624390851152e+01
   4.34952040000000e+07   1.33841297156323e-06   2.50624390851152e+01
   4.38952070000000e+07   3.09680058308004e-06   2.50344169895869e+01
   4.42952090000000e+07   1.18185641895252e-06   2.50624390851152e+01
   4.46952120000000e+07   1.98624547920190e-06   2.51665211541937e+01
   4.50952140000000e+07   1.70895634710178e-06   2.50704453981228e+01
   4.54952170000000e+07   1.51434562667419e-06   2.51505085281844e+01
   4.58952200000000e+07   2.93439848064736e-06   2.50944643371439e+01
   4.62952220000000e+07   1.02186675121629e-06   2.50784517111300e+01
   4.66952250000000e+07   1.86217584996484e-06   2.51825337802020e+01
   4.70952270000000e+07   1.56841122134210e-06   2.51625179976914e+01
   4.74952300000000e+07   1.51632696088200e-06   2.50144012070648e+01
   4.78952330000000e+07   2.65916310127068e-06   2.50784517111300e+01
   4.82952350000000e+07   6.77442585583776e-07   2.51264895891685e+01
   4.86952380000000e+07   1.73792170699016e-06   2.49463475464779e+01
   4.90952400000000e+07   1.39526127895806e-06   2.49903822680362e+01
   4.94952430000000e+07   1.67583937127347e-06   2.49903822680362e+01
   4.98952460000000e+07   2.61341483565047e-06   2.49343380769607e+01
   5.02952480000000e+07   1.01166324384394e-06   2.50624390851152e+01
   5.06952510000000e+07   1.97771214516251e-06   2.50304138330826e+01
   5.10952530000000e+07   1.63464221714094e-06   2.50504296156035e+01
   5.14952560000000e+07   1.83138320153375e-06   2.50103980505602e+01
   9.48926460000000e+07  -4.22342447564006e-03   2.49663633290053e+01
   9.52926480000000e+07   1.40218628530420e-06   2.49263317639489e+01
   9.56926510000000e+07  -9.89649109328639e-08   2.49423443899722e+01
   9.60926530000000e+07   2.29303986998275e-06   2.49783727985210e+01
   9.64926560000000e+07   3.00754618365318e-06   2.49423443899722e+01
   9.68926590000000e+07   1.75133425273089e-06   2.49583570159945e+01
   9.72926610000000e+07   1.14649708393699e-06   2.50184043635693e+01
   9.76926640000000e+07   7.21259283409381e-08   2.51264895891685e+01
   9.80926660000000e+07   2.63973925029859e-06   2.50704453981228e+01
   9.84926690000000e+07   2.90858088192181e-06   2.50544327721075e+01
   9.88926720000000e+07   1.64434231919586e-06   2.51865369367039e+01
   9.92926740000000e+07   1.03690513242327e-06   2.51064738066536e+01
   9.96926770000000e+07   4.02912718300286e-07   2.50504296156035e+01
   1.00092679000000e+08   2.74613148576464e-06   2.51264895891685e+01
   1.00492682000000e+08   2.70626651399652e-06   2.50944643371439e+01
   1.00892685000000e+08   1.37692188673100e-06   2.52105558757142e+01
   1.01292687000000e+08   1.07786229364137e-06   2.50784517111300e+01
   1.01692690000000e+08   9.03943941921170e-07   2.50224075200738e+01
   1.02092692000000e+08   3.22856521961512e-06   2.50504296156035e+01
   1.02492695000000e+08   2.74344392892090e-06   2.50264106765782e+01
   1.02892698000000e+08   1.51687265770306e-06   2.49623601725000e+01
   1.03292700000000e+08   1.39638063956227e-06   2.50664422416190e+01
   1.03692703000000e+08   1.50199991821864e-06   2.50504296156035e+01
   1.04092705000000e+08   3.64158699994732e-06   2.49783727985210e+01
   1.04492708000000e+08   2.88750652543968e-06   2.50504296156035e+01
   1.48022999000000e+08   4.62732510641217e-03   2.50624390851152e+01
   1.48423001000000e+08   4.48475674375004e-07   2.50063948940555e+01
   1.48823004000000e+08   1.56738110490551e-06   2.50264106765782e+01
   1.49223007000000e+08   3.92938363802386e-06   2.49903822680362e+01
   1.49623009000000e+08   7.85545182679925e-07   2.50544327721075e+01
   1.50023012000000e+08   1.97926783584990e-06   2.50224075200738e+01
   1.50423014000000e+08   1.93611668919402e-07   2.50224075200738e+01
   1.50823017000000e+08   1.48701712987531e-06   2.50784517111300e+01
   1.51223020000000e+08   3.55648944605491e-06   2.50584359286114e+01
   1.51623022000000e+08   5.17749583650584e-07   2.50944643371439e+01
   1.52023025000000e+08   1.83882798410195e-06   2.50504296156035e+01
   1.52423027000000e+08   3.92630084888879e-07   2.50304138330826e+01
   1.52823030000000e+08   1.74604372205067e-06   2.50864580241371e+01
   1.53223033000000e+08   3.47037257597549e-06   2.50624390851152e+01
   1.53623035000000e+08   6.25761970241001e-07   2.50784517111300e+01
   1.54023038000000e+08   2.25073358706140e-06   2.49463475464779e+01
   1.54423040000000e+08   9.27639973724581e-07   2.50824548676336e+01
   1.54823043000000e+08   2.28661474466207e-06   2.49343380769607e+01
   1.55223046000000e+08   3.62400510312000e-06   2.50624390851152e+01
   1.55623048000000e+08   5.99629686348635e-07   2.50144012070648e+01
   1.56023051000000e+08   2.20285733121273e-06   2.49623601725000e+01
   1.56423053000000e+08   8.46106956942094e-07   2.49903822680362e+01
   1.56823056000000e+08   2.38286111198249e-06   2.50184043635693e+01
   1.57223059000000e+08   3.26619851875876e-06   2.49623601725000e+01
   1.57623061000000e+08   6.19096795162477e-07   2.49503507029835e+01
   1.92453297000000e+08  -2.05465080216527e-03   2.50544327721075e+01
   1.92853300000000e+08   3.83193309971830e-06   2.50384201460911e+01
   1.93253302000000e+08   1.31130946101621e-06   2.50384201460911e+01
   1.93653305000000e+08   6.82655070249893e-07   2.50224075200738e+01
   1.94053307000000e+08   2.10288953894633e-06   2.49303349204548e+01
   1.94453310000000e+08   2.39575911109569e-06   2.50624390851152e+01
   1.94853313000000e+08   3.69858275917068e-06   2.49903822680362e+01
   1.95253315000000e+08   9.74799149844330e-07   2.51104769631567e+01
   1.95653318000000e+08   1.05129583971575e-06   2.50103980505602e+01
   1.96053320000000e+08   2.49767549576063e-06   2.50023917375508e+01
   1.96453323000000e+08   2.63765832642093e-06   2.50063948940555e+01
   1.96853326000000e+08   3.45395346812438e-06   2.50224075200738e+01
   1.97253328000000e+08   1.06229572338634e-06   2.50624390851152e+01
   1.97653331000000e+08   9.80633899416716e-07   2.50744485546264e+01
   1.98053333000000e+08   2.26897259381076e-06   2.49703664855106e+01
   1.98453336000000e+08   2.27991858992027e-06   2.49983885810460e+01
   1.98853339000000e+08   2.99859152619320e-06   2.49703664855106e+01
   1.99253341000000e+08   5.32508806827536e-07   2.49983885810460e+01
   1.99653344000000e+08   9.68606059359445e-07   2.50224075200738e+01
   2.00053346000000e+08   2.24563837036840e-06   2.49903822680362e+01
   2.00453349000000e+08   2.19277922042238e-06   2.49583570159945e+01
   2.00853352000000e+08   2.40742906498781e-06   2.49983885810460e+01
   2.01253354000000e+08   2.94794318733693e-07   2.50984674936472e+01
   2.01653357000000e+08   1.04305468084931e-06   2.50224075200738e+01
   2.02053359000000e+08   2.29713509725116e-06   2.50264106765782e+01
