   4.00002000000000e+05   1.94695417121693e-06   2.50984674936472e+01
   8.00005000000000e+05   1.82752432920097e-06   2.50864580241371e+01
   1.20000700000000e+06   1.87147691121936e-06   2.50664422416190e+01
   1.60001000000000e+06   1.96545806829818e-06   2.50224075200738e+01
   2.00001300000000e+06   1.67166433584498e-06   2.49823759550261e+01
   2.40001500000000e+06   1.71032252183068e-06   2.50063948940555e+01
   2.80001800000000e+06   1.47675029893435e-06   2.50304138330826e+01
   3.20002000000000e+06   1.55155692027620e-06   2.50103980505602e+01
   3.60002300000000e+06   1.63321601576172e-06   2.50784517111300e+01
   4.00002600000000e+06   1.52202892422793e-06   2.49903822680362e+01
   4.40002800000000e+06   1.94234735317877e-06   2.49863791115312e+01
   4.80003100000000e+06   1.75448110439902e-06   2.49703664855106e+01
   5.20003300000000e+06   1.87718160304939e-06   2.50624390851152e+01
   5.60003600000000e+06   1.83845293122431e-06   2.50023917375508e+01
   6.00003900000000e+06   1.62595677011268e-06   2.49903822680362e+01
   6.40004100000000e+06   1.53295104610152e-06   2.49983885810460e+01
   6.80004400000000e+06   1.36460755584267e-06   2.49583570159945e+01
   7.20004600000000e+06   1.35052653149614e-06   2.50704453981228e+01
   7.60004900000000e+06   1.50873813709040e-06   2.51024706501504e+01
   8.00005100000000e+06   1.48124900078983e-06   2.49983885810460e+01
   8.40005400000000e+06   2.33029618357250e-06   2.50264106765782e+01
   8.80005700000000e+06   2.11352926271502e-06   2.50304138330826e+01
   9.20005900000000e+06   2.32794764087885e-06   2.49983885810460e+01
   9.60006200000000e+06   2.27540544983640e-06   2.51184832761627e+01
   4.20434850000000e+07   2.40901275537908e-03   2.50704453981228e+01
   4.24434880000000e+07   2.53978578257374e-06   2.51545116846868e+01
   4.28434910000000e+07   1.90268838196062e-06   2.50824548676336e+01
   4.32434930000000e+07   2.75652905656898e-06   2.51104769631567e+01
   4.36434960000000e+07   2.13727275877318e-06   2.51745274671980e+01
   4.40434980000000e+07   1.66957136116253e-06   2.51344959021740e+01
   4.44435010000000e+07   1.73140938386496e-06   2.50624390851152e+01
   4.48435040000000e+07   1.22970391203125e-06   2.51384990586767e+01
   4.52435060000000e+07   1.74290698851109e-06   2.51184832761627e+01
   4.56435090000000e+07   1.36551045670785e-06   2.49783727985210e+01
   4.60435110000000e+07   9.95465711639554e-07   2.51024706501504e+01
   4.64435140000000e+07   1.64384221079672e-06   2.50944643371439e+01
   4.68435170000000e+07   8.48300487632514e-07   2.50584359286114e+01
   4.72435190000000e+07   1.62185790486546e-06   2.49783727985210e+01
   4.76435220000000e+07   1.21989614854101e-06   2.50784517111300e+01
   4.80435240000000e+07   1.18344257771241e-06   2.49863791115312e+01
   4.84435270000000e+07   1.92516108654672e-06   2.50504296156035e+01
   4.88435300000000e+07   1.36933806516026e-06   2.50023917375508e+01
   4.92435320000000e+07   1.97084978026396e-06   2.50664422416190e+01
   4.96435350000000e+07   1.71656017755595e-06   2.50504296156035e+01
   5.00435370000000e+07   1.36925757487916e-06   2.51264895891685e+01
   5.04435400000000e+07   1.77101708231930e-06   2.50944643371439e+01
   5.08435420000000e+07   1.02735839391244e-06   2.51665211541937e+01
   5.12435450000000e+07   1.64481241426984e-06   2.50744485546264e+01
   5.16435480000000e+07   1.51812912463356e-06   2.50304138330826e+01
   9.54201690000000e+07  -4.31074947118759e-03   2.50544327721075e+01
   9.58201710000000e+07   2.15842055695248e-06   2.50784517111300e+01
   9.62201740000000e+07   1.29380055113870e-06   2.50944643371439e+01
   9.66201760000000e+07   5.23713140410109e-07   2.50824548676336e+01
   9.70201790000000e+07   1.78689879248850e-06   2.50904611806405e+01
   9.74201820000000e+07   8.72956391617663e-08   2.49543538594890e+01
   9.78201840000000e+07   1.62732749231509e-06   2.49783727985210e+01
   9.82201870000000e+07   1.65579547228845e-06   2.51264895891685e+01
   9.86201890000000e+07   1.08078029370517e-06   2.49823759550261e+01
   9.90201920000000e+07   2.28042404160078e-06   2.50624390851152e+01
   9.94201940000000e+07   6.51685468255891e-07   2.50744485546264e+01
   9.98201970000000e+07   2.14461260839016e-06   2.49983885810460e+01
   1.00220200000000e+08   2.19631851905433e-06   2.50664422416190e+01
   1.00620202000000e+08   1.59506737418269e-06   2.50144012070648e+01
   1.01020205000000e+08   2.80232370641897e-06   2.50184043635693e+01
   1.01420207000000e+08   1.25814688090031e-06   2.51304927456713e+01
   1.01820210000000e+08   2.49224922299618e-06   2.49863791115312e+01
   1.02220213000000e+08   2.60746128333267e-06   2.50264106765782e+01
   1.02620215000000e+08   1.88232365871954e-06   2.50544327721075e+01
   1.03020218000000e+08   2.99468183584395e-06   2.50944643371439e+01
   1.03420220000000e+08   1.43046963785309e-06   2.50704453981228e+01
   1.03820223000000e+08   2.72072202278650e-06   2.50144012070648e+01
   1.04220226000000e+08   2.80785911854764e-06   2.49823759550261e+01
   1.04620228000000e+08   2.04056027541810e-06   2.50264106765782e+01
   1.05020231000000e+08   3.19733544529299e-06   2.50103980505602e+01
   1.48800671000000e+08   4.70812525600195e-03   2.50544327721075e+01
   1.49200674000000e+08   1.88018293556524e-06   2.50144012070648e+01
   1.49600676000000e+08   1.87389912298386e-06   2.51064738066536e+01
   1.50000679000000e+08   1.60625768330647e-06   2.49903822680362e+01
   1.50400681000000e+08   2.39069368035416e-06   2.49623601725000e+01
   1.50800684000000e+08   7.88567376730498e-07   2.49623601725000e+01
   1.51200687000000e+08   1.71703993601113e-06   2.49943854245411e+01
   1.51600689000000e+08   1.58131729222077e-06   2.50224075200738e+01
   1.52000692000000e+08   1.40142810778343e-06   2.49983885810460e+01
   1.52400694000000e+08   1.83469853709539e-06   2.50624390851152e+01
   1.52800697000000e+08   4.59367328176086e-07   2.50544327721075e+01
   1.53200700000000e+08   1.16083629109198e-06   2.50264106765782e+01
   1.53600702000000e+08   1.09708253148710e-06   2.50944643371439e+01
   1.54000705000000e+08   8.99298299827933e-07   2.50824548676336e+01
   1.54400707000000e+08   1.86574902727443e-06   2.49703664855106e+01
   1.54800710000000e+08   6.16502063621738e-07   2.50464264590994e+01
   1.55200713000000e+08   1.19728190384194e-06   2.49943854245411e+01
   1.55600715000000e+08   1.08302083390299e-06   2.49983885810460e+01
   1.56000718000000e+08   1.08067479231977e-06   2.49383412334665e+01
   1.56400720000000e+08   2.51202141043905e-06   2.49823759550261e+01
   1.56800723000000e+08   1.25826829844300e-06   2.50023917375508e+01
   1.57200725000000e+08   1.88904243714205e-06   2.49423443899722e+01
   1.57600728000000e+08   1.75103377841879e-06   2.50624390851152e+01
   1.58000731000000e+08   1.69943677974516e-06   2.49303349204548e+01
   1.58400733000000e+08   3.20788080898637e-06   2.50103980505602e+01
   1.93338505000000e+08  -2.08963756449521e-03   2.50624390851152e+01
   1.93738508000000e+08   2.30143723456422e-06   2.50664422416190e+01
   1.94138510000000e+08   1.54284100517543e-06   2.51144801196597e+01
   1.94538513000000e+08   1.97323606698774e-06   2.50704453981228e+01
   1.94938516000000e+08   2.18987088373979e-06   2.50464264590994e+01
   1.95338518000000e+08   1.19617573091091e-06   2.50504296156035e+01
   1.95738521000000e+08   2.02050091502315e-06   2.49743696420159e+01
   1.96138523000000e+08   1.49659820181114e-06   2.50264106765782e+01
   1.96538526000000e+08   2.13467956200475e-06   2.50103980505602e+01
   1.96938529000000e+08   2.55370127888455e-06   2.48782938858728e+01
   1.97338531000000e+08   1.55272005031293e-06   2.48903033553927e+01
   1.97738534000000e+08   2.33382229453127e-06   2.49263317639489e+01
   1.98138536000000e+08   1.64625475918001e-06   2.49983885810460e+01
   1.98538539000000e+08   2.19035700865788e-06   2.49743696420159e+01
   1.98938542000000e+08   2.62618300439499e-06   2.49663633290053e+01
   1.99338544000000e+08   1.81565133061667e-06   2.50424233025953e+01
   1.99738547000000e+08   2.52165773417801e-06   2.50864580241371e+01
   2.00138549000000e+08   1.92295124179509e-06   2.50904611806405e+01
   2.00538552000000e+08   2.49939466812066e-06   2.50904611806405e+01
   2.00938555000000e+08   3.15109309667605e-06   2.50664422416190e+01
   2.01338557000000e+08   2.32529464483378e-06   2.51505085281844e+01
   2.01738560000000e+08   2.92590789285896e-06   2.51505085281844e+01
   2.02138562000000e+08   1.58275213379966e-06   2.51505085281844e+01
   2.02538565000000e+08   1.62031574291177e-06   2.51104769631567e+01
   2.02938568000000e+08   2.19141747948015e-06   2.50304138330826e+01
