   4.00002000000000e+05   2.12746931538277e-06   2.50864580241371e+01
   8.00005000000000e+05   2.15104591916315e-06   2.49863791115312e+01
   1.20000800000000e+06   2.07996049539361e-06   2.49823759550261e+01
   1.60001000000000e+06   2.06980439543258e-06   2.51024706501504e+01
   2.00001300000000e+06   2.06157756110770e-06   2.51184832761627e+01
   2.40001500000000e+06   2.11860492527194e-06   2.50504296156035e+01
   2.80001800000000e+06   1.92698189493967e-06   2.50063948940555e+01
   3.20002100000000e+06   2.14161445910577e-06   2.49543538594890e+01
   3.60002300000000e+06   1.87969760645501e-06   2.50424233025953e+01
   4.00002600000000e+06   2.11547671824519e-06   2.50023917375508e+01
   4.40002900000000e+06   1.99320197680208e-06   2.50063948940555e+01
   4.80003100000000e+06   2.07915695682459e-06   2.49863791115312e+01
   5.20003400000000e+06   2.32213233175571e-06   2.50424233025953e+01
   5.60003600000000e+06   2.24556742978166e-06   2.50824548676336e+01
   6.00003900000000e+06   2.23912911678781e-06   2.49983885810460e+01
   6.40004200000000e+06   2.32056868298969e-06   2.50224075200738e+01
   6.80004400000000e+06   2.00492581825529e-06   2.49823759550261e+01
   7.20004700000000e+06   2.07795324058679e-06   2.50224075200738e+01
   7.60004900000000e+06   1.77795743638853e-06   2.49823759550261e+01
   8.00005200000000e+06   2.01019315682061e-06   2.51104769631567e+01
   8.40005500000000e+06   1.92268998944201e-06   2.50384201460911e+01
   8.80005700000000e+06   1.70605778748723e-06   2.50224075200738e+01
   9.20006000000000e+06   1.62302364969946e-06   2.50224075200738e+01
   9.60006200000000e+06   1.45957835684385e-06   2.50264106765782e+01
   4.23048380000000e+07   1.48050254210830e-04   2.50023917375508e+01
   4.27048400000000e+07   1.59625938067620e-06   2.50184043635693e+01
   4.31048430000000e+07   1.34467609314015e-06   2.51064738066536e+01
   4.35048460000000e+07   1.22394681056903e-06   2.50264106765782e+01
   4.39048480000000e+07   1.28740816762729e-06   2.50504296156035e+01
   4.43048510000000e+07   1.19779394935904e-06   2.50704453981228e+01
   4.47048530000000e+07   1.34934214202076e-06   2.49823759550261e+01
   4.51048560000000e+07   9.68881522567244e-07   2.50224075200738e+01
   4.55048590000000e+07   1.08858296243852e-06   2.50184043635693e+01
   4.59048610000000e+07   1.04893649677251e-06   2.49623601725000e+01
   4.63048640000000e+07   1.06680329281517e-06   2.50784517111300e+01
   4.67048660000000e+07   1.24071777918289e-06   2.50344169895869e+01
   4.71048690000000e+07   1.57007320922276e-06   2.50704453981228e+01
   4.75048720000000e+07   1.73418391113955e-06   2.49823759550261e+01
   4.79048740000000e+07   1.76773653493001e-06   2.50544327721075e+01
   4.83048770000000e+07   1.56149201302469e-06   2.50944643371439e+01
   4.87048790000000e+07   1.73765204181109e-06   2.50624390851152e+01
   4.91048820000000e+07   1.40055544761708e-06   2.49943854245411e+01
   4.95048850000000e+07   1.50855362335278e-06   2.49503507029835e+01
   4.99048870000000e+07   1.44213629482692e-06   2.50424233025953e+01
   5.03048900000000e+07   1.40794941216882e-06   2.50944643371439e+01
   5.07048930000000e+07   1.83554016075504e-06   2.50584359286114e+01
   5.11048950000000e+07   2.35454308494809e-06   2.50103980505602e+01
   5.15048980000000e+07   2.47877028414223e-06   2.51144801196597e+01
   5.19049000000000e+07   2.65241556007823e-06   2.50744485546264e+01
   9.55494050000000e+07   2.16250118683092e-04   2.48983096684056e+01
   9.59494080000000e+07   2.06348772735510e-06   2.48943065118992e+01
   9.63494100000000e+07   1.92931815945485e-06   2.49343380769607e+01
   9.67494130000000e+07   1.82906160262064e-06   2.49863791115312e+01
   9.71494150000000e+07   1.47514094805956e-06   2.50103980505602e+01
   9.75494180000000e+07   1.38100165258948e-06   2.49983885810460e+01
   9.79494210000000e+07   1.45971841902792e-06   2.50304138330826e+01
   9.83494230000000e+07   1.41641351092403e-06   2.50424233025953e+01
   9.87494260000000e+07   1.38921848247264e-06   2.50063948940555e+01
   9.91494280000000e+07   1.27160797092074e-06   2.51665211541937e+01
   9.95494310000000e+07   1.17434899493674e-06   2.51104769631567e+01
   9.99494340000000e+07   1.30169553358428e-06   2.51865369367039e+01
   1.00349436000000e+08   1.13839553250727e-06   2.51184832761627e+01
   1.00749439000000e+08   1.08466383608175e-06   2.50624390851152e+01
   1.01149441000000e+08   8.12559846963268e-07   2.50464264590994e+01
   1.01549444000000e+08   7.50469951071864e-07   2.51064738066536e+01
   1.01949447000000e+08   8.24290111722803e-07   2.49623601725000e+01
   1.02349449000000e+08   7.56322776851448e-07   2.49823759550261e+01
   1.02749452000000e+08   9.76471483227215e-07   2.49663633290053e+01
   1.03149455000000e+08   1.47395633121050e-06   2.49663633290053e+01
   1.03549457000000e+08   1.30523085317691e-06   2.50103980505602e+01
   1.03949460000000e+08   1.57200861394813e-06   2.50063948940555e+01
   1.04349462000000e+08   1.34356059788843e-06   2.49503507029835e+01
   1.04749465000000e+08   1.59156115842052e-06   2.50063948940555e+01
   1.05149468000000e+08   1.70445548519638e-06   2.49623601725000e+01
   1.48918982000000e+08   1.88050136785023e-04   2.50984674936472e+01
   1.49318985000000e+08   2.24316977437411e-06   2.51144801196597e+01
   1.49718987000000e+08   1.98620227820356e-06   2.50664422416190e+01
   1.50118990000000e+08   2.32289585255785e-06   2.50023917375508e+01
   1.50518992000000e+08   2.05607943826180e-06   2.49663633290053e+01
   1.50918995000000e+08   2.58150248555467e-06   2.50384201460911e+01
   1.51318998000000e+08   2.52877907769289e-06   2.49943854245411e+01
   1.51719000000000e+08   2.52234576691990e-06   2.50144012070648e+01
   1.52119003000000e+08   2.59871444541204e-06   2.50144012070648e+01
   1.52519005000000e+08   2.57840542872145e-06   2.49623601725000e+01
   1.52919008000000e+08   2.68309463535843e-06   2.50144012070648e+01
   1.53319011000000e+08   2.90500020128093e-06   2.49663633290053e+01
   1.53719013000000e+08   2.78721449831210e-06   2.50304138330826e+01
   1.54119016000000e+08   2.85343662653759e-06   2.49743696420159e+01
   1.54519018000000e+08   2.72137685897178e-06   2.50704453981228e+01
   1.54919021000000e+08   2.69697761723364e-06   2.50384201460911e+01
   1.55319024000000e+08   2.62580306298332e-06   2.50864580241371e+01
   1.55719026000000e+08   2.51710457632726e-06   2.50984674936472e+01
   1.56119029000000e+08   2.67570680989593e-06   2.50984674936472e+01
   1.56519031000000e+08   2.58583577306126e-06   2.49543538594890e+01
   1.56919034000000e+08   2.23226379603148e-06   2.51024706501504e+01
   1.57319037000000e+08   2.11542578654189e-06   2.51665211541937e+01
   1.57719039000000e+08   2.06918412004597e-06   2.50063948940555e+01
   1.58119042000000e+08   2.06664458346495e-06   2.51304927456713e+01
   1.58519045000000e+08   1.97757890418870e-06   2.50023917375508e+01
   1.93528964000000e+08   1.58512630150653e-04   2.50264106765782e+01
   1.93928967000000e+08   1.30068144699180e-06   2.50504296156035e+01
   1.94328970000000e+08   8.08149479780695e-07   2.50304138330826e+01
   1.94728972000000e+08   1.36633832426014e-06   2.51264895891685e+01
   1.95128975000000e+08   1.44354339681740e-06   2.51344959021740e+01
   1.95528977000000e+08   1.35404752654722e-06   2.50023917375508e+01
   1.95928980000000e+08   1.60326669629285e-06   2.50704453981228e+01
   1.96328983000000e+08   1.29532440951152e-06   2.50744485546264e+01
   1.96728985000000e+08   1.71932356352045e-06   2.50224075200738e+01
   1.97128988000000e+08   1.77005301793542e-06   2.51184832761627e+01
   1.97528990000000e+08   1.63907918704354e-06   2.50464264590994e+01
   1.97928993000000e+08   1.99275177692471e-06   2.50744485546264e+01
   1.98328996000000e+08   1.59747128236631e-06   2.49823759550261e+01
   1.98728998000000e+08   2.14434680856357e-06   2.50664422416190e+01
   1.99129001000000e+08   2.58891759585822e-06   2.49543538594890e+01
   1.99529003000000e+08   2.48134506364295e-06   2.49863791115312e+01
   1.99929006000000e+08   2.90027514893154e-06   2.49943854245411e+01
   2.00329009000000e+08   2.45461023951066e-06   2.49983885810460e+01
   2.00729011000000e+08   2.56426892519812e-06   2.50023917375508e+01
   2.01129014000000e+08   2.04923685487302e-06   2.50264106765782e+01
   2.01529017000000e+08   1.72519276020466e-06   2.50384201460911e+01
   2.01929019000000e+08   2.12832514989714e-06   2.50464264590994e+01
   2.02329022000000e+08   1.67638233961043e-06   2.50784517111300e+01
   2.02729024000000e+08   2.00296426555724e-06   2.49703664855106e+01
   2.03129027000000e+08   1.83531005859550e-06   2.50103980505602e+01
