   4.00002000000000e+05   1.49462061926897e-06   2.50944643371439e+01
   8.00005000000000e+05   1.81423365575029e-06   2.49583570159945e+01
   1.20000800000000e+06   1.63260915542196e-06   2.51384990586767e+01
   1.60001000000000e+06   1.52164091105078e-06   2.41457162440825e+01
   2.00001300000000e+06   1.67905864145723e-06   2.49583570159945e+01
   2.40001500000000e+06   1.43415854836348e-06   2.50344169895869e+01
   2.80001800000000e+06   1.69018960605172e-06   2.49503507029835e+01
   3.20002000000000e+06   1.53162784499727e-06   2.50264106765782e+01
   3.60002300000000e+06   1.40665270009777e-06   2.51144801196597e+01
   4.00002600000000e+06   1.64741277330904e-06   2.50384201460911e+01
   4.40002800000000e+06   1.32906291128165e-06   2.50224075200738e+01
   4.80003100000000e+06   1.58961393026402e-06   2.49903822680362e+01
   5.20003300000000e+06   1.54311919686734e-06   2.50424233025953e+01
   5.60003600000000e+06   1.63105823958176e-06   2.50144012070648e+01
   6.00003900000000e+06   1.84608404651954e-06   2.51104769631567e+01
   6.40004100000000e+06   1.60762249379331e-06   2.50864580241371e+01
   6.80004400000000e+06   1.85994520052191e-06   2.49263317639489e+01
   7.20004600000000e+06   1.73690727933717e-06   2.50384201460911e+01
   7.60004900000000e+06   1.73867476860323e-06   2.49583570159945e+01
   8.00005200000000e+06   1.94316930901550e-06   2.50304138330826e+01
   8.40005400000000e+06   1.68555402524362e-06   2.50264106765782e+01
   8.80005700000000e+06   1.91110098057834e-06   2.49903822680362e+01
   9.20005900000000e+06   1.81508391960961e-06   2.49463475464779e+01
   9.60006200000000e+06   1.80861343324068e-06   2.50304138330826e+01
   4.20959690000000e+07   2.36802524887025e-03   2.50344169895869e+01
   4.24959710000000e+07   4.57148445320854e-07   2.50103980505602e+01
   4.28959740000000e+07   7.92361731782876e-07   2.49143222944307e+01
   4.32959770000000e+07   2.54641281571821e-06   2.51144801196597e+01
   4.36959790000000e+07   1.09234815681702e-06   2.49783727985210e+01
   4.40959820000000e+07   2.17713454730983e-06   2.50063948940555e+01
   4.44959840000000e+07   1.48206680705698e-07   2.49903822680362e+01
   4.48959870000000e+07   6.51651930638764e-07   2.48983096684056e+01
   4.52959900000000e+07   2.74442299996736e-06   2.49743696420159e+01
   4.56959920000000e+07   1.45883757340926e-06   2.49463475464779e+01
   4.60959950000000e+07   2.72225793196412e-06   2.49823759550261e+01
   4.64959970000000e+07   7.70510041547823e-07   2.49863791115312e+01
   4.68960000000000e+07   1.49658080772497e-06   2.49903822680362e+01
   4.72960030000000e+07   2.99945031656534e-06   2.49663633290053e+01
   4.76960050000000e+07   1.79084008777863e-06   2.50384201460911e+01
   4.80960080000000e+07   2.85631699625810e-06   2.49663633290053e+01
   4.84960100000000e+07   1.02021374459582e-06   2.49783727985210e+01
   4.88960130000000e+07   1.88816682111792e-06   2.50464264590994e+01
   4.92960160000000e+07   3.35553340846673e-06   2.50224075200738e+01
   4.96960180000000e+07   2.08911001209344e-06   2.50704453981228e+01
   5.00960210000000e+07   3.07180675918062e-06   2.50144012070648e+01
   5.04960230000000e+07   1.45804733620025e-06   2.49543538594890e+01
   5.08960260000000e+07   2.38246389017149e-06   2.50264106765782e+01
   5.12960290000000e+07   3.31184469359869e-06   2.50384201460911e+01
   5.16960310000000e+07   1.67711391441117e-06   2.49463475464779e+01
   9.51171250000000e+07  -4.23849932849407e-03   2.50464264590994e+01
   9.55171270000000e+07   1.07641778868128e-06   2.50184043635693e+01
   9.59171300000000e+07   1.75946115632541e-06   2.51465053716819e+01
   9.63171320000000e+07   2.23969914259214e-06   2.50264106765782e+01
   9.67171350000000e+07   3.42188513968722e-06   2.50304138330826e+01
   9.71171380000000e+07   1.38482619149727e-06   2.50744485546264e+01
   9.75171400000000e+07   1.27003806937864e-06   2.50304138330826e+01
   9.79171430000000e+07   2.02113528757764e-06   2.50504296156035e+01
   9.83171450000000e+07   2.43942372435413e-06   2.50984674936472e+01
   9.87171480000000e+07   3.29073714055994e-06   2.50544327721075e+01
   9.91171510000000e+07   1.41502778205904e-06   2.49583570159945e+01
   9.95171530000000e+07   1.04900982478284e-06   2.49383412334665e+01
   9.99171560000000e+07   1.75321179085586e-06   2.50704453981228e+01
   1.00317158000000e+08   2.02876617549919e-06   2.51064738066536e+01
   1.00717161000000e+08   2.81133748103457e-06   2.49743696420159e+01
   1.01117164000000e+08   9.15387261102296e-07   2.50344169895869e+01
   1.01517166000000e+08   1.04296532299486e-06   2.50464264590994e+01
   1.01917169000000e+08   1.72256841324270e-06   2.49743696420159e+01
   1.02317171000000e+08   2.13623411582375e-06   2.49263317639489e+01
   1.02717174000000e+08   2.58119985119265e-06   2.49943854245411e+01
   1.03117177000000e+08   8.33456397231203e-07   2.50664422416190e+01
   1.03517179000000e+08   9.98956579678634e-07   2.50424233025953e+01
   1.03917182000000e+08   1.70667271959246e-06   2.51024706501504e+01
   1.04317184000000e+08   1.83098336492549e-06   2.50944643371439e+01
   1.04717187000000e+08   2.28936141866143e-06   2.50384201460911e+01
   1.48276861000000e+08   4.63205017149448e-03   2.51505085281844e+01
   1.48676864000000e+08   2.58008276432520e-06   2.50344169895869e+01
   1.49076867000000e+08   6.72789326472412e-07   2.49863791115312e+01
   1.49476869000000e+08   2.19402159018500e-06   2.49943854245411e+01
   1.49876872000000e+08   1.52946677189902e-06   2.51344959021740e+01
   1.50276874000000e+08   1.83735721748235e-06   2.51024706501504e+01
   1.50676877000000e+08   2.60007914221205e-06   2.51104769631567e+01
   1.51076880000000e+08   1.01900604931870e-06   2.49943854245411e+01
   1.51476882000000e+08   2.25374287765590e-06   2.50704453981228e+01
   1.51876885000000e+08   1.56582007093675e-06   2.49463475464779e+01
   1.52276887000000e+08   1.79816788659082e-06   2.49703664855106e+01
   1.52676890000000e+08   2.68651774604223e-06   2.49183254509368e+01
   1.53076893000000e+08   1.00444071904349e-06   2.49263317639489e+01
   1.53476895000000e+08   2.16420107790327e-06   2.49663633290053e+01
   1.53876898000000e+08   1.37814561185223e-06   2.49503507029835e+01
   1.54276900000000e+08   1.76992466549564e-06   2.48742907293661e+01
   1.54676903000000e+08   2.30762384489935e-06   2.48822970423795e+01
   1.55076905000000e+08   9.26071720641630e-07   2.50063948940555e+01
   1.55476908000000e+08   2.53508505920763e-06   2.50784517111300e+01
   1.55876911000000e+08   2.01636521524051e-06   2.49343380769607e+01
   1.56276913000000e+08   2.21581694859196e-06   2.50063948940555e+01
   1.56676916000000e+08   2.96617236017482e-06   2.49663633290053e+01
   1.57076918000000e+08   1.47068749356549e-06   2.50464264590994e+01
   1.57476921000000e+08   2.59948774328222e-06   2.50464264590994e+01
   1.57876924000000e+08   1.79780624876003e-06   2.51465053716819e+01
   1.92897246000000e+08  -2.05632508732378e-03   2.50224075200738e+01
   1.93297249000000e+08   1.68043334269896e-06   2.50103980505602e+01
   1.93697252000000e+08   1.02677915947424e-06   2.51104769631567e+01
   1.94097254000000e+08   1.73914008883003e-06   2.50424233025953e+01
   1.94497257000000e+08   1.86553350545182e-07   2.50023917375508e+01
   1.94897259000000e+08   2.56026214628946e-06   2.50704453981228e+01
   1.95297262000000e+08   1.65349104008783e-06   2.51144801196597e+01
   1.95697265000000e+08   1.38581128794613e-06   2.50624390851152e+01
   1.96097267000000e+08   1.97144026969909e-06   2.50384201460911e+01
   1.96497270000000e+08   7.59071156153368e-07   2.51304927456713e+01
   1.96897272000000e+08   2.87228772322123e-06   2.50744485546264e+01
   1.97297275000000e+08   1.83875056336547e-06   2.50984674936472e+01
   1.97697277000000e+08   1.57768727149232e-06   2.50784517111300e+01
   1.98097280000000e+08   2.26410838877200e-06   2.49943854245411e+01
   1.98497283000000e+08   9.00892871413816e-07   2.50624390851152e+01
   1.98897285000000e+08   3.09188658320636e-06   2.49623601725000e+01
   1.99297288000000e+08   1.82981966645457e-06   2.50023917375508e+01
   1.99697290000000e+08   1.63748620707338e-06   2.49583570159945e+01
   2.00097293000000e+08   2.08757182917907e-06   2.50344169895869e+01
   2.00497296000000e+08   1.04814580481616e-06   2.49983885810460e+01
   2.00897298000000e+08   2.98438430945680e-06   2.50864580241371e+01
   2.01297301000000e+08   1.62262529102009e-06   2.50224075200738e+01
   2.01697303000000e+08   1.36134633521579e-06   2.50063948940555e+01
   2.02097306000000e+08   1.96130781660031e-06   2.50224075200738e+01
   2.02497309000000e+08   8.44093847263139e-07   2.50944643371439e+01
