   4.00003000000000e+05   1.85361079729773e-06   2.50344169895869e+01
   8.00005000000000e+05   1.76579919752839e-06   2.49823759550261e+01
   1.20000800000000e+06   1.71248109381850e-06   2.49343380769607e+01
   1.60001000000000e+06   1.82557027983421e-06   2.49783727985210e+01
   2.00001300000000e+06   1.75564503024361e-06   2.50504296156035e+01
   2.40001600000000e+06   1.80389986326190e-06   2.50784517111300e+01
   2.80001800000000e+06   1.76502646809240e-06   2.51224864326656e+01
   3.20002100000000e+06   1.86679449143412e-06   2.50464264590994e+01
   3.60002300000000e+06   1.73516446011490e-06   2.50544327721075e+01
   4.00002600000000e+06   1.79391383881011e-06   2.50063948940555e+01
   4.40002900000000e+06   1.64491257237387e-06   2.49783727985210e+01
   4.80003100000000e+06   1.68414885592938e-06   2.50184043635693e+01
   5.20003400000000e+06   1.53572341332620e-06   2.51144801196597e+01
   5.60003600000000e+06   1.65328128787223e-06   2.50624390851152e+01
   6.00003900000000e+06   1.58453633503086e-06   2.50304138330826e+01
   6.40004200000000e+06   1.71111287272652e-06   2.49703664855106e+01
   6.80004400000000e+06   1.70719704328803e-06   2.50664422416190e+01
   7.20004700000000e+06   1.67048142429849e-06   2.49823759550261e+01
   7.60004900000000e+06   1.77087554220634e-06   2.49743696420159e+01
   8.00005200000000e+06   1.69998384080827e-06   2.50304138330826e+01
   8.40005500000000e+06   1.67125347161345e-06   2.49783727985210e+01
   8.80005700000000e+06   1.65839924193278e-06   2.50624390851152e+01
   9.20006000000000e+06   1.70543728472694e-06   2.49583570159945e+01
   9.60006200000000e+06   1.67031976161525e-06   2.49943854245411e+01
   4.23142290000000e+07  -2.05083726905286e-03   2.50664422416190e+01
   4.27142310000000e+07   1.42013175263855e-06   2.51384990586767e+01
   4.31142340000000e+07   1.26793906929379e-06   2.50544327721075e+01
   4.35142360000000e+07   2.38135089603020e-06   2.49823759550261e+01
   4.39142390000000e+07   1.21507127914811e-06   2.50144012070648e+01
   4.43142420000000e+07   3.60066678695148e-06   2.50184043635693e+01
   4.47142440000000e+07   1.10855421553424e-06   2.50184043635693e+01
   4.51142470000000e+07   1.24476696328202e-06   2.50224075200738e+01
   4.55142490000000e+07   2.37680364989501e-06   2.49863791115312e+01
   4.59142520000000e+07   1.37947279199579e-06   2.49823759550261e+01
   4.63142550000000e+07   3.39876419275242e-06   2.50704453981228e+01
   4.67142570000000e+07   9.48203307871154e-07   2.50063948940555e+01
   4.71142600000000e+07   1.66813049418124e-06   2.49583570159945e+01
   4.75142620000000e+07   2.60899719251029e-06   2.50344169895869e+01
   4.79142650000000e+07   1.66210656971089e-06   2.49903822680362e+01
   4.83142680000000e+07   3.29509248331306e-06   2.49903822680362e+01
   4.87142700000000e+07   1.03809327356430e-06   2.50424233025953e+01
   4.91142730000000e+07   2.19153025682317e-06   2.49983885810460e+01
   4.95142750000000e+07   2.71375438387622e-06   2.50344169895869e+01
   4.99142780000000e+07   2.02217961486895e-06   2.50624390851152e+01
   5.03142810000000e+07   3.26498525282659e-06   2.50224075200738e+01
   5.07142830000000e+07   9.24077028230386e-07   2.49423443899722e+01
   5.11142860000000e+07   2.39447967942397e-06   2.50784517111300e+01
   5.15142880000000e+07   2.63413835455140e-06   2.50384201460911e+01
   5.19142910000000e+07   2.09762765734922e-06   2.51384990586767e+01
   9.56567010000000e+07   4.59065055474639e-03   2.50744485546264e+01
   9.60567040000000e+07   2.23599386117712e-06   2.50864580241371e+01
   9.64567060000000e+07   7.90278022577695e-07   2.49663633290053e+01
   9.68567090000000e+07   3.14660474032280e-06   2.50384201460911e+01
   9.72567120000000e+07   2.90330967800401e-06   2.50464264590994e+01
   9.76567140000000e+07   4.47138802428526e-07   2.49863791115312e+01
   9.80567170000000e+07   2.18895615944348e-06   2.49903822680362e+01
   9.84567190000000e+07   7.94272978055233e-07   2.49063159814183e+01
   9.88567220000000e+07   3.06302081298782e-06   2.49903822680362e+01
   9.92567250000000e+07   2.12793520404375e-06   2.49663633290053e+01
   9.96567270000000e+07   2.31752977697397e-07   2.50464264590994e+01
   1.00056730000000e+08   1.99471151063335e-06   2.50544327721075e+01
   1.00456732000000e+08   1.19461981284985e-06   2.50544327721075e+01
   1.00856735000000e+08   3.12942529490101e-06   2.50824548676336e+01
   1.01256738000000e+08   1.88542799151037e-06   2.50664422416190e+01
   1.01656740000000e+08   4.60067298035938e-07   2.51144801196597e+01
   1.02056743000000e+08   2.45258411268878e-06   2.51184832761627e+01
   1.02456745000000e+08   1.48895037455077e-06   2.50384201460911e+01
   1.02856748000000e+08   2.94049550575437e-06   2.51064738066536e+01
   1.03256751000000e+08   1.48465335314540e-06   2.51184832761627e+01
   1.03656753000000e+08   4.89526883029612e-07   2.51184832761627e+01
   1.04056756000000e+08   2.56957287092519e-06   2.50023917375508e+01
   1.04456758000000e+08   1.49160712226148e-06   2.51024706501504e+01
   1.04856761000000e+08   2.89229069494468e-06   2.52505874407263e+01
   1.05256764000000e+08   9.90646640275372e-07   2.49543538594890e+01
   1.48768286000000e+08  -4.19322401285172e-03   2.49663633290053e+01
   1.49168289000000e+08   1.80598215138161e-06   2.49943854245411e+01
   1.49568292000000e+08   3.32970125782595e-06   2.50344169895869e+01
   1.49968294000000e+08   2.14561495681664e-07   2.49703664855106e+01
   1.50368297000000e+08   2.53139114647638e-06   2.50784517111300e+01
   1.50768299000000e+08   9.28011786527350e-07   2.49983885810460e+01
   1.51168302000000e+08   2.32111165132665e-06   2.50384201460911e+01
   1.51568305000000e+08   3.07673803945363e-06   2.51104769631567e+01
   1.51968307000000e+08   3.94859341668052e-07   2.50704453981228e+01
   1.52368310000000e+08   2.61901232079254e-06   2.50464264590994e+01
   1.52768312000000e+08   1.22022595405724e-06   2.51024706501504e+01
   1.53168315000000e+08   2.56512885243865e-06   2.50224075200738e+01
   1.53568318000000e+08   2.84201382783067e-06   2.51184832761627e+01
   1.53968320000000e+08   4.19283196606557e-07   2.51425022151793e+01
   1.54368323000000e+08   2.77211915999942e-06   2.49463475464779e+01
   1.54768325000000e+08   1.19269600418193e-06   2.49583570159945e+01
   1.55168328000000e+08   2.65915832642349e-06   2.50544327721075e+01
   1.55568331000000e+08   2.41183261096012e-06   2.50544327721075e+01
   1.55968333000000e+08   4.80065466490487e-07   2.50704453981228e+01
   1.56368336000000e+08   2.77282629213005e-06   2.49263317639489e+01
   1.56768338000000e+08   1.34469667045778e-06   2.50144012070648e+01
   1.57168341000000e+08   2.71541875918047e-06   2.50103980505602e+01
   1.57568344000000e+08   2.02834758056269e-06   2.50384201460911e+01
   1.57968346000000e+08   5.91295247431844e-07   2.49583570159945e+01
   1.58368349000000e+08   2.83199915429577e-06   2.50464264590994e+01
   1.93254737000000e+08   2.35416158102453e-03   2.50184043635693e+01
   1.93654739000000e+08   3.22732785207336e-06   2.50744485546264e+01
   1.94054742000000e+08   2.79093200106217e-07   2.49223286074429e+01
   1.94454745000000e+08   1.52241716477874e-06   2.49623601725000e+01
   1.94854747000000e+08   1.36568507969059e-06   2.50264106765782e+01
   1.95254750000000e+08   1.95141137737664e-06   2.49623601725000e+01
   1.95654752000000e+08   3.05536400446726e-06   2.49663633290053e+01
   1.96054755000000e+08   8.95325271699221e-08   2.50704453981228e+01
   1.96454758000000e+08   1.96481414604932e-06   2.50384201460911e+01
   1.96854760000000e+08   1.75362913523713e-06   2.49903822680362e+01
   1.97254763000000e+08   2.48344895226182e-06   2.49623601725000e+01
   1.97654765000000e+08   2.90415096060315e-06   2.50063948940555e+01
   1.98054768000000e+08   3.27737382121995e-07   2.49743696420159e+01
   1.98454771000000e+08   2.33065679822175e-06   2.50023917375508e+01
   1.98854773000000e+08   2.02994283426960e-06   2.49863791115312e+01
   1.99254776000000e+08   2.58954332821304e-06   2.49903822680362e+01
   1.99654778000000e+08   2.69729980573175e-06   2.50344169895869e+01
   2.00054781000000e+08   5.17209684858244e-07   2.49583570159945e+01
   2.00454784000000e+08   2.78712536783132e-06   2.49423443899722e+01
   2.00854786000000e+08   2.28157023229869e-06   2.49823759550261e+01
   2.01254789000000e+08   2.80877338809660e-06   2.49343380769607e+01
   2.01654791000000e+08   2.52201039074862e-06   2.49863791115312e+01
   2.02054794000000e+08   8.39915401229518e-07   2.50864580241371e+01
   2.02454797000000e+08   2.91987225864432e-06   2.49423443899722e+01
   2.02854799000000e+08   2.07656171369308e-06   2.50304138330826e+01
