   4.00002000000000e+05   2.04833372663416e-06   2.51144801196597e+01
   8.00005000000000e+05   2.12444138014689e-06   2.50544327721075e+01
   1.20000700000000e+06   2.07601192414586e-06   2.50144012070648e+01
   1.60001000000000e+06   2.07697962650855e-06   2.50704453981228e+01
   2.00001300000000e+06   2.10530674848997e-06   2.50224075200738e+01
   2.40001500000000e+06   2.02481646738306e-06   2.50264106765782e+01
   2.80001800000000e+06   2.17676370084519e-06   2.50664422416190e+01
   3.20002000000000e+06   1.86390059297992e-06   2.49303349204548e+01
   3.60002300000000e+06   2.20353058466571e-06   2.51184832761627e+01
   4.00002600000000e+06   1.98945258489402e-06   2.50704453981228e+01
   4.40002800000000e+06   2.08307756111026e-06   2.49423443899722e+01
   4.80003100000000e+06   2.12482746064779e-06   2.49783727985210e+01
   5.20003300000000e+06   1.91157641893369e-06   2.50504296156035e+01
   5.60003600000000e+06   2.17930710277869e-06   2.49823759550261e+01
   6.00003900000000e+06   1.93906498680008e-06   2.50704453981228e+01
   6.40004100000000e+06   1.94884432858089e-06   2.50304138330826e+01
   6.80004400000000e+06   2.11741667044407e-06   2.50023917375508e+01
   7.20004600000000e+06   1.55159500536683e-06   2.50063948940555e+01
   7.60004900000000e+06   1.85761177817767e-06   2.50264106765782e+01
   8.00005200000000e+06   1.64824052717449e-06   2.50984674936472e+01
   8.40005400000000e+06   1.74506101302541e-06   2.50824548676336e+01
   8.80005700000000e+06   1.73103410361364e-06   2.49863791115312e+01
   9.20005900000000e+06   1.25543647300219e-06   2.50464264590994e+01
   9.60006200000000e+06   1.55587053995987e-06   2.50704453981228e+01
   4.21913270000000e+07   2.36148713156581e-03   2.50544327721075e+01
   4.25913290000000e+07   2.30085697694449e-06   2.50144012070648e+01
   4.29913320000000e+07   6.27162080490962e-07   2.49623601725000e+01
   4.33913340000000e+07   2.54529663834546e-06   2.50224075200738e+01
   4.37913370000000e+07   9.16139963891283e-09   2.49783727985210e+01
   4.41913400000000e+07   3.32781473844079e-06   2.50103980505602e+01
   4.45913420000000e+07   1.79371397734940e-06   2.49783727985210e+01
   4.49913450000000e+07   5.64325603136240e-07   2.50384201460911e+01
   4.53913470000000e+07   2.33242644753773e-06   2.50063948940555e+01
   4.57913500000000e+07   2.66386052771850e-07   2.49423443899722e+01
   4.61913530000000e+07   3.23502990795532e-06   2.50584359286114e+01
   4.65913550000000e+07   1.55017687575310e-06   2.50704453981228e+01
   4.69913580000000e+07   5.44023123438819e-07   2.49503507029835e+01
   4.73913600000000e+07   2.55714576269384e-06   2.49623601725000e+01
   4.77913630000000e+07   4.22722024495670e-07   2.49383412334665e+01
   4.81913660000000e+07   3.31829937749717e-06   2.49263317639489e+01
   4.85913680000000e+07   1.39283167754911e-06   2.49943854245411e+01
   4.89913710000000e+07   7.43971440897440e-07   2.50023917375508e+01
   4.93913730000000e+07   2.26541260417434e-06   2.49663633290053e+01
   4.97913760000000e+07   4.43582848674851e-07   2.49743696420159e+01
   5.01913790000000e+07   3.07065079141466e-06   2.50023917375508e+01
   5.05913810000000e+07   1.08678295873688e-06   2.49623601725000e+01
   5.09913840000000e+07   9.03555587683513e-07   2.49703664855106e+01
   5.13913860000000e+07   2.62428397945769e-06   2.50264106765782e+01
   5.17913890000000e+07   9.29111024561280e-07   2.49663633290053e+01
   9.53375190000000e+07  -4.22467570751905e-03   2.49623601725000e+01
   9.57375210000000e+07   3.72607973986305e-06   2.49983885810460e+01
   9.61375240000000e+07   3.51876224158332e-07   2.50264106765782e+01
   9.65375270000000e+07  -1.13604153284541e-06   2.50144012070648e+01
   9.69375290000000e+07   1.93415371541050e-06   2.50664422416190e+01
   9.73375320000000e+07   1.28336728266731e-06   2.50304138330826e+01
   9.77375340000000e+07   3.90177274312009e-06   2.49663633290053e+01
   9.81375370000000e+07   4.37632138527988e-07   2.49623601725000e+01
   9.85375400000000e+07  -4.66820296196602e-07   2.50584359286114e+01
   9.89375420000000e+07   2.53032339969650e-06   2.49903822680362e+01
   9.93375450000000e+07   1.91170920516015e-06   2.50304138330826e+01
   9.97375470000000e+07   3.95872984881862e-06   2.50384201460911e+01
   1.00137550000000e+08   5.58771091618837e-07   2.50424233025953e+01
   1.00537553000000e+08   2.23193836745850e-07   2.49743696420159e+01
   1.00937555000000e+08   2.92226400233631e-06   2.50704453981228e+01
   1.01337558000000e+08   1.96141422748042e-06   2.51064738066536e+01
   1.01737560000000e+08   3.72877889276424e-06   2.49863791115312e+01
   1.02137563000000e+08   3.43479825914983e-07   2.49903822680362e+01
   1.02537566000000e+08   5.45956709174789e-07   2.50544327721075e+01
   1.02937568000000e+08   3.17131548399630e-06   2.50023917375508e+01
   1.03337571000000e+08   2.40964232034457e-06   2.50023917375508e+01
   1.03737573000000e+08   3.66886251867982e-06   2.49863791115312e+01
   1.04137576000000e+08   6.05693230681936e-07   2.50184043635693e+01
   1.04537579000000e+08   1.14420083718869e-06   2.49343380769607e+01
   1.04937581000000e+08   3.40953988597903e-06   2.49543538594890e+01
   1.48637744000000e+08   4.63109975680709e-03   2.50384201460911e+01
   1.49037747000000e+08   2.74548324341595e-06   2.50504296156035e+01
   1.49437749000000e+08   3.18819637357137e-08   2.50744485546264e+01
   1.49837752000000e+08   2.45873684434628e-06   2.50984674936472e+01
   1.50237754000000e+08   7.79867832534364e-07   2.50744485546264e+01
   1.50637757000000e+08   1.70599844295793e-06   2.50184043635693e+01
   1.51037760000000e+08   2.64412619799259e-06   2.51425022151793e+01
   1.51437762000000e+08   3.61091650802337e-07   2.50464264590994e+01
   1.51837765000000e+08   2.65904782281723e-06   2.49743696420159e+01
   1.52237767000000e+08   1.03732588740968e-06   2.50224075200738e+01
   1.52637770000000e+08   1.96519408746099e-06   2.50063948940555e+01
   1.53037773000000e+08   2.44629472945235e-06   2.51024706501504e+01
   1.53437775000000e+08   2.24975238438674e-07   2.51344959021740e+01
   1.53837778000000e+08   2.45948581323319e-06   2.50624390851152e+01
   1.54237780000000e+08   8.51758727549168e-07   2.49983885810460e+01
   1.54637783000000e+08   1.81328584858420e-06   2.51825337802020e+01
   1.55037786000000e+08   2.58813020082016e-06   2.51064738066536e+01
   1.55437788000000e+08   8.62180002059176e-07   2.49983885810460e+01
   1.55837791000000e+08   2.90736261376878e-06   2.50504296156035e+01
   1.56237793000000e+08   1.40405927595566e-06   2.49983885810460e+01
   1.56637796000000e+08   2.43448448600248e-06   2.49983885810460e+01
   1.57037799000000e+08   2.60579190580756e-06   2.49943854245411e+01
   1.57437801000000e+08   1.03150000541063e-06   2.50624390851152e+01
   1.57837804000000e+08   2.95358086077613e-06   2.50624390851152e+01
   1.58237806000000e+08   1.52906488892768e-06   2.51425022151793e+01
   1.92888799000000e+08  -2.05700029619038e-03   2.51024706501504e+01
   1.93288801000000e+08   3.05178127746331e-06   2.50624390851152e+01
   1.93688804000000e+08   2.13001703741611e-06   2.49663633290053e+01
   1.94088806000000e+08   1.36321784793836e-06   2.49303349204548e+01
   1.94488809000000e+08   1.34201866330841e-06   2.49383412334665e+01
   1.94888812000000e+08   2.71718386102293e-06   2.50304138330826e+01
   1.95288814000000e+08   2.78988386526180e-06   2.50984674936472e+01
   1.95688817000000e+08   1.71930923897889e-06   2.50424233025953e+01
   1.96088819000000e+08   1.11147721781890e-06   2.51104769631567e+01
   1.96488822000000e+08   1.30553701183089e-06   2.50784517111300e+01
   1.96888825000000e+08   2.69087195192697e-06   2.50624390851152e+01
   1.97288827000000e+08   2.71816429631144e-06   2.50384201460911e+01
   1.97688830000000e+08   1.77626702679845e-06   2.49983885810460e+01
   1.98088832000000e+08   1.27580324260634e-06   2.50584359286114e+01
   1.98488835000000e+08   1.58378657033609e-06   2.49983885810460e+01
   1.98888838000000e+08   2.74526041721401e-06   2.50264106765782e+01
   1.99288840000000e+08   2.20751758206461e-06   2.49663633290053e+01
   1.99688843000000e+08   1.57157228386495e-06   2.50304138330826e+01
   2.00088845000000e+08   9.67956566455541e-07   2.48702875728593e+01
   2.00488848000000e+08   1.58880800427141e-06   2.49983885810460e+01
   2.00888851000000e+08   2.62063190348272e-06   2.49783727985210e+01
   2.01288853000000e+08   2.37093354371609e-06   2.50224075200738e+01
   2.01688856000000e+08   1.48904109664727e-06   2.49183254509368e+01
   2.02088858000000e+08   1.28269618926424e-06   2.49943854245411e+01
   2.02488861000000e+08   1.83009422016767e-06   2.49263317639489e+01
