   4.00003000000000e+05   1.70751673067571e-06   2.49063159814183e+01
   8.00006000000000e+05   1.98884686142264e-06   2.49823759550261e+01
   1.20000800000000e+06   1.85780413630710e-06   2.50264106765782e+01
   1.60001100000000e+06   1.90232947261393e-06   2.49743696420159e+01
   2.00001300000000e+06   2.05762626137584e-06   2.49703664855106e+01
   2.40001600000000e+06   1.81466145932063e-06   2.49863791115312e+01
   2.80001900000000e+06   2.06483218789799e-06   2.50184043635693e+01
   3.20002100000000e+06   1.99045575755008e-06   2.49543538594890e+01
   3.60002400000000e+06   2.13321959563473e-06   2.50504296156035e+01
   4.00002600000000e+06   2.26273073167249e-06   2.49263317639489e+01
   4.40002900000000e+06   1.93498362932587e-06   2.50504296156035e+01
   4.80003200000000e+06   2.20565175368392e-06   2.49863791115312e+01
   5.20003400000000e+06   1.62397861913632e-06   2.50264106765782e+01
   5.60003700000000e+06   1.41112786877784e-06   2.50264106765782e+01
   6.00003900000000e+06   1.52440998135717e-06   2.50464264590994e+01
   6.40004200000000e+06   1.36308210585412e-06   2.49863791115312e+01
   6.80004500000000e+06   1.54916722294729e-06   2.50264106765782e+01
   7.20004700000000e+06   1.79743346961914e-06   2.50184043635693e+01
   7.60005000000000e+06   1.77947333668271e-06   2.50504296156035e+01
   8.00005200000000e+06   2.06504410016350e-06   2.49983885810460e+01
   8.40005500000000e+06   1.73205444298219e-06   2.50304138330826e+01
   8.80005800000000e+06   2.01676425604091e-06   2.50144012070648e+01
   9.20006000000000e+06   1.52362622429791e-06   2.49263317639489e+01
   9.60006300000000e+06   1.79044138803874e-06   2.50023917375508e+01
   4.21582290000000e+07   1.54212626512162e-04   2.49703664855106e+01
   4.25582320000000e+07   6.21970571046404e-07   2.49823759550261e+01
   4.29582350000000e+07   8.59484828197310e-07   2.49943854245411e+01
   4.33582370000000e+07   1.16262106075737e-06   2.49863791115312e+01
   4.37582400000000e+07   9.77879835772910e-07   2.49943854245411e+01
   4.41582420000000e+07   1.27592034004920e-06   2.49943854245411e+01
   4.45582450000000e+07   1.08862388970010e-06   2.49983885810460e+01
   4.49582480000000e+07   1.38336952204554e-06   2.50023917375508e+01
   4.53582500000000e+07   1.71660337855428e-06   2.51344959021740e+01
   4.57582530000000e+07   1.75119373579946e-06   2.50504296156035e+01
   4.61582550000000e+07   1.86387921985443e-06   2.51264895891685e+01
   4.65582580000000e+07   1.74943227193580e-06   2.50184043635693e+01
   4.69582600000000e+07   1.91781555258785e-06   2.65636227697326e+01
   4.73582630000000e+07   2.43380736719701e-06   2.50664422416190e+01
   4.77582660000000e+07   2.27958662435412e-06   2.49943854245411e+01
   4.81582680000000e+07   2.40103327087127e-06   2.49543538594890e+01
   4.85582710000000e+07   2.29128090722952e-06   2.49383412334665e+01
   4.89582730000000e+07   2.47958314503194e-06   2.50544327721075e+01
   4.93582760000000e+07   2.62844287135522e-06   2.49503507029835e+01
   4.97582790000000e+07   2.51047754318279e-06   2.49783727985210e+01
   5.01582810000000e+07   2.67411746790458e-06   2.50264106765782e+01
   5.05582840000000e+07   2.57841361417377e-06   2.50384201460911e+01
   5.09582860000000e+07   2.55847726293723e-06   2.50504296156035e+01
   5.13582890000000e+07   2.59404259850271e-06   2.49583570159945e+01
   5.17582920000000e+07   2.56827161138062e-06   2.49943854245411e+01
   9.55296680000000e+07   1.84525080840103e-04   2.50464264590994e+01
   9.59296700000000e+07   1.82320377462020e-06   2.51184832761627e+01
   9.63296730000000e+07   1.58650095727353e-06   2.51224864326656e+01
   9.67296750000000e+07   1.62965386607539e-06   2.49303349204548e+01
   9.71296780000000e+07   2.00310296349926e-06   2.50944643371439e+01
   9.75296800000000e+07   1.86310205663176e-06   2.50344169895869e+01
   9.79296830000000e+07   2.11113501791260e-06   2.49983885810460e+01
   9.83296860000000e+07   1.82872520326782e-06   2.50103980505602e+01
   9.87296880000000e+07   2.05486685445067e-06   2.49623601725000e+01
   9.91296910000000e+07   1.41576515488850e-06   2.50704453981228e+01
   9.95296930000000e+07   1.08409471977211e-06   2.49823759550261e+01
   9.99296960000000e+07   1.28017939005076e-06   2.50023917375508e+01
   1.00329699000000e+08   1.09582390450669e-06   2.50624390851152e+01
   1.00729701000000e+08   1.11767371890892e-06   2.50063948940555e+01
   1.01129704000000e+08   1.57852480242582e-06   2.50023917375508e+01
   1.01529706000000e+08   1.45210651680827e-06   2.49543538594890e+01
   1.01929709000000e+08   1.73217006249615e-06   2.50944643371439e+01
   1.02329712000000e+08   1.49743834754190e-06   2.50944643371439e+01
   1.02729714000000e+08   1.62246806212352e-06   2.49783727985210e+01
   1.03129717000000e+08   1.66929771694413e-06   2.49983885810460e+01
   1.03529719000000e+08   1.43392708196188e-06   2.50304138330826e+01
   1.03929722000000e+08   1.66496647580061e-06   2.51024706501504e+01
   1.04329725000000e+08   1.50543633026246e-06   2.50624390851152e+01
   1.04729727000000e+08   1.54937742991024e-06   2.49463475464779e+01
   1.05129730000000e+08   2.07208154279215e-06   2.50784517111300e+01
   1.48829296000000e+08   2.22450165892951e-04   2.50664422416190e+01
   1.49229298000000e+08   1.48923891174491e-06   2.51384990586767e+01
   1.49629301000000e+08   1.27359396628890e-06   2.50144012070648e+01
   1.50029304000000e+08   1.73868306774239e-06   2.50344169895869e+01
   1.50429306000000e+08   1.19237756734947e-06   2.49543538594890e+01
   1.50829309000000e+08   1.71308681728988e-06   2.50944643371439e+01
   1.51229311000000e+08   1.62865364927711e-06   2.50544327721075e+01
   1.51629314000000e+08   1.70293446899450e-06   2.49663633290053e+01
   1.52029317000000e+08   1.89430420505232e-06   2.49423443899722e+01
   1.52429319000000e+08   1.55293184889160e-06   2.49863791115312e+01
   1.52829322000000e+08   1.86307966032473e-06   2.49263317639489e+01
   1.53229324000000e+08   2.20842935050314e-06   2.49903822680362e+01
   1.53629327000000e+08   2.11762949220429e-06   2.49463475464779e+01
   1.54029330000000e+08   2.59671605817857e-06   2.50224075200738e+01
   1.54429332000000e+08   2.08890651265392e-06   2.50384201460911e+01
   1.54829335000000e+08   2.47480807047396e-06   2.49303349204548e+01
   1.55229337000000e+08   1.86741453944705e-06   2.50264106765782e+01
   1.55629340000000e+08   1.84531540980970e-06   2.49863791115312e+01
   1.56029342000000e+08   2.00508702619118e-06   2.51064738066536e+01
   1.56429345000000e+08   1.69979580277868e-06   2.50103980505602e+01
   1.56829348000000e+08   1.96699534171785e-06   2.51024706501504e+01
   1.57229350000000e+08   2.01775446839747e-06   2.49983885810460e+01
   1.57629353000000e+08   1.92856532521546e-06   2.50464264590994e+01
   1.58029355000000e+08   2.27753116632812e-06   2.50704453981228e+01
   1.58429358000000e+08   1.84533280389587e-06   2.50464264590994e+01
   1.93411259000000e+08   1.48475301102735e-04   2.51184832761627e+01
   1.93811261000000e+08   2.64599680122046e-06   2.50584359286114e+01
   1.94211264000000e+08   2.49142703978578e-06   2.51465053716819e+01
   1.94611266000000e+08   2.80653557638288e-06   2.50744485546264e+01
   1.95011269000000e+08   2.14287661037815e-06   2.51585148411891e+01
   1.95411272000000e+08   1.83713768819871e-06   2.50904611806405e+01
   1.95811274000000e+08   1.88338606221805e-06   2.51505085281844e+01
   1.96211277000000e+08   1.67171185694315e-06   2.51344959021740e+01
   1.96611279000000e+08   1.90021421531128e-06   2.50264106765782e+01
   1.97011282000000e+08   1.70041653291264e-06   2.50504296156035e+01
   1.97411284000000e+08   1.82930182290875e-06   2.50063948940555e+01
   1.97811287000000e+08   1.98848101717886e-06   2.49463475464779e+01
   1.98211290000000e+08   1.57540557665925e-06   2.49983885810460e+01
   1.98611292000000e+08   1.98808970708342e-06   2.49423443899722e+01
   1.99011295000000e+08   1.48045842252031e-06   2.49103191379245e+01
   1.99411297000000e+08   1.30677835841198e-06   2.49463475464779e+01
   1.99811300000000e+08   1.24215421237750e-06   2.49583570159945e+01
   2.00211303000000e+08   1.19395724595961e-06   2.50184043635693e+01
   2.00611305000000e+08   1.37670951971813e-06   2.49823759550261e+01
   2.01011308000000e+08   1.19895923944568e-06   2.50504296156035e+01
   2.01411310000000e+08   1.18121329251153e-06   2.50544327721075e+01
   2.01811313000000e+08   1.43219187975774e-06   2.51024706501504e+01
   2.02211316000000e+08   1.16737248845311e-06   2.51024706501504e+01
   2.02611318000000e+08   1.31110311940574e-06   2.51505085281844e+01
   2.03011321000000e+08   1.13355474695709e-06   2.51184832761627e+01
