   4.00003000000000e+05   1.25205360745895e-06   2.50184043635693e+01
   8.00005000000000e+05   1.88376168352988e-06   2.50063948940555e+01
   1.20000800000000e+06   1.89025411145849e-06   2.49903822680362e+01
   1.60001000000000e+06   1.71191402387194e-06   2.50824548676336e+01
   2.00001300000000e+06   1.96852488443255e-06   2.50344169895869e+01
   2.40001600000000e+06   1.59280045863852e-06   2.50744485546264e+01
   2.80001800000000e+06   2.06422237170045e-06   2.50624390851152e+01
   3.20002100000000e+06   1.74984290879365e-06   2.50184043635693e+01
   3.60002400000000e+06   1.50704477164254e-06   2.50103980505602e+01
   4.00002600000000e+06   2.11403107641672e-06   2.50304138330826e+01
   4.40002900000000e+06   1.56403882556333e-06   2.50424233025953e+01
   4.80003100000000e+06   1.70935993537569e-06   2.50184043635693e+01
   5.20003400000000e+06   1.77299443748780e-06   2.50184043635693e+01
   5.60003700000000e+06   1.47288085372566e-06   2.50784517111300e+01
   6.00003900000000e+06   2.00131603378395e-06   2.49943854245411e+01
   6.40004200000000e+06   1.22225947052357e-06   2.50063948940555e+01
   6.80004500000000e+06   1.99155988411803e-06   2.50544327721075e+01
   7.20004700000000e+06   1.65995686529641e-06   2.50264106765782e+01
   7.60005000000000e+06   1.49412380778813e-06   2.50144012070648e+01
   8.00005300000000e+06   1.92928496289824e-06   2.50384201460911e+01
   8.40005500000000e+06   1.44670536883496e-06   2.49783727985210e+01
   8.80005800000000e+06   1.98838824871927e-06   2.50184043635693e+01
   9.20006000000000e+06   1.54518068029574e-06   2.50184043635693e+01
   9.60006300000000e+06   1.84122700375156e-06   2.50264106765782e+01
   4.22875530000000e+07   2.34422506764531e-03   2.50384201460911e+01
   4.26875560000000e+07   8.65771482949640e-07   2.50984674936472e+01
   4.30875590000000e+07  -1.86717343808596e-07   2.50224075200738e+01
   4.34875610000000e+07   2.47078332904493e-06   2.50144012070648e+01
   4.38875640000000e+07   3.29278191202320e-06   2.49503507029835e+01
   4.42875660000000e+07   2.85786359199847e-06   2.50304138330826e+01
   4.46875690000000e+07   6.10448125826224e-07   2.50304138330826e+01
   4.50875720000000e+07   5.00333197095415e-09   2.49423443899722e+01
   4.54875740000000e+07   2.74141689260432e-06   2.50384201460911e+01
   4.58875770000000e+07   2.60798788076499e-06   2.50384201460911e+01
   4.62875800000000e+07   2.07198104362760e-06   2.49623601725000e+01
   4.66875820000000e+07  -9.29262071736048e-08   2.49863791115312e+01
   4.70875850000000e+07   7.76289311943401e-07   2.51425022151793e+01
   4.74875870000000e+07   3.38351924256131e-06   2.49583570159945e+01
   4.78875900000000e+07   2.99969838124525e-06   2.50464264590994e+01
   4.82875930000000e+07   1.80867834842502e-06   2.50023917375508e+01
   4.86875950000000e+07   3.41133329584409e-07   2.49463475464779e+01
   4.90875980000000e+07   1.17608271921199e-06   2.50184043635693e+01
   4.94876010000000e+07   3.46564274877892e-06   2.49903822680362e+01
   4.98876030000000e+07   2.16419198295625e-06   2.49983885810460e+01
   5.02876060000000e+07   1.13916894406429e-06   2.50864580241371e+01
   5.06876080000000e+07   2.12014143130546e-07   2.50664422416190e+01
   5.10876110000000e+07   1.86612726338353e-06   2.50944643371439e+01
   5.14876140000000e+07   3.59776390723709e-06   2.50624390851152e+01
   5.18876160000000e+07   1.86681245395448e-06   2.51104769631567e+01
   9.55727830000000e+07  -4.18319972231984e-03   2.49663633290053e+01
   9.59727850000000e+07   2.08210599339509e-06   2.49783727985210e+01
   9.63727880000000e+07  -7.07519404841150e-07   2.50264106765782e+01
   9.67727910000000e+07   1.95956954485155e-06   2.50264106765782e+01
   9.71727930000000e+07   3.20787785312859e-06   2.50184043635693e+01
   9.75727960000000e+07   2.25083681471006e-06   2.51024706501504e+01
   9.79727980000000e+07   1.30590831304289e-06   2.51064738066536e+01
   9.83728010000000e+07  -1.99091090280490e-07   2.50424233025953e+01
   9.87728040000000e+07   2.66576375906880e-06   2.50864580241371e+01
   9.91728060000000e+07   2.88646083390631e-06   2.50504296156035e+01
   9.95728090000000e+07   2.05964374799805e-06   2.50264106765782e+01
   9.99728120000000e+07   1.20478341614216e-06   2.49663633290053e+01
   1.00372814000000e+08   3.97897764514710e-07   2.50904611806405e+01
   1.00772817000000e+08   2.97161545859126e-06   2.49543538594890e+01
   1.01172819000000e+08   2.81089251075173e-06   2.50103980505602e+01
   1.01572822000000e+08   1.38278755912324e-06   2.49823759550261e+01
   1.01972825000000e+08   7.77104560256703e-07   2.49183254509368e+01
   1.02372827000000e+08   5.57333805772942e-07   2.50023917375508e+01
   1.02772830000000e+08   3.36569519276964e-06   2.49343380769607e+01
   1.03172833000000e+08   2.20977835851954e-06   2.49263317639489e+01
   1.03572835000000e+08   1.04589150851098e-06   2.49143222944307e+01
   1.03972838000000e+08   9.72920929598331e-07   2.50424233025953e+01
   1.04372840000000e+08   1.29403554183227e-06   2.50224075200738e+01
   1.04772843000000e+08   3.34130800183630e-06   2.50344169895869e+01
   1.05172846000000e+08   2.08804067369783e-06   2.51024706501504e+01
   1.48819357000000e+08   4.58770012483001e-03   2.50984674936472e+01
   1.49219360000000e+08   2.10469875128183e-06   2.49663633290053e+01
   1.49619362000000e+08   1.62129390446353e-06   2.50464264590994e+01
   1.50019365000000e+08   2.71205431090493e-06   2.50664422416190e+01
   1.50419368000000e+08   5.71416592265450e-07   2.49983885810460e+01
   1.50819370000000e+08   1.83701206424303e-06   2.50904611806405e+01
   1.51219373000000e+08   2.11740348277090e-06   2.50504296156035e+01
   1.51619375000000e+08   1.75610273345228e-06   2.50744485546264e+01
   1.52019378000000e+08   2.39460382545076e-06   2.50264106765782e+01
   1.52419381000000e+08   6.29666544682550e-07   2.50784517111300e+01
   1.52819383000000e+08   1.98536667994631e-06   2.50103980505602e+01
   1.53219386000000e+08   2.19713706428593e-06   2.50664422416190e+01
   1.53619389000000e+08   1.63869970037922e-06   2.50224075200738e+01
   1.54019391000000e+08   2.20419337892963e-06   2.49903822680362e+01
   1.54419394000000e+08   6.49450498713122e-07   2.49383412334665e+01
   1.54819396000000e+08   2.26166480388201e-06   2.49663633290053e+01
   1.55219399000000e+08   2.30869181905291e-06   2.50304138330826e+01
   1.55619402000000e+08   1.70668522514461e-06   2.49383412334665e+01
   1.56019404000000e+08   2.14880333260226e-06   2.49383412334665e+01
   1.56419407000000e+08   8.89936416115233e-07   2.50864580241371e+01
   1.56819410000000e+08   2.59257285506465e-06   2.50304138330826e+01
   1.57219412000000e+08   1.78905258962914e-06   2.49743696420159e+01
   1.57619415000000e+08   1.26582767734362e-06   2.50624390851152e+01
   1.58019417000000e+08   1.65318260769709e-06   2.50824548676336e+01
   1.58419420000000e+08   5.84188683205866e-07   2.50103980505602e+01
   1.93393475000000e+08  -2.03116238117218e-03   2.50784517111300e+01
   1.93793478000000e+08   2.39619566855254e-06   2.51465053716819e+01
   1.94193480000000e+08   2.28363614951377e-06   2.50264106765782e+01
   1.94593483000000e+08   1.73733258179709e-06   2.50504296156035e+01
   1.94993485000000e+08   1.48483707107516e-07   2.50784517111300e+01
   1.95393488000000e+08   2.60040383182059e-06   2.50824548676336e+01
   1.95793491000000e+08   2.11734004551545e-06   2.50904611806405e+01
   1.96193493000000e+08   2.04770435630053e-06   2.50864580241371e+01
   1.96593496000000e+08   1.62003163950430e-06   2.49783727985210e+01
   1.96993499000000e+08   5.03226317505323e-07   2.49743696420159e+01
   1.97393501000000e+08   2.68734538622084e-06   2.49383412334665e+01
   1.97793504000000e+08   2.10153848456684e-06   2.50023917375508e+01
   1.98193506000000e+08   2.12096801988082e-06   2.50704453981228e+01
   1.98593509000000e+08   1.35503921683267e-06   2.50944643371439e+01
   1.98993512000000e+08   6.76390754961176e-07   2.50224075200738e+01
   1.99393514000000e+08   3.08074709209905e-06   2.50384201460911e+01
   1.99793517000000e+08   2.06328058993677e-06   2.50384201460911e+01
   2.00193519000000e+08   1.68363862940168e-06   2.51264895891685e+01
   2.00593522000000e+08   1.37122390242439e-06   2.49943854245411e+01
   2.00993525000000e+08   1.23801851259486e-06   2.50184043635693e+01
   2.01393527000000e+08   3.36389689437055e-06   2.50824548676336e+01
   2.01793530000000e+08   1.52224220073549e-06   2.51024706501504e+01
   2.02193533000000e+08   2.00877434508584e-06   2.50544327721075e+01
   2.02593535000000e+08   1.48580409131682e-06   2.49863791115312e+01
   2.02993538000000e+08   1.40235727030813e-06   2.51505085281844e+01
