   4.00003000000000e+05   1.95344091480365e-06   2.51344959021740e+01
   8.00006000000000e+05   2.09358859137865e-06   2.50944643371439e+01
   1.20000800000000e+06   1.71272824900370e-06   2.50063948940555e+01
   1.60001100000000e+06   1.64081427556084e-06   2.50144012070648e+01
   2.00001300000000e+06   1.85604858415900e-06   2.49623601725000e+01
   2.40001600000000e+06   1.57988063165249e-06   2.48742907293661e+01
   2.80001900000000e+06   1.84823591098393e-06   2.48702875728593e+01
   3.20002100000000e+06   1.61078901328437e-06   2.48943065118992e+01
   3.60002400000000e+06   1.85880287517648e-06   2.49783727985210e+01
   4.00002600000000e+06   1.85154362952744e-06   2.49743696420159e+01
   4.40002900000000e+06   1.68321548699168e-06   2.49623601725000e+01
   4.80003200000000e+06   1.77050378624699e-06   2.50344169895869e+01
   5.20003400000000e+06   1.76855269273801e-06   2.49703664855106e+01
   5.60003700000000e+06   1.61699745149235e-06   2.50704453981228e+01
   6.00004000000000e+06   1.75564809978823e-06   2.50944643371439e+01
   6.40004200000000e+06   1.53476719333412e-06   2.51104769631567e+01
   6.80004500000000e+06   1.89569720987492e-06   2.50984674936472e+01
   7.20004700000000e+06   1.60839567797666e-06   2.50784517111300e+01
   7.60005000000000e+06   1.74901344962564e-06   2.52185621887171e+01
   8.00005300000000e+06   1.81738721494185e-06   2.51705243106959e+01
   8.40005500000000e+06   1.67127973327297e-06   2.50904611806405e+01
   8.80005800000000e+06   1.77907827492163e-06   2.51024706501504e+01
   9.20006000000000e+06   1.75588968431839e-06   2.50464264590994e+01
   9.60006300000000e+06   1.86681188552029e-06   2.50624390851152e+01
   4.28212890000000e+07   1.56650261487812e-04   2.49503507029835e+01
   4.32212910000000e+07   1.69587053733267e-06   2.50023917375508e+01
   4.36212940000000e+07   1.47675098105537e-06   2.49903822680362e+01
   4.40212960000000e+07   1.68142980783159e-06   2.49903822680362e+01
   4.44212990000000e+07   1.60801027959678e-06   2.49983885810460e+01
   4.48213020000000e+07   1.55289944814285e-06   2.50304138330826e+01
   4.52213040000000e+07   1.60879801569536e-06   2.50384201460911e+01
   4.56213070000000e+07   1.44491696119076e-06   2.50784517111300e+01
   4.60213090000000e+07   1.64235689226189e-06   2.51144801196597e+01
   4.64213120000000e+07   1.41578470902459e-06   2.50504296156035e+01
   4.68213150000000e+07   1.54314398059796e-06   2.50103980505602e+01
   4.72213170000000e+07   1.64236087130121e-06   2.49823759550261e+01
   4.76213200000000e+07   1.52949633047683e-06   2.50784517111300e+01
   4.80213220000000e+07   1.58258183091675e-06   2.50944643371439e+01
   4.84213250000000e+07   1.56229259573593e-06   2.50264106765782e+01
   4.88213280000000e+07   1.68416613632871e-06   2.51224864326656e+01
   4.92213300000000e+07   1.72012005350552e-06   2.50624390851152e+01
   4.96213330000000e+07   1.54982831190864e-06   2.50864580241371e+01
   5.00213350000000e+07   1.85759904525185e-06   2.49983885810460e+01
   5.04213380000000e+07   1.65295409715327e-06   2.49503507029835e+01
   5.08213410000000e+07   1.69784220815927e-06   2.50304138330826e+01
   5.12213430000000e+07   1.88399417311302e-06   2.50384201460911e+01
   5.16213460000000e+07   1.87095406545268e-06   2.49583570159945e+01
   5.20213480000000e+07   2.04084267352300e-06   2.49823759550261e+01
   5.24213510000000e+07   1.83342967829958e-06   2.49383412334665e+01
   9.64980220000000e+07   1.96575187146664e-04   2.53426600402306e+01
   9.68980240000000e+07   1.87090461167827e-06   2.55748431170964e+01
   9.72980270000000e+07   1.76271169038955e-06   2.49103191379245e+01
   9.76980300000000e+07   1.75638137989154e-06   2.51064738066536e+01
   9.80980320000000e+07   1.64005450642435e-06   2.50384201460911e+01
   9.84980350000000e+07   1.77055596850551e-06   2.55588304911123e+01
   9.88980370000000e+07   1.61195634973410e-06   2.50144012070648e+01
   9.92980400000000e+07   1.71641431734315e-06   2.51344959021740e+01
   9.96980430000000e+07   1.75564287019370e-06   2.50624390851152e+01
   1.00098045000000e+08   1.53571568262123e-06   2.50224075200738e+01
   1.00498048000000e+08   1.83105794349103e-06   2.47421865646082e+01
   1.00898050000000e+08   1.62602816544677e-06   2.52746063797306e+01
   1.01298053000000e+08   1.75725051576592e-06   2.46421076518670e+01
   1.01698056000000e+08   1.71741214671783e-06   2.51425022151793e+01
   1.02098058000000e+08   1.63297431754472e-06   2.53026284752328e+01
   1.02498061000000e+08   1.84040857220680e-06   2.47742118166770e+01
   1.02898064000000e+08   1.59063813498506e-06   2.48302560077878e+01
   1.03298066000000e+08   1.80760787316103e-06   2.51945432497076e+01
   1.03698069000000e+08   1.78339507783676e-06   2.47101613125353e+01
   1.04098071000000e+08   1.68849840065377e-06   2.49703664855106e+01
   1.04498074000000e+08   1.83650422513892e-06   2.48382623208026e+01
   1.04898077000000e+08   1.63927768426220e-06   2.48622812598455e+01
   1.05298079000000e+08   1.86151339676144e-06   2.50464264590994e+01
   1.05698082000000e+08   1.70994985637662e-06   2.56148746820523e+01
   1.06098084000000e+08   1.63808522302133e-06   2.50664422416190e+01
   1.50418571000000e+08   2.13650157093070e-04   2.49903822680362e+01
   1.50818573000000e+08   1.84200916919508e-06   2.50744485546264e+01
   1.51218576000000e+08   1.72599538927898e-06   2.50304138330826e+01
   1.51618579000000e+08   1.84240946055070e-06   2.50023917375508e+01
   1.52018581000000e+08   1.61895673045365e-06   2.50384201460911e+01
   1.52418584000000e+08   1.79649600795528e-06   2.49823759550261e+01
   1.52818586000000e+08   1.61774778462132e-06   2.50424233025953e+01
   1.53218589000000e+08   1.64903576660436e-06   2.49943854245411e+01
   1.53618592000000e+08   1.66990923844423e-06   2.50184043635693e+01
   1.54018594000000e+08   1.39824260259047e-06   2.50944643371439e+01
   1.54418597000000e+08   1.73260116298479e-06   2.48903033553927e+01
   1.54818599000000e+08   1.57205772666202e-06   2.49663633290053e+01
   1.55218602000000e+08   1.64629796017834e-06   2.51224864326656e+01
   1.55618605000000e+08   1.68614076301310e-06   2.50864580241371e+01
   1.56018607000000e+08   1.52363884353690e-06   2.49583570159945e+01
   1.56418610000000e+08   1.85252645223954e-06   2.50224075200738e+01
   1.56818612000000e+08   1.49922777836764e-06   2.50464264590994e+01
   1.57218615000000e+08   1.87461591849569e-06   2.51224864326656e+01
   1.57618618000000e+08   1.88208298368409e-06   2.51425022151793e+01
   1.58018620000000e+08   1.92813217836374e-06   2.50424233025953e+01
   1.58418623000000e+08   1.90177240710909e-06   2.50224075200738e+01
   1.58818625000000e+08   1.84006557901739e-06   2.49783727985210e+01
   1.59218628000000e+08   1.85276837783022e-06   2.49623601725000e+01
   1.59618631000000e+08   1.82754138222663e-06   2.50304138330826e+01
   1.60018633000000e+08   1.62695607741625e-06   2.49863791115312e+01
   1.95467171000000e+08   1.57575210323557e-04   2.50304138330826e+01
   1.95867174000000e+08   1.60018646511162e-06   2.48782938858728e+01
   1.96267176000000e+08   1.65563039900007e-06   2.49703664855106e+01
   1.96667179000000e+08   1.59860792336985e-06   2.48462686338171e+01
   1.97067182000000e+08   1.70638077179319e-06   2.50824548676336e+01
   1.97467184000000e+08   1.78868037892244e-06   2.49823759550261e+01
   1.97867187000000e+08   1.77012361746165e-06   2.50304138330826e+01
   1.98267189000000e+08   1.71583428709710e-06   2.51224864326656e+01
   1.98667192000000e+08   1.82834264705889e-06   2.50624390851152e+01
   1.99067195000000e+08   1.66523523148498e-06   2.50384201460911e+01
   1.99467197000000e+08   1.79428570845630e-06   2.50184043635693e+01
   1.99867200000000e+08   1.65485153047484e-06   2.50023917375508e+01
   2.00267202000000e+08   1.82752535238251e-06   2.53226442577325e+01
   2.00667205000000e+08   1.61932541686838e-06   2.50424233025953e+01
   2.01067208000000e+08   1.89218246759992e-06   2.50144012070648e+01
   2.01467210000000e+08   1.84687371529435e-06   2.49623601725000e+01
   2.01867213000000e+08   1.91346475730825e-06   2.50264106765782e+01
   2.02267215000000e+08   1.85683438758133e-06   2.47261739385723e+01
   2.02667218000000e+08   1.91876142707770e-06   2.49623601725000e+01
   2.03067221000000e+08   2.01132479560329e-06   2.48062370687418e+01
   2.03467223000000e+08   1.95664961211151e-06   2.49463475464779e+01
   2.03867226000000e+08   1.96699807020195e-06   2.49823759550261e+01
   2.04267228000000e+08   1.97108238353394e-06   2.49543538594890e+01
   2.04667231000000e+08   1.94474341697060e-06   2.51184832761627e+01
   2.05067234000000e+08   1.91346748579235e-06   2.48903033553927e+01
