   4.00002000000000e+05   1.78093944214197e-06   2.50264106765782e+01
   8.00005000000000e+05   1.79081530404801e-06   2.50023917375508e+01
   1.20000700000000e+06   1.81325822268263e-06   2.50063948940555e+01
   1.60001000000000e+06   1.85740384495148e-06   2.50944643371439e+01
   2.00001300000000e+06   1.76151172581740e-06   2.48943065118992e+01
   2.40001500000000e+06   1.87400837603491e-06   2.48983096684056e+01
   2.80001800000000e+06   1.83068630121852e-06   2.49303349204548e+01
   3.20002000000000e+06   2.17034425986640e-06   2.49543538594890e+01
   3.60002300000000e+06   2.20392212213483e-06   2.51264895891685e+01
   4.00002500000000e+06   2.22404855776404e-06   2.50424233025953e+01
   4.40002800000000e+06   2.22466064769833e-06   2.49823759550261e+01
   4.80003100000000e+06   2.15356112676091e-06   2.49903822680362e+01
   5.20003300000000e+06   2.00568024411041e-06   2.51745274671980e+01
   5.60003600000000e+06   1.80449171693908e-06   2.51745274671980e+01
   6.00003800000000e+06   1.82106111878966e-06   2.49983885810460e+01
   6.40004100000000e+06   1.83961981292668e-06   2.52746063797306e+01
   6.80004400000000e+06   1.86658576240006e-06   2.50744485546264e+01
   7.20004600000000e+06   1.73613648257742e-06   2.51264895891685e+01
   7.60004900000000e+06   1.62247533808113e-06   2.49543538594890e+01
   8.00005100000000e+06   1.69117936366092e-06   2.51144801196597e+01
   8.40005400000000e+06   1.70286227785255e-06   2.49463475464779e+01
   8.80005700000000e+06   1.63002323461114e-06   2.49463475464779e+01
   9.20005900000000e+06   1.64312393735599e-06   2.50264106765782e+01
   9.60006200000000e+06   1.55430780068855e-06   2.50264106765782e+01
   4.20899780000000e+07   1.39037860208191e-04   2.48782938858728e+01
   4.24899810000000e+07   1.74357751347998e-06   2.50264106765782e+01
   4.28899830000000e+07   1.94063341041328e-06   2.52505874407263e+01
   4.32899860000000e+07   1.93319010577397e-06   2.55027863001602e+01
   4.36899890000000e+07   1.85786518613895e-06   2.48102402252496e+01
   4.40899910000000e+07   2.01442094294180e-06   2.50224075200738e+01
   4.44899940000000e+07   1.68458666394145e-06   2.50624390851152e+01
   4.48899960000000e+07   2.05566288968839e-06   2.52225653452185e+01
   4.52899990000000e+07   1.84998987151630e-06   2.52065527192126e+01
   4.56900020000000e+07   1.80117274339864e-06   2.51144801196597e+01
   4.60900040000000e+07   1.96580663214263e-06   2.52545905972272e+01
   4.64900070000000e+07   1.68244002907159e-06   2.51024706501504e+01
   4.68900090000000e+07   2.06951381187537e-06   2.48542749468314e+01
   4.72900120000000e+07   1.70919099673483e-06   2.54067105442143e+01
   4.76900150000000e+07   1.79411460976553e-06   2.49743696420159e+01
   4.80900170000000e+07   1.85020564913430e-06   2.49703664855106e+01
   4.84900200000000e+07   1.64003517966194e-06   2.48262528512803e+01
   4.88900220000000e+07   1.95860252460989e-06   2.49263317639489e+01
   4.92900250000000e+07   1.75348236552963e-06   2.48542749468314e+01
   4.96900270000000e+07   1.90842570191307e-06   2.50624390851152e+01
   5.00900300000000e+07   1.96561950360774e-06   2.48983096684056e+01
   5.04900330000000e+07   1.71466160736600e-06   2.49663633290053e+01
   5.08900350000000e+07   2.05740593628434e-06   2.51184832761627e+01
   5.12900380000000e+07   1.78182779109193e-06   2.50864580241371e+01
   5.16900400000000e+07   1.89512741144426e-06   2.49183254509368e+01
   9.55331190000000e+07   2.11250167922117e-04   2.50344169895869e+01
   9.59331220000000e+07   1.62655499025277e-06   2.49983885810460e+01
   9.63331250000000e+07   1.64198922902870e-06   2.50864580241371e+01
   9.67331270000000e+07   1.68690337432054e-06   2.50624390851152e+01
   9.71331300000000e+07   2.00603449229675e-06   2.50063948940555e+01
   9.75331320000000e+07   2.01584020942391e-06   2.50704453981228e+01
   9.79331350000000e+07   2.08616188501765e-06   2.50544327721075e+01
   9.83331380000000e+07   2.05549872589472e-06   2.50344169895869e+01
   9.87331400000000e+07   2.05176070267044e-06   2.50144012070648e+01
   9.91331430000000e+07   1.99005398826557e-06   2.50464264590994e+01
   9.95331450000000e+07   2.06289814741467e-06   2.49703664855106e+01
   9.99331480000000e+07   1.99747978513187e-06   2.50023917375508e+01
   1.00333151000000e+08   1.95178949979891e-06   2.50023917375508e+01
   1.00733153000000e+08   2.01426632884250e-06   2.50264106765782e+01
   1.01133156000000e+08   2.00139857042814e-06   2.49903822680362e+01
   1.01533158000000e+08   1.81036068624962e-06   2.49943854245411e+01
   1.01933161000000e+08   1.77713718585437e-06   2.50624390851152e+01
   1.02333164000000e+08   1.88455885563599e-06   2.51184832761627e+01
   1.02733166000000e+08   1.93222354027967e-06   2.50544327721075e+01
   1.03133169000000e+08   1.77090748820774e-06   2.49823759550261e+01
   1.03533171000000e+08   1.89473394129891e-06   2.50744485546264e+01
   1.03933174000000e+08   1.92893980965891e-06   2.50544327721075e+01
   1.04333177000000e+08   1.91817139238992e-06   2.49703664855106e+01
   1.04733179000000e+08   1.88302021797426e-06   2.49983885810460e+01
   1.05133182000000e+08   1.83048359758686e-06   2.48983096684056e+01
   1.48794452000000e+08   1.82450356078334e-04   2.48863001988861e+01
   1.49194455000000e+08   1.88084356977924e-06   2.53346537272316e+01
   1.49594458000000e+08   1.74647061612632e-06   2.45540382086220e+01
   1.49994460000000e+08   1.81990992587089e-06   2.49183254509368e+01
   1.50394463000000e+08   1.79845062575623e-06   2.48422654773099e+01
   1.50794465000000e+08   1.65646815730724e-06   2.51425022151793e+01
   1.51194468000000e+08   1.89488821433770e-06   2.49903822680362e+01
   1.51594470000000e+08   1.72889542682242e-06   2.52625969102287e+01
   1.51994473000000e+08   1.91192793863593e-06   2.50864580241371e+01
   1.52394476000000e+08   1.77012736912729e-06   2.49543538594890e+01
   1.52794478000000e+08   1.75921184109029e-06   2.50944643371439e+01
   1.53194481000000e+08   1.85525288998178e-06   2.52225653452185e+01
   1.53594483000000e+08   1.49472327848343e-06   2.49183254509368e+01
   1.53994486000000e+08   1.73746616383141e-06   2.52185621887171e+01
   1.54394489000000e+08   1.52929533214774e-06   2.48863001988861e+01
   1.54794491000000e+08   1.76328182988073e-06   2.50103980505602e+01
   1.55194494000000e+08   1.80176959929668e-06   2.52305716582210e+01
   1.55594496000000e+08   1.76465107415424e-06   2.52185621887171e+01
   1.55994499000000e+08   2.01933971766266e-06   2.48262528512803e+01
   1.56394502000000e+08   1.82796566150500e-06   2.48182465382651e+01
   1.56794504000000e+08   1.82950157068262e-06   2.54067105442143e+01
   1.57194507000000e+08   1.99158648683806e-06   2.49183254509368e+01
   1.57594509000000e+08   1.79633968855342e-06   2.51545116846868e+01
   1.57994512000000e+08   2.03479294214048e-06   2.51224864326656e+01
   1.58394515000000e+08   1.73340708897740e-06   2.50103980505602e+01
   1.93287396000000e+08   1.67687714565545e-04   2.48382623208026e+01
   1.93687399000000e+08   2.05079209081305e-06   2.50504296156035e+01
   1.94087401000000e+08   1.90294304047711e-06   2.48542749468314e+01
   1.94487404000000e+08   1.81406255705951e-06   2.47021549995165e+01
   1.94887406000000e+08   2.09626841751742e-06   2.52385779712233e+01
   1.95287409000000e+08   1.67637438153179e-06   2.48702875728593e+01
   1.95687412000000e+08   1.88455248917307e-06   2.43658898524954e+01
   1.96087414000000e+08   1.76738444679359e-06   2.48462686338171e+01
   1.96487417000000e+08   1.73376554357674e-06   2.48863001988861e+01
   1.96887419000000e+08   1.93180608221155e-06   2.47301770950813e+01
   1.97287422000000e+08   1.53087103171856e-06   2.49823759550261e+01
   1.97687424000000e+08   1.78259608674125e-06   2.45860634607147e+01
   1.98087427000000e+08   1.66105496646196e-06   2.50744485546264e+01
   1.98487430000000e+08   1.63183051427040e-06   2.50544327721075e+01
   1.98887432000000e+08   1.76753246705630e-06   2.46701297474385e+01
   1.99287435000000e+08   1.76075297986245e-06   2.45500350521102e+01
   1.99687437000000e+08   1.93343021237524e-06   2.51425022151793e+01
   2.00087440000000e+08   1.80763174739695e-06   2.51865369367039e+01
   2.00487443000000e+08   1.83806241693674e-06   2.49343380769607e+01
   2.00887445000000e+08   1.99276087187172e-06   2.49623601725000e+01
   2.01287448000000e+08   1.82870019216352e-06   2.47902244427099e+01
   2.01687450000000e+08   1.98533598450013e-06   2.47301770950813e+01
   2.02087453000000e+08   1.87093348813505e-06   2.48382623208026e+01
   2.02487456000000e+08   1.99862097360892e-06   2.52425811277244e+01
   2.02887458000000e+08   1.86814384051104e-06   2.47501928776258e+01
