   4.00002000000000e+05   1.99110149878834e-06   2.50103980505602e+01
   8.00005000000000e+05   2.19980893234606e-06   2.50624390851152e+01
   1.20000700000000e+06   1.85586679890548e-06   2.50824548676336e+01
   1.60001000000000e+06   2.03493709705072e-06   2.51024706501504e+01
   2.00001300000000e+06   1.84629413979565e-06   2.50224075200738e+01
   2.40001500000000e+06   1.65368066973315e-06   2.51505085281844e+01
   2.80001800000000e+06   1.92399761544948e-06   2.49983885810460e+01
   3.20002100000000e+06   1.58457271481893e-06   2.50744485546264e+01
   3.60002300000000e+06   1.98203906620620e-06   2.51064738066536e+01
   4.00002600000000e+06   1.86733450391330e-06   2.51144801196597e+01
   4.40002800000000e+06   1.85138219421788e-06   2.50464264590994e+01
   4.80003100000000e+06   2.08922870115202e-06   2.49903822680362e+01
   5.20003400000000e+06   1.79435778591142e-06   2.51224864326656e+01
   5.60003600000000e+06   1.96857104128867e-06   2.50624390851152e+01
   6.00003900000000e+06   1.85584974587982e-06   2.50504296156035e+01
   6.40004100000000e+06   1.73220496435533e-06   2.50544327721075e+01
   6.80004400000000e+06   2.07515904548927e-06   2.50144012070648e+01
   7.20004700000000e+06   1.63067159064667e-06   2.50304138330826e+01
   7.60004900000000e+06   2.02518344849523e-06   2.49823759550261e+01
   8.00005200000000e+06   1.85390911155991e-06   2.50864580241371e+01
   8.40005500000000e+06   1.78804373263119e-06   2.50424233025953e+01
   8.80005700000000e+06   2.02126011572545e-06   2.50224075200738e+01
   9.20006000000000e+06   1.63729703217541e-06   2.49983885810460e+01
   9.60006200000000e+06   1.98457905753457e-06   2.50584359286114e+01
   4.21892820000000e+07   2.34414963051677e-03   2.50304138330826e+01
   4.25892850000000e+07   2.48368542088429e-06   2.50344169895869e+01
   4.29892870000000e+07   2.47585057877586e-06   2.50864580241371e+01
   4.33892900000000e+07   6.14794316788903e-07   2.51264895891685e+01
   4.37892920000000e+07   1.94687004295702e-06   2.50904611806405e+01
   4.41892950000000e+07   3.21409083881008e-06   2.52145590322157e+01
   4.45892980000000e+07   2.38199982049991e-06   2.50664422416190e+01
   4.49893000000000e+07   2.23572715185583e-06   2.50304138330826e+01
   4.53893030000000e+07   7.70385213400004e-07   2.51665211541937e+01
   4.57893050000000e+07   2.11996371035639e-06   2.51505085281844e+01
   4.61893080000000e+07   2.82977111965010e-06   2.51665211541937e+01
   4.65893110000000e+07   1.79376525011321e-06   2.51304927456713e+01
   4.69893130000000e+07   1.58681359607726e-06   2.49983885810460e+01
   4.73893160000000e+07   6.00505643433280e-07   2.50264106765782e+01
   4.77893190000000e+07   2.20538368012058e-06   2.50504296156035e+01
   4.81893210000000e+07   2.73585101240315e-06   2.49823759550261e+01
   4.85893240000000e+07   1.43604790991958e-06   2.49743696420159e+01
   4.89893260000000e+07   1.45739670642797e-06   2.50264106765782e+01
   4.93893290000000e+07   7.11863833657844e-07   2.50824548676336e+01
   4.97893320000000e+07   2.63791616816889e-06   2.50544327721075e+01
   5.01893340000000e+07   2.56736620940501e-06   2.50103980505602e+01
   5.05893370000000e+07   1.54959525389131e-06   2.50464264590994e+01
   5.09893390000000e+07   1.52778488882177e-06   2.50904611806405e+01
   5.13893420000000e+07   1.24967004921928e-06   2.51344959021740e+01
   5.17893450000000e+07   2.69022325483093e-06   2.50664422416190e+01
   9.53471120000000e+07  -4.19627502560616e-03   2.49743696420159e+01
   9.57471150000000e+07   3.49400124832755e-07   2.49343380769607e+01
   9.61471170000000e+07   1.95816460291098e-06   2.50464264590994e+01
   9.65471200000000e+07   2.47802108788164e-06   2.49703664855106e+01
   9.69471230000000e+07   2.66982328867016e-06   2.49583570159945e+01
   9.73471250000000e+07   2.06196523322433e-06   2.50824548676336e+01
   9.77471280000000e+07   4.50593432788082e-07   2.50384201460911e+01
   9.81471300000000e+07   2.37941662817320e-06   2.50264106765782e+01
   9.85471330000000e+07   2.52779955189908e-06   2.50824548676336e+01
   9.89471360000000e+07   2.61848867921799e-06   2.50023917375508e+01
   9.93471380000000e+07   1.68961366853182e-06   2.50544327721075e+01
   9.97471410000000e+07   4.69015532189587e-07   2.49743696420159e+01
   1.00147144000000e+08   2.34666890719382e-06   2.49823759550261e+01
   1.00547146000000e+08   2.19640628529305e-06   2.50224075200738e+01
   1.00947149000000e+08   2.05692981580796e-06   2.50504296156035e+01
   1.01347151000000e+08   1.15087436824979e-06   2.50504296156035e+01
   1.01747154000000e+08   7.40866198611911e-07   2.50023917375508e+01
   1.02147157000000e+08   2.72692750513670e-06   2.49183254509368e+01
   1.02547159000000e+08   2.33593777920760e-06   2.48462686338171e+01
   1.02947162000000e+08   1.97713529814791e-06   2.48863001988861e+01
   1.03347164000000e+08   1.18847458452365e-06   2.50504296156035e+01
   1.03747167000000e+08   1.12892246306728e-06   2.48863001988861e+01
   1.04147170000000e+08   2.96954476652900e-06   2.50464264590994e+01
   1.04547172000000e+08   2.06237268685072e-06   2.49783727985210e+01
   1.04947175000000e+08   1.91092476597987e-06   2.49543538594890e+01
   1.48590578000000e+08   4.59250109270215e-03   2.51585148411891e+01
   1.48990581000000e+08   3.28227201862319e-07   2.51825337802020e+01
   1.49390583000000e+08   1.47892251334270e-06   2.50944643371439e+01
   1.49790586000000e+08   4.46717194790835e-06   2.50224075200738e+01
   1.50190589000000e+08   2.02218643607921e-06   2.51344959021740e+01
   1.50590591000000e+08   1.61361458594911e-06   2.50624390851152e+01
   1.50990594000000e+08   4.90785282636352e-07   2.50144012070648e+01
   1.51390596000000e+08   1.99671535483503e-06   2.49623601725000e+01
   1.51790599000000e+08   4.44900888396660e-06   2.49823759550261e+01
   1.52190602000000e+08   1.55667305534735e-06   2.49343380769607e+01
   1.52590604000000e+08   1.57817839863128e-06   2.49943854245411e+01
   1.52990607000000e+08   8.41518385641393e-07   2.49663633290053e+01
   1.53390610000000e+08   2.78254560726054e-06   2.49103191379245e+01
   1.53790612000000e+08   4.11577730119461e-06   2.50144012070648e+01
   1.54190615000000e+08   1.26668146549491e-06   2.49743696420159e+01
   1.54590617000000e+08   1.62237540735077e-06   2.49343380769607e+01
   1.54990620000000e+08   1.33555681713915e-06   2.49903822680362e+01
   1.55390623000000e+08   3.03493402498134e-06   2.50384201460911e+01
   1.55790625000000e+08   3.57463159161853e-06   2.50464264590994e+01
   1.56190628000000e+08   5.90794797972194e-07   2.50264106765782e+01
   1.56590631000000e+08   1.44172156524291e-06   2.50744485546264e+01
   1.56990633000000e+08   1.35066682105389e-06   2.50864580241371e+01
   1.57390636000000e+08   3.14201952278381e-06   2.51264895891685e+01
   1.57790638000000e+08   2.84652605841984e-06   2.50744485546264e+01
   1.58190641000000e+08   4.31247030974191e-07   2.50784517111300e+01
   1.93151729000000e+08  -2.04167352057993e-03   2.50944643371439e+01
   1.93551732000000e+08   1.02597107343172e-06   2.50063948940555e+01
   1.93951734000000e+08   3.41393570124637e-06   2.49783727985210e+01
   1.94351737000000e+08   2.74166336566850e-06   2.50704453981228e+01
   1.94751740000000e+08   1.31056685859221e-06   2.50023917375508e+01
   1.95151742000000e+08   8.54359370805469e-07   2.50584359286114e+01
   1.95551745000000e+08   1.80417680439859e-06   2.50023917375508e+01
   1.95951747000000e+08   3.49117067344196e-06   2.50384201460911e+01
   1.96351750000000e+08   2.44000852944737e-06   2.50584359286114e+01
   1.96751753000000e+08   1.10308189960051e-06   2.50304138330826e+01
   1.97151755000000e+08   1.21006041808869e-06   2.49903822680362e+01
   1.97551758000000e+08   2.34887488659297e-06   2.50304138330826e+01
   1.97951761000000e+08   3.46529009220831e-06   2.49743696420159e+01
   1.98351763000000e+08   2.03177251023590e-06   2.50023917375508e+01
   1.98751766000000e+08   1.07237212887412e-06   2.50504296156035e+01
   1.99151768000000e+08   1.48339279348875e-06   2.49543538594890e+01
   1.99551771000000e+08   2.61549575952813e-06   2.50344169895869e+01
   1.99951774000000e+08   3.15229772240855e-06   2.51224864326656e+01
   2.00351776000000e+08   1.58514376380481e-06   2.50584359286114e+01
   2.00751779000000e+08   1.05529386473791e-06   2.51745274671980e+01
   2.01151781000000e+08   1.74955607690208e-06   2.50944643371439e+01
   2.01551784000000e+08   2.74487979368132e-06   2.50304138330826e+01
   2.01951787000000e+08   2.83484291685454e-06   2.50063948940555e+01
   2.02351789000000e+08   1.12722625544848e-06   2.49463475464779e+01
   2.02751792000000e+08   1.14556723929127e-06   2.50624390851152e+01
