   4.00002000000000e+05   1.06997731563752e-06   2.49543538594890e+01
   8.00005000000000e+05   1.43021679832600e-06   2.49863791115312e+01
   1.20000700000000e+06   1.25055066746427e-06   2.50023917375508e+01
   1.60001000000000e+06   1.50013943311933e-06   2.49863791115312e+01
   2.00001300000000e+06   1.38082555167784e-06   2.50624390851152e+01
   2.40001500000000e+06   1.29644593016565e-06   2.50063948940555e+01
   2.80001800000000e+06   1.82012752247829e-06   2.49903822680362e+01
   3.20002000000000e+06   2.06039999284258e-06   2.50023917375508e+01
   3.60002300000000e+06   2.29669672080490e-06   2.50063948940555e+01
   4.00002600000000e+06   2.30920545618574e-06   2.50063948940555e+01
   4.40002800000000e+06   2.20005813389434e-06   2.49263317639489e+01
   4.80003100000000e+06   2.10647363019234e-06   2.49663633290053e+01
   5.20003300000000e+06   1.32048091927572e-06   2.50544327721075e+01
   5.60003600000000e+06   1.51185952290689e-06   2.49943854245411e+01
   6.00003900000000e+06   1.41069403980509e-06   2.49703664855106e+01
   6.40004100000000e+06   1.29196212128591e-06   2.49983885810460e+01
   6.80004400000000e+06   1.74118622453534e-06   2.49623601725000e+01
   7.20004700000000e+06   2.03793319997203e-06   2.49983885810460e+01
   7.60004900000000e+06   2.24904829337902e-06   2.49543538594890e+01
   8.00005200000000e+06   2.35182164942671e-06   2.49663633290053e+01
   8.40005400000000e+06   2.20511810766766e-06   2.50023917375508e+01
   8.80005700000000e+06   2.42915393755538e-06   2.49663633290053e+01
   9.20006000000000e+06   2.21822597268329e-06   2.50264106765782e+01
   9.60006200000000e+06   2.55274608207401e-06   2.50184043635693e+01
   4.20705800000000e+07   1.39537849463522e-04   2.51064738066536e+01
   4.24705820000000e+07   2.11641281566699e-06   2.51064738066536e+01
   4.28705850000000e+07   1.65760059189779e-06   2.50344169895869e+01
   4.32705870000000e+07   2.02797605197702e-06   2.49503507029835e+01
   4.36705900000000e+07   1.78795710326085e-06   2.50304138330826e+01
   4.40705930000000e+07   1.87798127626593e-06   2.50464264590994e+01
   4.44705950000000e+07   2.13488260669692e-06   2.50544327721075e+01
   4.48705980000000e+07   1.73785906554258e-06   2.49703664855106e+01
   4.52706000000000e+07   2.36741720982536e-06   2.50464264590994e+01
   4.56706030000000e+07   2.10966186386941e-06   2.50424233025953e+01
   4.60706060000000e+07   2.03930221687187e-06   2.50184043635693e+01
   4.64706080000000e+07   2.24412929128448e-06   2.49223286074429e+01
   4.68706110000000e+07   1.66307449944725e-06   2.50264106765782e+01
   4.72706130000000e+07   1.76810817720252e-06   2.49823759550261e+01
   4.76706160000000e+07   1.42343299103231e-06   2.50984674936472e+01
   4.80706190000000e+07   1.34893514314172e-06   2.49943854245411e+01
   4.84706210000000e+07   1.84195550900768e-06   2.50103980505602e+01
   4.88706240000000e+07   1.15000977984892e-06   2.49663633290053e+01
   4.92706270000000e+07   1.30715932300518e-06   2.50384201460911e+01
   4.96706290000000e+07   9.90714738691167e-07   2.50784517111300e+01
   5.00706320000000e+07   1.19431081202492e-06   2.49543538594890e+01
   5.04706340000000e+07   1.35593779759802e-06   2.50144012070648e+01
   5.08706370000000e+07   1.10052781110426e-06   2.51024706501504e+01
   5.12706400000000e+07   2.06344088837795e-06   2.50264106765782e+01
   5.16706420000000e+07   1.74627245996817e-06   2.51064738066536e+01
   9.50409810000000e+07   2.17425244045444e-04   2.49663633290053e+01
   9.54409840000000e+07   1.57364684127970e-06   2.49503507029835e+01
   9.58409860000000e+07   1.58048271714506e-06   2.50544327721075e+01
   9.62409890000000e+07   1.67476343904127e-06   2.50544327721075e+01
   9.66409910000000e+07   1.53686630710581e-06   2.50984674936472e+01
   9.70409940000000e+07   1.73612306753057e-06   2.50824548676336e+01
   9.74409970000000e+07   1.96545647668245e-06   2.50864580241371e+01
   9.78409990000000e+07   1.68576798387221e-06   2.51585148411891e+01
   9.82410020000000e+07   1.80234724211914e-06   2.50384201460911e+01
   9.86410040000000e+07   1.68223618857155e-06   2.50744485546264e+01
   9.90410070000000e+07   2.14183751268138e-06   2.51665211541937e+01
   9.94410100000000e+07   2.02017258743581e-06   2.51024706501504e+01
   9.98410120000000e+07   1.97092890630302e-06   2.50344169895869e+01
   1.00241015000000e+08   2.21565096580889e-06   2.50704453981228e+01
   1.00641017000000e+08   2.07329730983474e-06   2.49983885810460e+01
   1.01041020000000e+08   2.00177441911364e-06   2.49743696420159e+01
   1.01441023000000e+08   2.12599206861341e-06   2.49463475464779e+01
   1.01841025000000e+08   1.99049532056961e-06   2.49463475464779e+01
   1.02241028000000e+08   2.18614172808884e-06   2.49343380769607e+01
   1.02641030000000e+08   1.88030674053152e-06   2.49343380769607e+01
   1.03041033000000e+08   2.25650069296535e-06   2.49423443899722e+01
   1.03441036000000e+08   2.13578505281475e-06   2.49543538594890e+01
   1.03841038000000e+08   2.07365928872605e-06   2.49143222944307e+01
   1.04241041000000e+08   2.26116389967501e-06   2.49623601725000e+01
   1.04641044000000e+08   2.00727549781732e-06   2.50664422416190e+01
   1.48149722000000e+08   1.79500260856003e-04   2.50984674936472e+01
   1.48549725000000e+08   2.55495410783624e-06   2.51184832761627e+01
   1.48949727000000e+08   2.45649971475359e-06   2.51384990586767e+01
   1.49349730000000e+08   2.37136873693089e-06   2.51024706501504e+01
   1.49749733000000e+08   2.54069163929671e-06   2.50864580241371e+01
   1.50149735000000e+08   2.32352385864942e-06   2.51144801196597e+01
   1.50549738000000e+08   2.32757406593009e-06   2.50944643371439e+01
   1.50949740000000e+08   2.41667771661014e-06   2.51465053716819e+01
   1.51349743000000e+08   2.09650261240313e-06   2.50784517111300e+01
   1.51749746000000e+08   2.30335513151658e-06   2.50224075200738e+01
   1.52149748000000e+08   2.07991297429544e-06   2.50504296156035e+01
   1.52549751000000e+08   2.28989983952488e-06   2.50744485546264e+01
   1.52949754000000e+08   1.99982218873629e-06   2.50304138330826e+01
   1.53349756000000e+08   1.75918637523864e-06   2.49863791115312e+01
   1.53749759000000e+08   1.97011377167655e-06   2.49263317639489e+01
   1.54149761000000e+08   1.80234667368495e-06   2.50304138330826e+01
   1.54549764000000e+08   1.75097477495001e-06   2.49343380769607e+01
   1.54949767000000e+08   1.96309520106297e-06   2.49863791115312e+01
   1.55349769000000e+08   1.91700473806122e-06   2.50304138330826e+01
   1.55749772000000e+08   2.08068263418681e-06   2.50023917375508e+01
   1.56149774000000e+08   1.85648741535260e-06   2.49623601725000e+01
   1.56549777000000e+08   2.06623417398077e-06   2.49943854245411e+01
   1.56949780000000e+08   2.41391285271675e-06   2.50144012070648e+01
   1.57349782000000e+08   2.29649549510214e-06   2.50304138330826e+01
   1.57749785000000e+08   2.34709796131938e-06   2.51024706501504e+01
   1.92729113000000e+08   1.61512783961371e-04   2.50344169895869e+01
   1.93129115000000e+08   1.84317138973711e-06   2.49623601725000e+01
   1.93529118000000e+08   1.92793118003465e-06   2.50944643371439e+01
   1.93929120000000e+08   1.86348563602223e-06   2.50624390851152e+01
   1.94329123000000e+08   1.97559552361781e-06   2.50424233025953e+01
   1.94729126000000e+08   1.84312978035450e-06   2.50984674936472e+01
   1.95129128000000e+08   1.30734918002418e-06   2.50144012070648e+01
   1.95529131000000e+08   1.42122587476479e-06   2.50704453981228e+01
   1.95929133000000e+08   1.21442428735463e-06   2.50384201460911e+01
   1.96329136000000e+08   1.38414930006547e-06   2.50304138330826e+01
   1.96729139000000e+08   1.31695844629576e-06   2.49743696420159e+01
   1.97129141000000e+08   1.28843669244816e-06   2.49343380769607e+01
   1.97529144000000e+08   1.51368101342086e-06   2.51024706501504e+01
   1.97929147000000e+08   1.29817749439098e-06   2.50504296156035e+01
   1.98329149000000e+08   1.47496268709801e-06   2.49903822680362e+01
   1.98729152000000e+08   1.51302185713575e-06   2.49223286074429e+01
   1.99129154000000e+08   1.77675838131108e-06   2.50744485546264e+01
   1.99529157000000e+08   1.99648115994933e-06   2.50184043635693e+01
   1.99929160000000e+08   1.82853193564370e-06   2.50424233025953e+01
   2.00329162000000e+08   1.89942261386022e-06   2.49303349204548e+01
   2.00729165000000e+08   2.00332374333811e-06   2.50464264590994e+01
   2.01129167000000e+08   1.85450255685282e-06   2.50023917375508e+01
   2.01529170000000e+08   2.08771848519973e-06   2.49903822680362e+01
   2.01929173000000e+08   1.88146839263936e-06   2.50424233025953e+01
   2.02329175000000e+08   2.04159050554154e-06   2.50664422416190e+01
