   4.00003000000000e+05   2.26279416892794e-06   2.50864580241371e+01
   8.00005000000000e+05   1.88460012395808e-06   2.51264895891685e+01
   1.20000800000000e+06   2.20274228013295e-06   2.51104769631567e+01
   1.60001100000000e+06   2.20356923819054e-06   2.50664422416190e+01
   2.00001300000000e+06   1.92561174117145e-06   2.50063948940555e+01
   2.40001600000000e+06   2.37833114624664e-06   2.49903822680362e+01
   2.80001800000000e+06   2.01314901460137e-06   2.50023917375508e+01
   3.20002100000000e+06   2.23025904233509e-06   2.49863791115312e+01
   3.60002400000000e+06   2.27052441914566e-06   2.49983885810460e+01
   4.00002600000000e+06   1.94737049241667e-06   2.50264106765782e+01
   4.40002900000000e+06   2.53227676694223e-06   2.50384201460911e+01
   4.80003100000000e+06   2.10725170290971e-06   2.50384201460911e+01
   5.20003400000000e+06   2.46139984483307e-06   2.50023917375508e+01
   5.60003700000000e+06   2.45588989855605e-06   2.50184043635693e+01
   6.00003900000000e+06   2.20614720092271e-06   2.50784517111300e+01
   6.40004200000000e+06   2.48222727350367e-06   2.49583570159945e+01
   6.80004400000000e+06   1.57283704993461e-06   2.50103980505602e+01
   7.20004700000000e+06   1.82653104729980e-06   2.50544327721075e+01
   7.60005000000000e+06   1.82560199846193e-06   2.50504296156035e+01
   8.00005200000000e+06   1.43377440053882e-06   2.50304138330826e+01
   8.40005500000000e+06   1.87706825727219e-06   2.51304927456713e+01
   8.80005700000000e+06   9.53075698362227e-07   2.50904611806405e+01
   9.20006000000000e+06   1.26509382880613e-06   2.51104769631567e+01
   9.60006300000000e+06   1.09512279777846e-06   2.50744485546264e+01
   4.23022440000000e+07   2.38001276738942e-03   2.50224075200738e+01
   4.27022470000000e+07   2.01352827389201e-06   2.50023917375508e+01
   4.31022500000000e+07   2.26714769269165e-06   2.49823759550261e+01
   4.35022520000000e+07   2.08434653359291e-06   2.49743696420159e+01
   4.39022550000000e+07   3.18324009640492e-06   2.50984674936472e+01
   4.43022570000000e+07   7.14125633294316e-07   2.50184043635693e+01
   4.47022600000000e+07   1.85704857358360e-06   2.50704453981228e+01
   4.51022630000000e+07   1.99491705643595e-06   2.50304138330826e+01
   4.55022650000000e+07   1.68043038684118e-06   2.51425022151793e+01
   4.59022680000000e+07   2.71604949375615e-06   2.50264106765782e+01
   4.63022700000000e+07   4.71983213401472e-07   2.50984674936472e+01
   4.67022730000000e+07   2.04757543542655e-06   2.49943854245411e+01
   4.71022760000000e+07   2.17735555452236e-06   2.50224075200738e+01
   4.75022780000000e+07   2.06095705834741e-06   2.49383412334665e+01
   4.79022810000000e+07   2.95996301247214e-06   2.49143222944307e+01
   4.83022830000000e+07   9.38031064379174e-07   2.49703664855106e+01
   4.87022860000000e+07   2.13153361983132e-06   2.49103191379245e+01
   4.91022890000000e+07   2.38558936871414e-06   2.49983885810460e+01
   4.95022910000000e+07   2.05629203264834e-06   2.49063159814183e+01
   4.99022940000000e+07   2.97809151561523e-06   2.49383412334665e+01
   5.03022960000000e+07   1.04861476302176e-06   2.49783727985210e+01
   5.07022990000000e+07   1.93917435353796e-06   2.49383412334665e+01
   5.11023020000000e+07   2.10258053812140e-06   2.50224075200738e+01
   5.15023040000000e+07   1.85800843155448e-06   2.50384201460911e+01
   5.19023070000000e+07   2.71881594926526e-06   2.50624390851152e+01
   9.52864130000000e+07  -4.27512498572469e-03   2.50103980505602e+01
   9.56864160000000e+07   3.79678726858401e-06   2.49103191379245e+01
   9.60864180000000e+07   1.03862214473338e-06   2.50304138330826e+01
   9.64864210000000e+07   2.95143240691687e-06   2.49983885810460e+01
   9.68864240000000e+07   7.65676077207900e-07   2.50424233025953e+01
   9.72864260000000e+07   2.14789588426356e-06   2.50824548676336e+01
   9.76864290000000e+07   3.96397263102699e-06   2.50464264590994e+01
   9.80864310000000e+07   1.11210920294980e-06   2.50304138330826e+01
   9.84864340000000e+07   3.01709224004298e-06   2.50224075200738e+01
   9.88864370000000e+07   5.18613092026499e-07   2.49743696420159e+01
   9.92864390000000e+07   1.97364511222986e-06   2.50063948940555e+01
   9.96864420000000e+07   3.43872670782730e-06   2.50504296156035e+01
   1.00086444000000e+08   8.90179933321633e-07   2.49543538594890e+01
   1.00486447000000e+08   2.58368322647584e-06   2.49263317639489e+01
   1.00886449000000e+08   1.94517355112112e-07   2.49263317639489e+01
   1.01286452000000e+08   1.59238811647811e-06   2.49343380769607e+01
   1.01686455000000e+08   2.94470851258666e-06   2.49623601725000e+01
   1.02086457000000e+08   5.43609132819256e-07   2.49303349204548e+01
   1.02486460000000e+08   2.24462223741284e-06   2.50264106765782e+01
   1.02886462000000e+08   9.92425839285715e-08   2.50224075200738e+01
   1.03286465000000e+08   1.45401793361088e-06   2.49823759550261e+01
   1.03686468000000e+08   2.74740523309447e-06   2.49343380769607e+01
   1.04086470000000e+08   4.19102093474066e-07   2.50544327721075e+01
   1.04486473000000e+08   2.06089430321299e-06   2.49663633290053e+01
   1.04886475000000e+08   3.09447045765410e-08   2.50103980505602e+01
   1.48510018000000e+08   4.67205047607422e-03   2.49863791115312e+01
   1.48910020000000e+08   2.45598312176298e-06   2.50144012070648e+01
   1.49310023000000e+08   2.20392189476115e-06   2.49783727985210e+01
   1.49710026000000e+08   2.68012126980466e-06   2.49863791115312e+01
   1.50110028000000e+08   2.60000297203078e-06   2.49943854245411e+01
   1.50510031000000e+08   7.28518500636710e-07   2.49983885810460e+01
   1.50910033000000e+08   1.98623342839710e-06   2.48983096684056e+01
   1.51310036000000e+08   1.78963921371178e-06   2.50624390851152e+01
   1.51710039000000e+08   2.14949977817014e-06   2.50544327721075e+01
   1.52110041000000e+08   2.14957481148303e-06   2.49543538594890e+01
   1.52510044000000e+08   5.54333837499144e-07   2.49903822680362e+01
   1.52910046000000e+08   1.94608514902939e-06   2.50464264590994e+01
   1.53310049000000e+08   1.68155031587958e-06   2.50304138330826e+01
   1.53710051000000e+08   2.10839311876043e-06   2.50063948940555e+01
   1.54110054000000e+08   2.03509375751310e-06   2.50784517111300e+01
   1.54510057000000e+08   7.26099813164183e-07   2.50424233025953e+01
   1.54910059000000e+08   2.11086830859131e-06   2.50464264590994e+01
   1.55310062000000e+08   1.98595785150246e-06   2.49823759550261e+01
   1.55710064000000e+08   2.33400305660325e-06   2.51144801196597e+01
   1.56110067000000e+08   2.28497378884640e-06   2.50384201460911e+01
   1.56510070000000e+08   9.90236912912223e-07   2.50023917375508e+01
   1.56910072000000e+08   2.55209988608840e-06   2.50144012070648e+01
   1.57310075000000e+08   2.17545152736420e-06   2.50023917375508e+01
   1.57710077000000e+08   2.70621580966690e-06   2.50824548676336e+01
   1.58110080000000e+08   2.52268887379614e-06   2.49783727985210e+01
   1.93127363000000e+08  -2.07458739168942e-03   2.51384990586767e+01
   1.93527366000000e+08   2.65880748884229e-06   2.50023917375508e+01
   1.93927368000000e+08   7.52436392303935e-07   2.50384201460911e+01
   1.94327371000000e+08   2.39568998949835e-06   2.51024706501504e+01
   1.94727373000000e+08   1.54059171109111e-06   2.50544327721075e+01
   1.95127376000000e+08   3.06846868625144e-06   2.50304138330826e+01
   1.95527379000000e+08   2.61261402556556e-06   2.49943854245411e+01
   1.95927381000000e+08   7.84619487603777e-07   2.50544327721075e+01
   1.96327384000000e+08   2.41565089709184e-06   2.50023917375508e+01
   1.96727386000000e+08   1.31500826228148e-06   2.49783727985210e+01
   1.97127389000000e+08   2.82249766314635e-06   2.50264106765782e+01
   1.97527392000000e+08   2.05380729312310e-06   2.49383412334665e+01
   1.97927394000000e+08   6.28906377642124e-07   2.48903033553927e+01
   1.98327397000000e+08   2.09695986086444e-06   2.49183254509368e+01
   1.98727399000000e+08   1.27235159652628e-06   2.50023917375508e+01
   1.99127402000000e+08   2.72753300123441e-06   2.49623601725000e+01
   1.99527405000000e+08   2.08377127819404e-06   2.49463475464779e+01
   1.99927407000000e+08   7.33746901460108e-07   2.49823759550261e+01
   2.00327410000000e+08   2.04211255550035e-06   2.49783727985210e+01
   2.00727412000000e+08   8.14208249266812e-07   2.49823759550261e+01
   2.01127415000000e+08   2.18565651266545e-06   2.51024706501504e+01
   2.01527418000000e+08   1.53667463109741e-06   2.50504296156035e+01
   2.01927420000000e+08   1.52800907926576e-07   2.50544327721075e+01
   2.02327423000000e+08   1.61877528626064e-06   2.50144012070648e+01
   2.02727425000000e+08   8.83154314124113e-07   2.49623601725000e+01
