   4.00002000000000e+05   1.66180427640938e-06   2.51465053716819e+01
   8.00005000000000e+05   1.64039192895871e-06   2.49023128249120e+01
   1.20000800000000e+06   1.53237226641068e-06   2.49903822680362e+01
   1.60001000000000e+06   1.50169751123030e-06   2.49943854245411e+01
   2.00001300000000e+06   1.56969065301382e-06   2.50063948940555e+01
   2.40001500000000e+06   1.42147393944470e-06   2.50864580241371e+01
   2.80001800000000e+06   1.77714048277267e-06   2.51304927456713e+01
   3.20002100000000e+06   1.57713429871364e-06   2.51184832761627e+01
   3.60002300000000e+06   1.82696055617271e-06   2.49983885810460e+01
   4.00002600000000e+06   1.68375424891565e-06   2.50224075200738e+01
   4.40002800000000e+06   1.70760290529870e-06   2.48742907293661e+01
   4.80003100000000e+06   1.76169135102100e-06   2.51384990586767e+01
   5.20003300000000e+06   1.71148417393852e-06   2.50384201460911e+01
   5.60003600000000e+06   1.77831452674582e-06   2.51304927456713e+01
   6.00003900000000e+06   1.77908680143446e-06   2.51705243106959e+01
   6.40004100000000e+06   1.73457146956935e-06   2.49583570159945e+01
   6.80004400000000e+06   1.86541535640572e-06   2.49263317639489e+01
   7.20004600000000e+06   1.64235837019078e-06   2.49903822680362e+01
   7.60004900000000e+06   1.89314084764192e-06   2.50624390851152e+01
   8.00005200000000e+06   1.67810969742277e-06   2.50624390851152e+01
   8.40005400000000e+06   1.79158610080776e-06   2.49423443899722e+01
   8.80005700000000e+06   1.71775673152297e-06   2.50544327721075e+01
   9.20005900000000e+06   1.72733257386426e-06   2.51304927456713e+01
   9.60006200000000e+06   1.86602846952155e-06   2.49343380769607e+01
   4.20526930000000e+07   1.40162752359174e-04   2.46861423734780e+01
   4.24526950000000e+07   2.18968375520490e-06   2.48062370687418e+01
   4.28526980000000e+07   1.74511637851538e-06   2.53306505707319e+01
   4.32527010000000e+07   2.08495703191147e-06   2.50984674936472e+01
   4.36527030000000e+07   1.58829072915978e-06   2.50344169895869e+01
   4.40527060000000e+07   1.85412204700697e-06   2.48782938858728e+01
   4.44527080000000e+07   1.91732851817505e-06   2.48022339122339e+01
   4.48527110000000e+07   1.60159811457561e-06   2.48943065118992e+01
   4.52527140000000e+07   2.17518982026377e-06   2.53426600402306e+01
   4.56527160000000e+07   1.63537356456800e-06   2.50504296156035e+01
   4.60527190000000e+07   2.17405067814980e-06   2.52545905972272e+01
   4.64527210000000e+07   1.92791503650369e-06   2.49183254509368e+01
   4.68527240000000e+07   1.77206857188139e-06   2.54707610481822e+01
   4.72527260000000e+07   2.04374646273209e-06   2.52345748147222e+01
   4.76527290000000e+07   1.71665726611536e-06   2.50424233025953e+01
   4.80527320000000e+07   1.84921509571723e-06   2.47822181296936e+01
   4.84527340000000e+07   1.83302051937062e-06   2.49303349204548e+01
   4.88527370000000e+07   1.58649663717370e-06   2.49183254509368e+01
   4.92527390000000e+07   1.90405933153670e-06   2.50023917375508e+01
   4.96527420000000e+07   1.46133936596016e-06   2.51545116846868e+01
   5.00527450000000e+07   1.84393275048933e-06   2.47421865646082e+01
   5.04527470000000e+07   1.70913722286059e-06   2.50424233025953e+01
   5.08527500000000e+07   1.60722868258745e-06   2.49663633290053e+01
   5.12527520000000e+07   1.67906318893074e-06   2.49423443899722e+01
   5.16527550000000e+07   1.50759740336071e-06   2.48142433817574e+01
   9.52849430000000e+07   2.18075103475712e-04   2.44419498262657e+01
   9.56849450000000e+07   1.60092668011202e-06   2.50063948940555e+01
   9.60849480000000e+07   1.88305421033874e-06   2.50624390851152e+01
   9.64849510000000e+07   1.92437619261909e-06   2.49583570159945e+01
   9.68849530000000e+07   1.56035764575790e-06   2.52385779712233e+01
   9.72849560000000e+07   2.04195112019079e-06   2.49703664855106e+01
   9.76849580000000e+07   1.57204885908868e-06   2.46260950258248e+01
   9.80849610000000e+07   1.83730639946589e-06   2.51825337802020e+01
   9.84849640000000e+07   1.84392843038950e-06   2.47942275992180e+01
   9.88849660000000e+07   1.63397510277719e-06   2.52465842842254e+01
   9.92849690000000e+07   2.18923469219590e-06   2.54147168572112e+01
   9.96849710000000e+07   1.56467285705730e-06   2.50624390851152e+01
   1.00084974000000e+08   1.93961432159995e-06   2.53947010747186e+01
   1.00484977000000e+08   1.90371667940781e-06   2.49943854245411e+01
   1.00884979000000e+08   1.57807073719596e-06   2.54787673611771e+01
   1.01284982000000e+08   2.03731315195910e-06   2.49863791115312e+01
   1.01684984000000e+08   1.40251256652846e-06   2.54067105442143e+01
   1.02084987000000e+08   1.98675002138771e-06   2.50063948940555e+01
   1.02484989000000e+08   1.72122940966801e-06   2.52025495627110e+01
   1.02884992000000e+08   1.65412211572402e-06   2.48542749468314e+01
   1.03284995000000e+08   1.87731950518355e-06   2.49463475464779e+01
   1.03684997000000e+08   1.58514797021780e-06   2.50144012070648e+01
   1.04085000000000e+08   1.83394672603754e-06   2.46981518430070e+01
   1.04485002000000e+08   1.75423190285073e-06   2.53186411012327e+01
   1.04885005000000e+08   1.47614423440245e-06   2.49303349204548e+01
   1.49478569000000e+08   1.81850176886655e-04   2.47341802515904e+01
   1.49878572000000e+08   2.08533560908108e-06   2.50304138330826e+01
   1.50278574000000e+08   1.71663759829244e-06   2.48022339122339e+01
   1.50678577000000e+08   1.87634486792376e-06   2.52385779712233e+01
   1.51078580000000e+08   2.00822046281246e-06   2.50103980505602e+01
   1.51478582000000e+08   1.56895498548693e-06   2.50304138330826e+01
   1.51878585000000e+08   2.04260209102358e-06   2.48422654773099e+01
   1.52278587000000e+08   1.71426916040218e-06   2.52385779712233e+01
   1.52678590000000e+08   1.89460581623280e-06   2.49143222944307e+01
   1.53078593000000e+08   2.15135082726192e-06   2.50023917375508e+01
   1.53478595000000e+08   1.89631850844307e-06   2.50944643371439e+01
   1.53878598000000e+08   2.30466525863449e-06   2.50664422416190e+01
   1.54278600000000e+08   1.86699116966338e-06   2.50304138330826e+01
   1.54678603000000e+08   2.12720283343515e-06   2.48102402252496e+01
   1.55078606000000e+08   2.15435557038290e-06   2.47902244427099e+01
   1.55478608000000e+08   1.80785377779102e-06   2.50384201460911e+01
   1.55878611000000e+08   2.21698837776785e-06   2.51344959021740e+01
   1.56278613000000e+08   1.91974254448724e-06   2.47461897211170e+01
   1.56678616000000e+08   2.02869819077023e-06   2.51825337802020e+01
   1.57078618000000e+08   1.90841592484503e-06   2.50664422416190e+01
   1.57478621000000e+08   1.63730112490157e-06   2.53146379447328e+01
   1.57878624000000e+08   2.07969810617215e-06   2.51825337802020e+01
   1.58278626000000e+08   1.65465894497174e-06   2.51184832761627e+01
   1.58678629000000e+08   1.86485931408242e-06   2.49743696420159e+01
   1.59078631000000e+08   2.05797687158338e-06   2.46821392169682e+01
   1.94093619000000e+08   1.68275277246721e-04   2.53146379447328e+01
   1.94493622000000e+08   1.92051606973109e-06   2.49183254509368e+01
   1.94893624000000e+08   1.60685260652826e-06   2.49383412334665e+01
   1.95293627000000e+08   2.02125647774665e-06   2.49343380769607e+01
   1.95693630000000e+08   1.50874541304802e-06   2.51184832761627e+01
   1.96093632000000e+08   1.90252580978267e-06   2.48822970423795e+01
   1.96493635000000e+08   1.83765553174453e-06   2.52786095362311e+01
   1.96893637000000e+08   1.66113454724837e-06   2.54307294832041e+01
   1.97293640000000e+08   2.01500643015606e-06   2.49063159814183e+01
   1.97693643000000e+08   1.64627942922380e-06   2.51425022151793e+01
   1.98093645000000e+08   1.88160527159198e-06   2.49903822680362e+01
   1.98493648000000e+08   1.83456370450585e-06   2.50704453981228e+01
   1.98893650000000e+08   1.68727081018005e-06   2.48342591642952e+01
   1.99293653000000e+08   1.90229684449150e-06   2.50944643371439e+01
   1.99693655000000e+08   1.54568647303677e-06   2.49783727985210e+01
   2.00093658000000e+08   1.94935137187713e-06   2.53987042312172e+01
   2.00493661000000e+08   1.64547259373649e-06   2.49783727985210e+01
   2.00893663000000e+08   1.61719435709529e-06   2.49543538594890e+01
   2.01293666000000e+08   1.87651880878548e-06   2.52946221622325e+01
   2.01693668000000e+08   1.54159272369725e-06   2.49343380769607e+01
   2.02093671000000e+08   1.82751705324335e-06   2.50704453981228e+01
   2.02493674000000e+08   1.56771272941114e-06   2.52826126927315e+01
   2.02893676000000e+08   1.79801247668365e-06   2.48142433817574e+01
   2.03293679000000e+08   1.81849463842809e-06   2.48863001988861e+01
   2.03693681000000e+08   1.54664576257346e-06   2.44139277306688e+01
