   4.00003000000000e+05   1.28875501559378e-06   2.50063948940555e+01
   8.00006000000000e+05   1.45408193930052e-06   2.49423443899722e+01
   1.20000800000000e+06   1.34626827730244e-06   2.49543538594890e+01
   1.60001100000000e+06   1.38122595672030e-06   2.50103980505602e+01
   2.00001300000000e+06   1.46461150052346e-06   2.50344169895869e+01
   2.40001600000000e+06   1.40820486649318e-06   2.49623601725000e+01
   2.80001900000000e+06   1.42262138069782e-06   2.49903822680362e+01
   3.20002100000000e+06   1.37615927542356e-06   2.50304138330826e+01
   3.60002400000000e+06   1.52423058352724e-06   2.49983885810460e+01
   4.00002600000000e+06   1.53375947320455e-06   2.50824548676336e+01
   4.40002900000000e+06   1.50291862155427e-06   2.50624390851152e+01
   4.80003200000000e+06   1.48885283124400e-06   2.50864580241371e+01
   5.20003400000000e+06   1.61794605446630e-06   2.50384201460911e+01
   5.60003700000000e+06   1.45603917189874e-06   2.50984674936472e+01
   6.00003900000000e+06   1.65486824243999e-06   2.50464264590994e+01
   6.40004200000000e+06   1.42909698297444e-06   2.50264106765782e+01
   6.80004400000000e+06   1.74003571373760e-06   2.50744485546264e+01
   7.20004700000000e+06   1.54080453285133e-06   2.50103980505602e+01
   7.60005000000000e+06   1.67129007877520e-06   2.50864580241371e+01
   8.00005200000000e+06   1.78067705292051e-06   2.50624390851152e+01
   8.40005500000000e+06   1.83554698196531e-06   2.50184043635693e+01
   8.80005700000000e+06   1.78575612608256e-06   2.49143222944307e+01
   9.20006000000000e+06   1.61661296260718e-06   2.50344169895869e+01
   9.60006300000000e+06   2.03770991902275e-06   2.50744485546264e+01
   4.21043160000000e+07  -2.07739975303411e-03   2.50584359286114e+01
   4.25043190000000e+07   1.88983915450081e-06   2.49663633290053e+01
   4.29043220000000e+07   1.88289516245277e-06   2.49543538594890e+01
   4.33043240000000e+07   1.10393318664137e-06   2.49823759550261e+01
   4.37043270000000e+07   2.17743172470364e-06   2.49423443899722e+01
   4.41043290000000e+07   1.05973913377966e-06   2.49463475464779e+01
   4.45043320000000e+07   1.81193809112301e-06   2.49823759550261e+01
   4.49043350000000e+07   1.73321654983738e-06   2.48822970423795e+01
   4.53043370000000e+07   9.02247620615526e-07   2.48622812598455e+01
   4.57043400000000e+07   2.04804678105575e-06   2.49343380769607e+01
   4.61043420000000e+07   1.19062326575659e-06   2.49903822680362e+01
   4.65043450000000e+07   1.83164263489743e-06   2.50344169895869e+01
   4.69043480000000e+07   1.50165215018205e-06   2.49743696420159e+01
   4.73043500000000e+07   1.13050862182718e-06   2.49903822680362e+01
   4.77043530000000e+07   2.05564720090479e-06   2.50103980505602e+01
   4.81043550000000e+07   1.19804599307827e-06   2.50464264590994e+01
   4.85043580000000e+07   1.68811675393954e-06   2.50784517111300e+01
   4.89043610000000e+07   1.63109689310659e-06   2.50824548676336e+01
   4.93043630000000e+07   1.17144350042508e-06   2.49983885810460e+01
   4.97043660000000e+07   1.96712403521815e-06   2.50864580241371e+01
   5.01043680000000e+07   1.42619421694690e-06   2.50464264590994e+01
   5.05043710000000e+07   1.93701362150023e-06   2.50464264590994e+01
   5.09043740000000e+07   1.77142965185340e-06   2.51144801196597e+01
   5.13043760000000e+07   1.37468327920942e-06   2.50744485546264e+01
   5.17043790000000e+07   2.08113328881154e-06   2.50103980505602e+01
   9.58340430000000e+07   4.67277504503727e-03   2.49823759550261e+01
   9.62340450000000e+07   2.95872132483055e-06   2.50824548676336e+01
   9.66340480000000e+07   1.24576160942524e-06   2.50384201460911e+01
   9.70340510000000e+07   2.15236877920688e-06   2.50824548676336e+01
   9.74340530000000e+07   1.94388803720358e-06   2.49783727985210e+01
   9.78340560000000e+07   1.47848709275422e-06   2.50264106765782e+01
   9.82340580000000e+07   2.90061143459752e-06   2.49423443899722e+01
   9.86340610000000e+07   1.09540883386217e-06   2.50504296156035e+01
   9.90340640000000e+07   2.06290633286699e-06   2.50304138330826e+01
   9.94340660000000e+07   1.75300863247685e-06   2.50944643371439e+01
   9.98340690000000e+07   1.34798392537050e-06   2.50664422416190e+01
   1.00234071000000e+08   2.73163618658145e-06   2.48983096684056e+01
   1.00634074000000e+08   1.12453449219174e-06   2.50464264590994e+01
   1.01034077000000e+08   2.06986464945658e-06   2.50584359286114e+01
   1.01434079000000e+08   1.75323600615229e-06   2.49423443899722e+01
   1.01834082000000e+08   1.55259942857811e-06   2.50344169895869e+01
   1.02234084000000e+08   2.40752842728398e-06   2.49503507029835e+01
   1.02634087000000e+08   1.16205330868979e-06   2.50023917375508e+01
   1.03034090000000e+08   1.71932617831771e-06   2.50704453981228e+01
   1.03434092000000e+08   1.78062634859089e-06   2.49983885810460e+01
   1.03834095000000e+08   1.81960319878272e-06   2.49823759550261e+01
   1.04234097000000e+08   2.91312858280435e-06   2.50504296156035e+01
   1.04634100000000e+08   1.79262531219138e-06   2.50103980505602e+01
   1.05034103000000e+08   2.35314905694395e-06   2.50144012070648e+01
   1.05434105000000e+08   2.20207653001125e-06   2.49623601725000e+01
   1.49182327000000e+08  -4.26404969766736e-03   2.50144012070648e+01
   1.49582329000000e+08   1.12406064545212e-06   2.50304138330826e+01
   1.49982332000000e+08   1.20846846130007e-06   2.50544327721075e+01
   1.50382334000000e+08   1.20296465411229e-06   2.50304138330826e+01
   1.50782337000000e+08   1.69866098076454e-06   2.49863791115312e+01
   1.51182340000000e+08   1.47458615629148e-06   2.50264106765782e+01
   1.51582342000000e+08   9.23437767141877e-07   2.50504296156035e+01
   1.51982345000000e+08   9.65387243923033e-07   2.50584359286114e+01
   1.52382347000000e+08   9.97260940494016e-07   2.50464264590994e+01
   1.52782350000000e+08   1.43560146170785e-06   2.50344169895869e+01
   1.53182353000000e+08   1.25021642816137e-06   2.50224075200738e+01
   1.53582355000000e+08   1.15794148314308e-06   2.50103980505602e+01
   1.53982358000000e+08   1.48599019667017e-06   2.50784517111300e+01
   1.54382360000000e+08   1.51674009885028e-06   2.50704453981228e+01
   1.54782363000000e+08   1.85273063380009e-06   2.50504296156035e+01
   1.55182366000000e+08   1.82731264430913e-06   2.50784517111300e+01
   1.55582368000000e+08   1.50652942920715e-06   2.50264106765782e+01
   1.55982371000000e+08   1.49850995967427e-06   2.49743696420159e+01
   1.56382373000000e+08   1.87993043709866e-06   2.50504296156035e+01
   1.56782376000000e+08   2.12925806408748e-06   2.50304138330826e+01
   1.57182378000000e+08   1.93559117178665e-06   2.50023917375508e+01
   1.57582381000000e+08   1.74139131559059e-06   2.49623601725000e+01
   1.57982384000000e+08   1.68772703545983e-06   2.49783727985210e+01
   1.58382386000000e+08   1.93871665032930e-06   2.50304138330826e+01
   1.58782389000000e+08   2.11437236430356e-06   2.49903822680362e+01
   1.93443714000000e+08   2.39377492107451e-03   2.50384201460911e+01
   1.93843717000000e+08   1.67571306519676e-06   2.49743696420159e+01
   1.94243720000000e+08  -1.28695859302752e-07   2.50504296156035e+01
   1.94643722000000e+08   2.88858677777171e-06   2.50704453981228e+01
   1.95043725000000e+08   6.04166075390822e-07   2.50464264590994e+01
   1.95443727000000e+08   2.43599197347066e-06   2.49983885810460e+01
   1.95843730000000e+08   1.71621297795355e-06   2.51224864326656e+01
   1.96243733000000e+08  -5.50519807518413e-09   2.50464264590994e+01
   1.96643735000000e+08   3.06292690765986e-06   2.50344169895869e+01
   1.97043738000000e+08   8.04500871254277e-07   2.49663633290053e+01
   1.97443740000000e+08   2.72722172667272e-06   2.50063948940555e+01
   1.97843743000000e+08   2.08791379918694e-06   2.49703664855106e+01
   1.98243746000000e+08   7.70098040447920e-07   2.49703664855106e+01
   1.98643748000000e+08   3.45755302078032e-06   2.49023128249120e+01
   1.99043751000000e+08   1.42298233640759e-06   2.49623601725000e+01
   1.99443753000000e+08   3.00638203043491e-06   2.49663633290053e+01
   1.99843756000000e+08   2.36420237342827e-06   2.49983885810460e+01
   2.00243759000000e+08   1.04097716757678e-06   2.49343380769607e+01
   2.00643761000000e+08   3.49596143678355e-06   2.50063948940555e+01
   2.01043764000000e+08   1.63657227858494e-06   2.50784517111300e+01
   2.01443766000000e+08   3.07863956550136e-06   2.51425022151793e+01
   2.01843769000000e+08   2.06416098080808e-06   2.50063948940555e+01
   2.02243771000000e+08   8.87243004399352e-07   2.49983885810460e+01
   2.02643774000000e+08   3.12596762341855e-06   2.50384201460911e+01
   2.03043777000000e+08   1.49582024278061e-06   2.50664422416190e+01
