   4.00003000000000e+05   2.45401406573365e-06   2.49543538594890e+01
   8.00006000000000e+05   2.46118315772037e-06   2.49583570159945e+01
   1.20000800000000e+06   2.30335490414291e-06   2.50624390851152e+01
   1.60001100000000e+06   2.05019705390441e-06   2.50704453981228e+01
   2.00001300000000e+06   1.80018832907081e-06   2.50904611806405e+01
   2.40001600000000e+06   1.86891713838122e-06   2.49663633290053e+01
   2.80001900000000e+06   1.91954245565285e-06   2.49983885810460e+01
   3.20002100000000e+06   1.72670945630671e-06   2.50184043635693e+01
   3.60002400000000e+06   1.64688503900834e-06   2.50504296156035e+01
   4.00002600000000e+06   1.37121912757721e-06   2.49983885810460e+01
   4.40002900000000e+06   1.57201543515839e-06   2.50624390851152e+01
   4.80003200000000e+06   1.44740181440284e-06   2.50384201460911e+01
   5.20003400000000e+06   1.43687350373511e-06   2.50184043635693e+01
   5.60003700000000e+06   1.66733570949873e-06   2.50063948940555e+01
   6.00003900000000e+06   1.51557981098449e-06   2.50023917375508e+01
   6.40004200000000e+06   1.58882460254972e-06   2.50624390851152e+01
   6.80004400000000e+06   1.61343541549286e-06   2.50624390851152e+01
   7.20004700000000e+06   1.47945593198529e-06   2.51425022151793e+01
   7.60005000000000e+06   1.78765787950397e-06   2.50544327721075e+01
   8.00005200000000e+06   1.54079089043080e-06   2.50744485546264e+01
   8.40005500000000e+06   1.73980902218318e-06   2.50224075200738e+01
   8.80005700000000e+06   1.65563903919974e-06   2.49823759550261e+01
   9.20006000000000e+06   1.64901337029733e-06   2.50344169895869e+01
   9.60006300000000e+06   1.95333313968149e-06   2.50464264590994e+01
   4.21450250000000e+07   2.40457500331104e-03   2.50544327721075e+01
   4.25450270000000e+07   1.40286692840164e-06   2.51264895891685e+01
   4.29450300000000e+07   1.03947195384535e-06   2.51264895891685e+01
   4.33450330000000e+07   1.52040399825637e-06   2.50264106765782e+01
   4.37450350000000e+07   2.18637887883233e-06   2.50704453981228e+01
   4.41450380000000e+07   7.11528912233916e-07   2.50544327721075e+01
   4.45450400000000e+07   1.56465591771848e-06   2.50224075200738e+01
   4.49450430000000e+07   1.30917680962739e-06   2.50464264590994e+01
   4.53450460000000e+07   1.48565050039906e-06   2.49543538594890e+01
   4.57450480000000e+07   2.09709673981706e-06   2.49463475464779e+01
   4.61450510000000e+07   8.52907760418020e-07   2.49743696420159e+01
   4.65450530000000e+07   1.58226475832635e-06   2.50504296156035e+01
   4.69450560000000e+07   1.20383106150257e-06   2.50144012070648e+01
   4.73450590000000e+07   1.72814884535910e-06   2.50144012070648e+01
   4.77450610000000e+07   2.84022735286271e-06   2.50103980505602e+01
   4.81450640000000e+07   1.66759025432839e-06   2.48863001988861e+01
   4.85450660000000e+07   2.20318338506331e-06   2.49383412334665e+01
   4.89450690000000e+07   2.05881360670901e-06   2.49823759550261e+01
   4.93450720000000e+07   2.32483580475673e-06   2.50584359286114e+01
   4.97450740000000e+07   2.92794470624358e-06   2.50504296156035e+01
   5.01450770000000e+07   1.89697004771006e-06   2.50384201460911e+01
   5.05450790000000e+07   2.49840331889573e-06   2.50584359286114e+01
   5.09450820000000e+07   2.37120980273176e-06   2.50984674936472e+01
   5.13450850000000e+07   2.12715667657903e-06   2.50584359286114e+01
   5.17450870000000e+07   2.73061687039444e-06   2.50464264590994e+01
   9.54015110000000e+07  -4.30252449586987e-03   2.50264106765782e+01
   9.58015140000000e+07   2.34049980463169e-06   2.50624390851152e+01
   9.62015160000000e+07   2.17457568396640e-06   2.50063948940555e+01
   9.66015190000000e+07   2.20310266740853e-06   2.49863791115312e+01
   9.70015220000000e+07   3.19657283398556e-06   2.50664422416190e+01
   9.74015240000000e+07   1.27360874557780e-06   2.50704453981228e+01
   9.78015270000000e+07   1.67782764037838e-06   2.50464264590994e+01
   9.82015290000000e+07   1.59360229190497e-06   2.49623601725000e+01
   9.86015320000000e+07   1.57405440859293e-06   2.49343380769607e+01
   9.90015350000000e+07   2.60268893725879e-06   2.49503507029835e+01
   9.94015370000000e+07   7.89479599916376e-07   2.50464264590994e+01
   9.98015400000000e+07   1.21794232654793e-06   2.49463475464779e+01
   1.00201542000000e+08   1.07110906810703e-06   2.50304138330826e+01
   1.00601545000000e+08   8.75144451129017e-07   2.49783727985210e+01
   1.01001548000000e+08   2.13487965083914e-06   2.50984674936472e+01
   1.01401550000000e+08   7.01943349667999e-07   2.50144012070648e+01
   1.01801553000000e+08   1.35194682115980e-06   2.49983885810460e+01
   1.02201555000000e+08   1.09755785615562e-06   2.50344169895869e+01
   1.02601558000000e+08   1.05185552001785e-06   2.50744485546264e+01
   1.03001561000000e+08   2.21879122364044e-06   2.50304138330826e+01
   1.03401563000000e+08   6.05962668487336e-07   2.52345748147222e+01
   1.03801566000000e+08   9.10811365884001e-07   2.50424233025953e+01
   1.04201568000000e+08   7.42253007501859e-07   2.49743696420159e+01
   1.04601571000000e+08   5.33957063453272e-07   2.50063948940555e+01
   1.05001573000000e+08   1.80530707893922e-06   2.50144012070648e+01
   1.48314515000000e+08   4.71442518755794e-03   2.50624390851152e+01
   1.48714517000000e+08   2.27449527301360e-06   2.51144801196597e+01
   1.49114520000000e+08   2.20635388359369e-06   2.51144801196597e+01
   1.49514523000000e+08   2.74340936812223e-06   2.50824548676336e+01
   1.49914525000000e+08   2.52128756983439e-06   2.50023917375508e+01
   1.50314528000000e+08   2.46464787778677e-06   2.51064738066536e+01
   1.50714530000000e+08   1.82763994871493e-06   2.50184043635693e+01
   1.51114533000000e+08   1.74227045590669e-06   2.50504296156035e+01
   1.51514536000000e+08   2.05571609512845e-06   2.50144012070648e+01
   1.51914538000000e+08   1.66172185345204e-06   2.49743696420159e+01
   1.52314541000000e+08   1.83676331744209e-06   2.49503507029835e+01
   1.52714543000000e+08   1.20842128126242e-06   2.50464264590994e+01
   1.53114546000000e+08   1.03193315226235e-06   2.49343380769607e+01
   1.53514549000000e+08   1.60982222041639e-06   2.50784517111300e+01
   1.53914551000000e+08   1.56232533754519e-06   2.50384201460911e+01
   1.54314554000000e+08   1.79523419774341e-06   2.51064738066536e+01
   1.54714556000000e+08   1.23743279800692e-06   2.50384201460911e+01
   1.55114559000000e+08   7.94460902397987e-07   2.50144012070648e+01
   1.55514562000000e+08   1.51929214098345e-06   2.50103980505602e+01
   1.55914564000000e+08   1.52996460656141e-06   2.50544327721075e+01
   1.56314567000000e+08   1.74452384271717e-06   2.50504296156035e+01
   1.56714569000000e+08   1.25601218314841e-06   2.50864580241371e+01
   1.57114572000000e+08   8.68599215664290e-07   2.51064738066536e+01
   1.57514574000000e+08   1.53918722389790e-06   2.50544327721075e+01
   1.57914577000000e+08   1.58036914399418e-06   2.49623601725000e+01
   1.92541405000000e+08  -2.09712469950318e-03   2.49823759550261e+01
   1.92941407000000e+08   1.48568949498440e-06   2.50944643371439e+01
   1.93341410000000e+08   1.95028451344115e-06   2.50944643371439e+01
   1.93741412000000e+08   1.82275471161120e-06   2.50624390851152e+01
   1.94141415000000e+08   1.78603158929036e-06   2.50504296156035e+01
   1.94541418000000e+08   1.18209197808028e-06   2.50224075200738e+01
   1.94941420000000e+08   9.45612669056572e-07   2.50304138330826e+01
   1.95341423000000e+08   1.63672530106851e-06   2.50304138330826e+01
   1.95741425000000e+08   2.03503805096261e-06   2.50184043635693e+01
   1.96141428000000e+08   1.92239144780615e-06   2.50424233025953e+01
   1.96541431000000e+08   1.24306416182662e-06   2.49463475464779e+01
   1.96941433000000e+08   1.20805225378717e-06   2.48782938858728e+01
   1.97341436000000e+08   1.77566573711374e-06   2.50063948940555e+01
   1.97741438000000e+08   2.21910522668622e-06   2.49863791115312e+01
   1.98141441000000e+08   1.94374138118292e-06   2.50504296156035e+01
   1.98541444000000e+08   1.60516412961442e-06   2.50784517111300e+01
   1.98941446000000e+08   1.41971656830719e-06   2.50464264590994e+01
   1.99341449000000e+08   2.01406078303989e-06   2.50063948940555e+01
   1.99741451000000e+08   2.18265608964430e-06   2.50784517111300e+01
   2.00141454000000e+08   2.22272069549945e-06   2.49943854245411e+01
   2.00541457000000e+08   1.73460193764186e-06   2.50664422416190e+01
   2.00941459000000e+08   1.65565165843873e-06   2.50824548676336e+01
   2.01341462000000e+08   2.03793388209306e-06   2.50144012070648e+01
   2.01741464000000e+08   2.37685139836685e-06   2.51425022151793e+01
   2.02141467000000e+08   2.24360132961010e-06   2.50704453981228e+01
