   4.00003000000000e+05   1.85635360594461e-06   2.50224075200738e+01
   8.00005000000000e+05   2.02520550374174e-06   2.50464264590994e+01
   1.20000800000000e+06   2.06664776669641e-06   2.49663633290053e+01
   1.60001000000000e+06   2.13753037314746e-06   2.49943854245411e+01
   2.00001300000000e+06   2.09750101021200e-06   2.49623601725000e+01
   2.40001600000000e+06   2.19790035771439e-06   2.50304138330826e+01
   2.80001800000000e+06   2.06467188945680e-06   2.49703664855106e+01
   3.20002100000000e+06   2.00763975044538e-06   2.49223286074429e+01
   3.60002300000000e+06   1.75547825165268e-06   2.49223286074429e+01
   4.00002600000000e+06   2.01739680960600e-06   2.48863001988861e+01
   4.40002900000000e+06   1.71582985331042e-06   2.49303349204548e+01
   4.80003100000000e+06   1.93535538528522e-06   2.50264106765782e+01
   5.20003400000000e+06   1.91504773283668e-06   2.50023917375508e+01
   5.60003600000000e+06   1.96037308342056e-06   2.50184043635693e+01
   6.00003900000000e+06   1.95880443243368e-06   2.49503507029835e+01
   6.40004200000000e+06   1.89983427389961e-06   2.50264106765782e+01
   6.80004400000000e+06   1.93184041563654e-06   2.50184043635693e+01
   7.20004700000000e+06   1.95842721950612e-06   2.50504296156035e+01
   7.60004900000000e+06   1.72638056028518e-06   2.50544327721075e+01
   8.00005200000000e+06   1.96857354239910e-06   2.50384201460911e+01
   8.40005400000000e+06   1.77836102466244e-06   2.51625179976914e+01
   8.80005700000000e+06   1.87322518740984e-06   2.50744485546264e+01
   9.20006000000000e+06   1.66383392752323e-06   2.49543538594890e+01
   9.60006200000000e+06   1.53282076098549e-06   2.50144012070648e+01
   4.20865270000000e+07   1.37425347929820e-04   2.49623601725000e+01
   4.24865290000000e+07   1.57017871060816e-06   2.49543538594890e+01
   4.28865320000000e+07   2.03340664484131e-06   2.50264106765782e+01
   4.32865340000000e+07   1.83264592124033e-06   2.50384201460911e+01
   4.36865370000000e+07   1.86654619938054e-06   2.50063948940555e+01
   4.40865400000000e+07   2.02149362849013e-06   2.50664422416190e+01
   4.44865420000000e+07   1.67774430792633e-06   2.50144012070648e+01
   4.48865450000000e+07   2.10181610782456e-06   2.49943854245411e+01
   4.52865470000000e+07   1.74588967638556e-06   2.49743696420159e+01
   4.56865500000000e+07   1.75181833128590e-06   2.49743696420159e+01
   4.60865530000000e+07   1.99745272766449e-06   2.50344169895869e+01
   4.64865550000000e+07   1.59806165811460e-06   2.50384201460911e+01
   4.68865580000000e+07   2.04704952011525e-06   2.50624390851152e+01
   4.72865600000000e+07   1.79552102963498e-06   2.50224075200738e+01
   4.76865630000000e+07   1.97210442820506e-06   2.50344169895869e+01
   4.80865660000000e+07   2.00705676434154e-06   2.50424233025953e+01
   4.84865680000000e+07   1.72403952092282e-06   2.49663633290053e+01
   4.88865710000000e+07   2.10193502425682e-06   2.51144801196597e+01
   4.92865730000000e+07   1.76741752966336e-06   2.50784517111300e+01
   4.96865760000000e+07   1.88652450106019e-06   2.50424233025953e+01
   5.00865790000000e+07   1.89357592716988e-06   2.50824548676336e+01
   5.04865810000000e+07   1.80528638793476e-06   2.50824548676336e+01
   5.08865840000000e+07   2.01016882783733e-06   2.50264106765782e+01
   5.12865860000000e+07   1.80994402398937e-06   2.50224075200738e+01
   5.16865890000000e+07   1.86820511771657e-06   2.49663633290053e+01
   9.50490530000000e+07   2.10375277674757e-04   2.50784517111300e+01
   9.54490550000000e+07   1.61309230861661e-06   2.50344169895869e+01
   9.58490580000000e+07   2.06189838536375e-06   2.50304138330826e+01
   9.62490600000000e+07   1.65375763572229e-06   2.50144012070648e+01
   9.66490630000000e+07   1.86095257959096e-06   2.51104769631567e+01
   9.70490660000000e+07   1.91928734238900e-06   2.50504296156035e+01
   9.74490680000000e+07   1.66562369940948e-06   2.50544327721075e+01
   9.78490710000000e+07   1.98649900085002e-06   2.52225653452185e+01
   9.82490730000000e+07   1.77205333784514e-06   2.48422654773099e+01
   9.86490760000000e+07   1.81113296093827e-06   2.49863791115312e+01
   9.90490790000000e+07   1.98181123778340e-06   2.49703664855106e+01
   9.94490810000000e+07   1.67089933711395e-06   2.51585148411891e+01
   9.98490840000000e+07   2.12831037060823e-06   2.51344959021740e+01
   1.00249086000000e+08   1.66739130236238e-06   2.48302560077878e+01
   1.00649089000000e+08   1.95817642634211e-06   2.49423443899722e+01
   1.01049092000000e+08   1.99472833628533e-06   2.49223286074429e+01
   1.01449094000000e+08   1.82752535238251e-06   2.50304138330826e+01
   1.01849097000000e+08   2.16327225643909e-06   2.49343380769607e+01
   1.02249099000000e+08   1.75803688762244e-06   2.50544327721075e+01
   1.02649102000000e+08   2.12189138437680e-06   2.49743696420159e+01
   1.03049105000000e+08   1.91148478734249e-06   2.50464264590994e+01
   1.03449107000000e+08   1.81974633051141e-06   2.49063159814183e+01
   1.03849110000000e+08   2.10017446988786e-06   2.51425022151793e+01
   1.04249112000000e+08   1.69240104241908e-06   2.48582781033385e+01
   1.04649115000000e+08   2.12284749068203e-06   2.48943065118992e+01
   1.48098207000000e+08   1.84150223503821e-04   2.50504296156035e+01
   1.48498209000000e+08   2.13654243452766e-06   2.50784517111300e+01
   1.48898212000000e+08   1.89945433248795e-06   2.49663633290053e+01
   1.49298214000000e+08   1.98711290977371e-06   2.50984674936472e+01
   1.49698217000000e+08   1.93616187971202e-06   2.50144012070648e+01
   1.50098220000000e+08   1.92151446753996e-06   2.50904611806405e+01
   1.50498222000000e+08   2.01094826479675e-06   2.50824548676336e+01
   1.50898225000000e+08   1.80685424311378e-06   2.49823759550261e+01
   1.51298227000000e+08   1.94866424862994e-06   2.51665211541937e+01
   1.51698230000000e+08   1.91386720871378e-06   2.51104769631567e+01
   1.52098233000000e+08   1.80648589775956e-06   2.50904611806405e+01
   1.52498235000000e+08   2.00684166884457e-06   2.49583570159945e+01
   1.52898238000000e+08   1.84299494776496e-06   2.50264106765782e+01
   1.53298240000000e+08   1.80899291990499e-06   2.50224075200738e+01
   1.53698243000000e+08   1.66777783761063e-06   2.50264106765782e+01
   1.54098246000000e+08   1.66777942922636e-06   2.49423443899722e+01
   1.54498248000000e+08   1.81463110493496e-06   2.50464264590994e+01
   1.54898251000000e+08   1.51268739045918e-06   2.49543538594890e+01
   1.55298253000000e+08   1.60876925292541e-06   2.48983096684056e+01
   1.55698256000000e+08   1.60216166023019e-06   2.48782938858728e+01
   1.56098259000000e+08   1.57591694005532e-06   2.49183254509368e+01
   1.56498261000000e+08   1.57867316374904e-06   2.50544327721075e+01
   1.56898264000000e+08   1.53634005073400e-06   2.49823759550261e+01
   1.57298266000000e+08   1.79530900368263e-06   2.49583570159945e+01
   1.57698269000000e+08   1.69749102951755e-06   2.50304138330826e+01
   1.92740902000000e+08   1.64300392498262e-04   2.50264106765782e+01
   1.93140904000000e+08   1.83047666268976e-06   2.48782938858728e+01
   1.93540907000000e+08   1.91716071640258e-06   2.51425022151793e+01
   1.93940909000000e+08   1.86463842055673e-06   2.52265685017198e+01
   1.94340912000000e+08   1.92872175830416e-06   2.51264895891685e+01
   1.94740914000000e+08   1.88594344763260e-06   2.51224864326656e+01
   1.95140917000000e+08   1.95216898646322e-06   2.49983885810460e+01
   1.95540920000000e+08   2.18204581869941e-06   2.54387357962002e+01
   1.95940922000000e+08   1.91368962987326e-06   2.50704453981228e+01
   1.96340925000000e+08   2.18341710933601e-06   2.50264106765782e+01
   1.96740927000000e+08   2.01896637008758e-06   2.50744485546264e+01
   1.97140930000000e+08   2.03889612748753e-06   2.53506663532295e+01
   1.97540933000000e+08   1.90743844541430e-06   2.50584359286114e+01
   1.97940935000000e+08   1.88223782515706e-06   2.51945432497076e+01
   1.98340938000000e+08   1.96561950360774e-06   2.50224075200738e+01
   1.98740940000000e+08   1.90332423244399e-06   2.50824548676336e+01
   1.99140943000000e+08   1.83009206011775e-06   2.49543538594890e+01
   1.99540946000000e+08   1.94744893633469e-06   2.50824548676336e+01
   1.99940948000000e+08   1.75511797806394e-06   2.50544327721075e+01
   2.00340951000000e+08   1.93925097846659e-06   2.46621234344184e+01
   2.00740953000000e+08   1.74704030087014e-06   2.50424233025953e+01
   2.01140956000000e+08   1.94860376723227e-06   2.51745274671980e+01
   2.01540959000000e+08   1.82754445177125e-06   2.48422654773099e+01
   2.01940961000000e+08   1.81467089532816e-06   2.53186411012327e+01
   2.02340964000000e+08   1.88811270618316e-06   2.49743696420159e+01
