   4.00003000000000e+05   1.94558788280119e-06   2.50424233025953e+01
   8.00006000000000e+05   1.79103471964481e-06   2.50184043635693e+01
   1.20000800000000e+06   2.05021251531434e-06   2.49983885810460e+01
   1.60001100000000e+06   2.01232182917011e-06   2.50344169895869e+01
   2.00001300000000e+06   1.75878778918559e-06   2.50784517111300e+01
   2.40001600000000e+06   1.86110594313504e-06   2.49583570159945e+01
   2.80001900000000e+06   1.65528456363973e-06   2.50944643371439e+01
   3.20002100000000e+06   1.55913994603907e-06   2.50144012070648e+01
   3.60002400000000e+06   1.82735675480217e-06   2.50184043635693e+01
   4.00002600000000e+06   1.49706750107725e-06   2.50664422416190e+01
   4.40002900000000e+06   1.88632088793383e-06   2.50384201460911e+01
   4.80003200000000e+06   1.67282314578188e-06   2.50944643371439e+01
   5.20003400000000e+06   1.75840091287682e-06   2.50424233025953e+01
   5.60003700000000e+06   1.83960139565897e-06   2.50464264590994e+01
   6.00003900000000e+06   1.63689901455655e-06   2.50824548676336e+01
   6.40004200000000e+06   1.71740259702347e-06   2.49423443899722e+01
   6.80004500000000e+06   1.67873440659605e-06   2.50103980505602e+01
   7.20004700000000e+06   1.65800861395837e-06   2.49903822680362e+01
   7.60005000000000e+06   1.72538284459733e-06   2.50864580241371e+01
   8.00005200000000e+06   1.50329663028970e-06   2.50184043635693e+01
   8.40005500000000e+06   1.87259831818665e-06   2.49823759550261e+01
   8.80005800000000e+06   1.44391344747419e-06   2.50584359286114e+01
   9.20006000000000e+06   1.70445071034919e-06   2.50224075200738e+01
   9.60006300000000e+06   1.56641954163206e-06   2.50063948940555e+01
   4.30145060000000e+07  -2.06459988839924e-03   2.49743696420159e+01
   4.34145080000000e+07   4.14887153965537e-06   2.49423443899722e+01
   4.38145110000000e+07   1.62978290063620e-06   2.50184043635693e+01
   4.42145140000000e+07   2.23089432438428e-06   2.49463475464779e+01
   4.46145160000000e+07   2.39875760144059e-07   2.49383412334665e+01
   4.50145190000000e+07   3.24265738527174e-06   2.51505085281844e+01
   4.54145210000000e+07   3.80693586521375e-06   2.50184043635693e+01
   4.58145240000000e+07   1.31035324102413e-06   2.49703664855106e+01
   4.62145260000000e+07   1.93062032849411e-06   2.49663633290053e+01
   4.66145290000000e+07   9.31949841742608e-08   2.50264106765782e+01
   4.70145320000000e+07   2.65590779235936e-06   2.50944643371439e+01
   4.74145340000000e+07   3.04648506244121e-06   2.49823759550261e+01
   4.78145370000000e+07   6.96073527706176e-07   2.50063948940555e+01
   4.82145390000000e+07   1.75216598563566e-06   2.50304138330826e+01
   4.86145420000000e+07   1.27823184925546e-07   2.50224075200738e+01
   4.90145450000000e+07   2.85529495158698e-06   2.49383412334665e+01
   4.94145470000000e+07   3.09900110551098e-06   2.49703664855106e+01
   4.98145500000000e+07   8.53867391015228e-07   2.49983885810460e+01
   5.02145520000000e+07   1.69794782323152e-06   2.50264106765782e+01
   5.06145550000000e+07   3.84288824761825e-07   2.50704453981228e+01
   5.10145580000000e+07   3.00015813081700e-06   2.50103980505602e+01
   5.14145600000000e+07   2.88802834802482e-06   2.50264106765782e+01
   5.18145630000000e+07   7.37843777187663e-07   2.50103980505602e+01
   5.22145650000000e+07   1.42628618959861e-06   2.50184043635693e+01
   5.26145680000000e+07  -3.94118693236578e-08   2.50624390851152e+01
   9.65391910000000e+07   4.64509986341000e-03   2.51144801196597e+01
   9.69391940000000e+07   2.12688496503688e-06   2.51545116846868e+01
   9.73391970000000e+07   3.07794562104391e-06   2.50224075200738e+01
   9.77391990000000e+07   1.28200736071449e-06   2.50544327721075e+01
   9.81392020000000e+07   3.05486923934950e-06   2.49743696420159e+01
   9.85392040000000e+07   9.39179869874351e-07   2.49903822680362e+01
   9.89392070000000e+07   2.47191360358556e-06   2.49303349204548e+01
   9.93392100000000e+07   3.17069452648866e-06   2.50664422416190e+01
   9.97392120000000e+07   1.32524053242378e-06   2.49903822680362e+01
   1.00139215000000e+08   2.77618619293207e-06   2.49823759550261e+01
   1.00539217000000e+08   3.71500163964811e-07   2.49743696420159e+01
   1.00939220000000e+08   1.94327321878518e-06   2.50464264590994e+01
   1.01339223000000e+08   2.38123561757675e-06   2.49903822680362e+01
   1.01739225000000e+08   8.98199914445286e-07   2.49863791115312e+01
   1.02139228000000e+08   2.51807796303183e-06   2.49903822680362e+01
   1.02539230000000e+08   2.83045494597900e-07   2.50144012070648e+01
   1.02939233000000e+08   1.85328474344715e-06   2.50344169895869e+01
   1.03339236000000e+08   2.02729938791890e-06   2.49823759550261e+01
   1.03739238000000e+08   6.35688593320083e-07   2.50304138330826e+01
   1.04139241000000e+08   2.11108022085682e-06   2.51064738066536e+01
   1.04539243000000e+08   7.47284047974972e-07   2.51144801196597e+01
   1.04939246000000e+08   2.63633114627737e-06   2.50544327721075e+01
   1.05339249000000e+08   2.53556459028914e-06   2.51104769631567e+01
   1.05739251000000e+08   1.39287840283941e-06   2.49863791115312e+01
   1.06139254000000e+08   2.93251059702015e-06   2.50344169895869e+01
   1.49660870000000e+08  -4.25044959411025e-03   2.49583570159945e+01
   1.50060873000000e+08   1.11021881821216e-06   2.49823759550261e+01
   1.50460875000000e+08   2.92176878247119e-06   2.49863791115312e+01
   1.50860878000000e+08   9.32359114358405e-07   2.49743696420159e+01
   1.51260881000000e+08   2.26933616431779e-06   2.49903822680362e+01
   1.51660883000000e+08   1.58685679707560e-06   2.49463475464779e+01
   1.52060886000000e+08   1.08425012967928e-06   2.49863791115312e+01
   1.52460888000000e+08   2.63948186329799e-06   2.49663633290053e+01
   1.52860891000000e+08   9.22232914035703e-07   2.49663633290053e+01
   1.53260894000000e+08   2.31303306463815e-06   2.50264106765782e+01
   1.53660896000000e+08   1.75513514477643e-06   2.49863791115312e+01
   1.54060899000000e+08   1.46036325077148e-06   2.50144012070648e+01
   1.54460901000000e+08   3.25911378240562e-06   2.50184043635693e+01
   1.54860904000000e+08   1.53478276843089e-06   2.49943854245411e+01
   1.55260906000000e+08   2.77371486845368e-06   2.50704453981228e+01
   1.55660909000000e+08   1.97812755686755e-06   2.49343380769607e+01
   1.56060912000000e+08   1.69027532592736e-06   2.50304138330826e+01
   1.56460914000000e+08   3.27203269989695e-06   2.51024706501504e+01
   1.56860917000000e+08   1.73773582901049e-06   2.50544327721075e+01
   1.57260919000000e+08   2.99870225717314e-06   2.49423443899722e+01
   1.57660922000000e+08   2.61462946582469e-06   2.50144012070648e+01
   1.58060925000000e+08   2.29800707529648e-06   2.50224075200738e+01
   1.58460927000000e+08   3.44314662470424e-06   2.49983885810460e+01
   1.58860930000000e+08   1.65301662491402e-06   2.49583570159945e+01
   1.59260932000000e+08   2.88438036477601e-06   2.50224075200738e+01
   1.93912726000000e+08   2.38003721460700e-03   2.51304927456713e+01
   1.94312728000000e+08   9.23083177895023e-07   2.50023917375508e+01
   1.94712731000000e+08   1.39104315621807e-06   2.50584359286114e+01
   1.95112733000000e+08   2.22925973503152e-06   2.50784517111300e+01
   1.95512736000000e+08  -2.66071907617516e-07   2.50984674936472e+01
   1.95912739000000e+08   2.51911228588142e-06   2.50704453981228e+01
   1.96312741000000e+08   8.27127621505497e-07   2.50063948940555e+01
   1.96712744000000e+08   1.35332243189623e-06   2.50464264590994e+01
   1.97112746000000e+08   2.33748710343207e-06   2.50424233025953e+01
   1.97512749000000e+08  -2.47136597408826e-07   2.49983885810460e+01
   1.97912751000000e+08   2.73101250058971e-06   2.50464264590994e+01
   1.98312754000000e+08   1.12487509795756e-06   2.49863791115312e+01
   1.98712757000000e+08   1.80152994744276e-06   2.49583570159945e+01
   1.99112759000000e+08   2.64710865849338e-06   2.50504296156035e+01
   1.99512762000000e+08   2.31313023846269e-07   2.50504296156035e+01
   1.99912764000000e+08   3.05276375911490e-06   2.49623601725000e+01
   2.00312767000000e+08   1.50165135437419e-06   2.50304138330826e+01
   2.00712770000000e+08   2.35854008678871e-06   2.50023917375508e+01
   2.01112772000000e+08   3.09968686451612e-06   2.50464264590994e+01
   2.01512775000000e+08   9.09387551928376e-07   2.50023917375508e+01
   2.01912777000000e+08   3.54546978087455e-06   2.50584359286114e+01
   2.02312780000000e+08   1.68052224580606e-06   2.49383412334665e+01
   2.02712783000000e+08   2.26017050408700e-06   2.50664422416190e+01
   2.03112785000000e+08   2.82313999377948e-06   2.50864580241371e+01
   2.03512788000000e+08   7.13855968115240e-07   2.49343380769607e+01
