   4.00002000000000e+05   2.02039132091159e-06   2.45900666172260e+01
   8.00005000000000e+05   2.01834609470097e-06   2.53706821357254e+01
   1.20000800000000e+06   1.74236731709243e-06   2.47822181296936e+01
   1.60001000000000e+06   1.93610253518273e-06   2.47541960341345e+01
   2.00001300000000e+06   1.70253315445734e-06   2.47742118166770e+01
   2.40001500000000e+06   1.81557834366686e-06   2.47662055036602e+01
   2.80001800000000e+06   1.82459530151391e-06   2.47622023471517e+01
   3.20002100000000e+06   1.71461579157040e-06   2.51785306237000e+01
   3.60002300000000e+06   1.89141337614274e-06   2.50824548676336e+01
   4.00002600000000e+06   1.62709443429776e-06   2.43018393482499e+01
   4.40002800000000e+06   1.76793867012748e-06   2.51905400932058e+01
   4.80003100000000e+06   1.81305279056687e-06   2.48702875728593e+01
   5.20003400000000e+06   1.69803911376221e-06   2.50144012070648e+01
   5.60003600000000e+06   1.89468391909031e-06   2.50023917375508e+01
   6.00003900000000e+06   1.71227793543949e-06   2.48903033553927e+01
   6.40004100000000e+06   1.91890649148263e-06   2.51184832761627e+01
   6.80004400000000e+06   1.83923214081005e-06   2.51505085281844e+01
   7.20004700000000e+06   1.71483259236993e-06   2.53186411012327e+01
   7.60004900000000e+06   1.99375062948093e-06   2.46661265909285e+01
   8.00005200000000e+06   1.71311432950461e-06   2.51465053716819e+01
   8.40005400000000e+06   1.85484248049761e-06   2.54387357962002e+01
   8.80005700000000e+06   1.81698328560742e-06   2.47982307557260e+01
   9.20006000000000e+06   1.75014645265037e-06   2.47742118166770e+01
   9.60006200000000e+06   1.89766296898597e-06   2.50023917375508e+01
   4.22642720000000e+07   1.51075233588926e-04   2.50664422416190e+01
   4.26642750000000e+07   1.80020958850946e-06   2.50904611806405e+01
   4.30642770000000e+07   1.98649968297104e-06   2.49503507029835e+01
   4.34642800000000e+07   1.65488256698154e-06   2.48422654773099e+01
   4.38642830000000e+07   1.97752819985908e-06   2.50624390851152e+01
   4.42642850000000e+07   1.87363605164137e-06   2.52746063797306e+01
   4.46642880000000e+07   1.77850347427011e-06   2.53026284752328e+01
   4.50642900000000e+07   1.91345452549285e-06   2.51224864326656e+01
   4.54642930000000e+07   1.56581540977641e-06   2.51905400932058e+01
   4.58642960000000e+07   2.02713817998301e-06   2.51024706501504e+01
   4.62642980000000e+07   1.51112453750102e-06   2.48863001988861e+01
   4.66643010000000e+07   1.77710444404511e-06   2.52065527192126e+01
   4.70643030000000e+07   1.89610079814884e-06   2.52225653452185e+01
   4.74643060000000e+07   1.69979546171817e-06   2.47501928776258e+01
   4.78643090000000e+07   1.85369538030500e-06   2.45940697737372e+01
   4.82643110000000e+07   1.68103804298880e-06   2.49543538594890e+01
   4.86643140000000e+07   1.89785509974172e-06   2.51465053716819e+01
   4.90643160000000e+07   1.87047930921835e-06   2.50184043635693e+01
   4.94643190000000e+07   1.57909948939050e-06   2.53226442577325e+01
   4.98643220000000e+07   2.10214989238011e-06   2.48222496947727e+01
   5.02643240000000e+07   1.73164994521358e-06   2.47461897211170e+01
   5.06643270000000e+07   1.89001070793893e-06   2.48983096684056e+01
   5.10643290000000e+07   1.84549583082116e-06   2.49423443899722e+01
   5.14643320000000e+07   1.63965239607933e-06   2.49823759550261e+01
   5.18643350000000e+07   1.88103933851380e-06   2.49623601725000e+01
   9.52851840000000e+07   1.90775055671111e-04   2.48422654773099e+01
   9.56851860000000e+07   1.91191134035762e-06   2.49703664855106e+01
   9.60851890000000e+07   1.96227983906283e-06   2.48302560077878e+01
   9.64851920000000e+07   1.75919251432788e-06   2.49543538594890e+01
   9.68851940000000e+07   1.94630661098927e-06   2.48782938858728e+01
   9.72851970000000e+07   1.78635389147530e-06   2.50864580241371e+01
   9.76851990000000e+07   1.86073486929672e-06   2.50904611806405e+01
   9.80852020000000e+07   1.81638472440682e-06   2.49223286074429e+01
   9.84852050000000e+07   1.76015964825638e-06   2.49583570159945e+01
   9.88852070000000e+07   1.92870697901526e-06   2.50744485546264e+01
   9.92852100000000e+07   1.78243510617904e-06   2.49023128249120e+01
   9.96852120000000e+07   1.92850939129130e-06   2.51945432497076e+01
   1.00085215000000e+08   1.90723869764042e-06   2.48382623208026e+01
   1.00485218000000e+08   1.84238888323307e-06   2.50144012070648e+01
   1.00885220000000e+08   1.86425324955053e-06   2.48782938858728e+01
   1.01285223000000e+08   1.90118555565277e-06   2.50384201460911e+01
   1.01685225000000e+08   1.93692267203005e-06   2.45540382086220e+01
   1.02085228000000e+08   1.98319526134583e-06   2.52145590322157e+01
   1.02485231000000e+08   1.75647926425881e-06   2.50904611806405e+01
   1.02885233000000e+08   2.07715061151248e-06   2.48582781033385e+01
   1.03285236000000e+08   1.77969616288465e-06   2.48582781033385e+01
   1.03685238000000e+08   1.93183359442628e-06   2.50464264590994e+01
   1.04085241000000e+08   1.78026994035463e-06   2.50304138330826e+01
   1.04485244000000e+08   1.88342971796374e-06   2.49983885810460e+01
   1.04885246000000e+08   1.82928647518565e-06   2.49263317639489e+01
   1.48379220000000e+08   2.01375252800062e-04   2.49903822680362e+01
   1.48779223000000e+08   2.03477952709363e-06   2.49383412334665e+01
   1.49179226000000e+08   1.92165975931857e-06   2.50944643371439e+01
   1.49579228000000e+08   1.64044206485414e-06   2.48502717903243e+01
   1.49979231000000e+08   2.03806212084601e-06   2.50704453981228e+01
   1.50379233000000e+08   1.60136403337674e-06   2.50264106765782e+01
   1.50779236000000e+08   1.94900962924294e-06   2.49583570159945e+01
   1.51179239000000e+08   1.74822218923509e-06   2.50584359286114e+01
   1.51579241000000e+08   1.85722115020326e-06   2.49863791115312e+01
   1.51979244000000e+08   2.07478592528787e-06   2.51785306237000e+01
   1.52379246000000e+08   1.67246366800100e-06   2.50224075200738e+01
   1.52779249000000e+08   2.10623829843826e-06   2.50784517111300e+01
   1.53179252000000e+08   1.84435236860736e-06   2.50344169895869e+01
   1.53579254000000e+08   1.77164611159242e-06   2.49743696420159e+01
   1.53979257000000e+08   1.98338034351764e-06   2.49623601725000e+01
   1.54379259000000e+08   1.66346387686644e-06   2.49623601725000e+01
   1.54779262000000e+08   2.05001197173260e-06   2.51745274671980e+01
   1.55179265000000e+08   1.65879828273319e-06   2.50584359286114e+01
   1.55579267000000e+08   1.91976209862332e-06   2.50744485546264e+01
   1.55979270000000e+08   1.98241104953922e-06   2.52185621887171e+01
   1.56379272000000e+08   1.73653018009645e-06   2.49663633290053e+01
   1.56779275000000e+08   1.98648194782436e-06   2.50744485546264e+01
   1.57179278000000e+08   1.76971684595628e-06   2.51224864326656e+01
   1.57579280000000e+08   1.88847150184301e-06   2.50304138330826e+01
   1.57979283000000e+08   1.80995846221776e-06   2.50224075200738e+01
   1.92998648000000e+08   1.57475224114023e-04   2.50544327721075e+01
   1.93398650000000e+08   1.88143530976959e-06   2.48742907293661e+01
   1.93798653000000e+08   1.88892136065988e-06   2.48943065118992e+01
   1.94198655000000e+08   1.67600705935911e-06   2.49063159814183e+01
   1.94598658000000e+08   2.03731406145380e-06   2.49543538594890e+01
   1.94998661000000e+08   1.64340724495560e-06   2.49663633290053e+01
   1.95398663000000e+08   2.13965836337593e-06   2.49783727985210e+01
   1.95798666000000e+08   1.91153367268271e-06   2.48863001988861e+01
   1.96198668000000e+08   1.95512552636501e-06   2.50063948940555e+01
   1.96598671000000e+08   2.10019834412378e-06   2.50023917375508e+01
   1.96998674000000e+08   1.83616930371500e-06   2.49623601725000e+01
   1.97398676000000e+08   1.95489997167897e-06   2.50944643371439e+01
   1.97798679000000e+08   1.85412443443056e-06   2.49783727985210e+01
   1.98198681000000e+08   1.79552080226131e-06   2.50344169895869e+01
   1.98598684000000e+08   2.05272635867004e-06   2.50264106765782e+01
   1.98998687000000e+08   1.72444879353861e-06   2.50464264590994e+01
   1.99398689000000e+08   2.08301639759156e-06   2.50784517111300e+01
   1.99798692000000e+08   1.86353076969681e-06   2.50103980505602e+01
   2.00198694000000e+08   1.90878222383617e-06   2.50664422416190e+01
   2.00598697000000e+08   2.04242633117246e-06   2.50264106765782e+01
   2.00998700000000e+08   1.81192285708676e-06   2.50744485546264e+01
   2.01398702000000e+08   2.14082979255181e-06   2.49503507029835e+01
   2.01798705000000e+08   1.87912280580349e-06   2.49503507029835e+01
   2.02198707000000e+08   2.02953174266440e-06   2.49743696420159e+01
   2.02598710000000e+08   2.05685068976891e-06   2.49663633290053e+01
