   4.00003000000000e+05   1.84363204880356e-06   2.51024706501504e+01
   8.00005000000000e+05   1.47048785947845e-06   2.50023917375508e+01
   1.20000800000000e+06   1.73296996308636e-06   2.49583570159945e+01
   1.60001100000000e+06   1.57887313889660e-06   2.49463475464779e+01
   2.00001300000000e+06   1.49525965298380e-06   2.49903822680362e+01
   2.40001600000000e+06   1.59370438268525e-06   2.49663633290053e+01
   2.80001800000000e+06   1.48201274896564e-06   2.50304138330826e+01
   3.20002100000000e+06   1.73961097971187e-06   2.49463475464779e+01
   3.60002400000000e+06   1.77032598003279e-06   2.49663633290053e+01
   4.00002600000000e+06   1.72012448729220e-06   2.50424233025953e+01
   4.40002900000000e+06   1.97167469195847e-06   2.50984674936472e+01
   4.80003100000000e+06   1.73338310105464e-06   2.50584359286114e+01
   5.20003400000000e+06   1.75175591721199e-06   2.50504296156035e+01
   5.60003700000000e+06   1.69235079283681e-06   2.50144012070648e+01
   6.00003900000000e+06   1.52457994317956e-06   2.49703664855106e+01
   6.40004200000000e+06   1.72047396063135e-06   2.50224075200738e+01
   6.80004400000000e+06   1.52790653373813e-06   2.51024706501504e+01
   7.20004700000000e+06   1.90782861864136e-06   2.50304138330826e+01
   7.60005000000000e+06   2.32914885600621e-06   2.50424233025953e+01
   8.00005200000000e+06   2.01586226467043e-06   2.51505085281844e+01
   8.40005500000000e+06   2.47596108238213e-06   2.50704453981228e+01
   8.80005700000000e+06   2.17561205317907e-06   2.49103191379245e+01
   9.20006000000000e+06   2.18845980270999e-06   2.49343380769607e+01
   9.60006300000000e+06   1.93868550013576e-06   2.50784517111300e+01
   4.20598260000000e+07   2.35732505097985e-03   2.50704453981228e+01
   4.24598290000000e+07   3.34824835590553e-06   2.50504296156035e+01
   4.28598310000000e+07   8.87632779722480e-07   2.50544327721075e+01
   4.32598340000000e+07   3.51857102032227e-06   2.50704453981228e+01
   4.36598360000000e+07   1.24631492326444e-06   2.50864580241371e+01
   4.40598390000000e+07   1.49958339079603e-06   2.50144012070648e+01
   4.44598420000000e+07   2.98825716527062e-06   2.50184043635693e+01
   4.48598440000000e+07   1.64200662311487e-06   2.49903822680362e+01
   4.52598470000000e+07   3.32513241119159e-06   2.50624390851152e+01
   4.56598490000000e+07   3.90222879786961e-07   2.50264106765782e+01
   4.60598520000000e+07   1.63898459959455e-06   2.50464264590994e+01
   4.64598550000000e+07   3.13661530526588e-06   2.49583570159945e+01
   4.68598570000000e+07   1.38014274853049e-06   2.50664422416190e+01
   4.72598600000000e+07   2.46792933467077e-06   2.49103191379245e+01
   4.76598620000000e+07   7.19160141215980e-07   2.49543538594890e+01
   4.80598650000000e+07   1.37622305373952e-06   2.50063948940555e+01
   4.84598680000000e+07   2.57169767792220e-06   2.50224075200738e+01
   4.88598700000000e+07   7.45608701890887e-07   2.50584359286114e+01
   4.92598730000000e+07   2.80304811894894e-06   2.49903822680362e+01
   4.96598750000000e+07  -8.09403957191535e-08   2.49463475464779e+01
   5.00598780000000e+07   1.54057352119708e-06   2.50264106765782e+01
   5.04598810000000e+07   2.41898828789999e-06   2.50304138330826e+01
   5.08598830000000e+07   9.33212675136019e-07   2.51224864326656e+01
   5.12598860000000e+07   2.13875432564237e-06   2.49943854245411e+01
   5.16598880000000e+07   2.92342775765064e-07   2.50544327721075e+01
   9.54458690000000e+07  -4.21509938314557e-03   2.50264106765782e+01
   9.58458720000000e+07   6.68860081987077e-07   2.49743696420159e+01
   9.62458740000000e+07   2.20251887839140e-08   2.51304927456713e+01
   9.66458770000000e+07   3.66057338396786e-06   2.50504296156035e+01
   9.70458790000000e+07   2.19730691242148e-06   2.50103980505602e+01
   9.74458820000000e+07   1.94329118130554e-06   2.49903822680362e+01
   9.78458850000000e+07   2.17308596006660e-07   2.49583570159945e+01
   9.82458870000000e+07   8.29329621865327e-07   2.50144012070648e+01
   9.86458900000000e+07   4.32169599662302e-06   2.49983885810460e+01
   9.90458920000000e+07   1.54668566665350e-06   2.49343380769607e+01
   9.94458950000000e+07   1.65388451023318e-06   2.49703664855106e+01
   9.98458980000000e+07   8.49025582283502e-07   2.50984674936472e+01
   1.00245900000000e+08   1.16358933155425e-06   2.49583570159945e+01
   1.00645903000000e+08   3.35170557264064e-06   2.49663633290053e+01
   1.01045905000000e+08   1.94944732356817e-06   2.49783727985210e+01
   1.01445908000000e+08   1.65796632245474e-06   2.49303349204548e+01
   1.01845911000000e+08   1.13154737846344e-06   2.50304138330826e+01
   1.02245913000000e+08   1.14921920157940e-06   2.49423443899722e+01
   1.02645916000000e+08   4.36801383330021e-06   2.50424233025953e+01
   1.03045918000000e+08   1.32368370486802e-06   2.50304138330826e+01
   1.03445921000000e+08   1.67194241385005e-06   2.49743696420159e+01
   1.03845924000000e+08   6.48875982278696e-07   2.49623601725000e+01
   1.04245926000000e+08   2.53064922617341e-06   2.50504296156035e+01
   1.04645929000000e+08   3.29585327563109e-06   2.50544327721075e+01
   1.05045931000000e+08   1.15744819595420e-06   2.50864580241371e+01
   1.48650241000000e+08   4.61725005879998e-03   2.50144012070648e+01
   1.49050244000000e+08   3.20956542054773e-06   2.50103980505602e+01
   1.49450246000000e+08  -1.31438127937145e-07   2.50224075200738e+01
   1.49850249000000e+08   2.36742380366195e-06   2.50544327721075e+01
   1.50250252000000e+08   4.35812665955382e-07   2.50103980505602e+01
   1.50650254000000e+08   1.61718082836160e-06   2.49703664855106e+01
   1.51050257000000e+08   2.75639104074799e-06   2.50103980505602e+01
   1.51450259000000e+08   2.28329128049154e-07   2.49743696420159e+01
   1.51850262000000e+08   2.31332569455844e-06   2.50544327721075e+01
   1.52250265000000e+08   7.97116740614001e-07   2.49463475464779e+01
   1.52650267000000e+08   2.12195004678506e-06   2.50704453981228e+01
   1.53050270000000e+08   2.84024758911983e-06   2.50784517111300e+01
   1.53450272000000e+08   1.90736443528294e-07   2.50704453981228e+01
   1.53850275000000e+08   2.74432090918708e-06   2.49583570159945e+01
   1.54250278000000e+08   1.28028011658898e-06   2.51064738066536e+01
   1.54650280000000e+08   2.30081718655128e-06   2.50824548676336e+01
   1.55050283000000e+08   2.74143235401425e-06   2.50584359286114e+01
   1.55450286000000e+08   2.15447698792559e-07   2.50264106765782e+01
   1.55850288000000e+08   2.80875542557624e-06   2.49903822680362e+01
   1.56250291000000e+08   1.06805862287729e-06   2.49983885810460e+01
   1.56650293000000e+08   2.34403159993235e-06   2.50304138330826e+01
   1.57050296000000e+08   2.27813347919437e-06   2.51024706501504e+01
   1.57450299000000e+08   4.58002688219494e-07   2.49863791115312e+01
   1.57850301000000e+08   2.78803145192796e-06   2.50504296156035e+01
   1.58250304000000e+08   1.00918327916588e-06   2.50704453981228e+01
   1.93160615000000e+08  -2.04563653096557e-03   2.50023917375508e+01
   1.93560618000000e+08   1.33074308905634e-06   2.49383412334665e+01
   1.93960621000000e+08   4.31093621955370e-06   2.49863791115312e+01
   1.94360623000000e+08   1.53592714013939e-06   2.50384201460911e+01
   1.94760626000000e+08   4.44358590812044e-07   2.49983885810460e+01
   1.95160628000000e+08   5.34363721271802e-07   2.50384201460911e+01
   1.95560631000000e+08   2.18229183701624e-06   2.49983885810460e+01
   1.95960634000000e+08   4.24202971771592e-06   2.50063948940555e+01
   1.96360636000000e+08   1.21459800084267e-06   2.51665211541937e+01
   1.96760639000000e+08   7.03303214777407e-07   2.50304138330826e+01
   1.97160641000000e+08   9.59572616920923e-07   2.51545116846868e+01
   1.97560644000000e+08   2.11653923543054e-06   2.51384990586767e+01
   1.97960647000000e+08   3.63105482392712e-06   2.50344169895869e+01
   1.98360649000000e+08   8.33466685890016e-07   2.51665211541937e+01
   1.98760652000000e+08   4.36085429100785e-07   2.50504296156035e+01
   1.99160654000000e+08   1.14672263862303e-06   2.50264106765782e+01
   1.99560657000000e+08   2.89166518996353e-06   2.50224075200738e+01
   1.99960660000000e+08   3.88838543585734e-06   2.50824548676336e+01
   2.00360662000000e+08   7.77141451635543e-07   2.49823759550261e+01
   2.00760665000000e+08   8.96373137493356e-07   2.50784517111300e+01
   2.01160667000000e+08   1.88136652923276e-06   2.50264106765782e+01
   2.01560670000000e+08   2.62483445112593e-06   2.50984674936472e+01
   2.01960673000000e+08   3.02333410218125e-06   2.50464264590994e+01
   2.02360675000000e+08   3.05243219145268e-07   2.50464264590994e+01
   2.02760678000000e+08   1.07895914425171e-06   2.50384201460911e+01
