   4.00002000000000e+05   1.78526295258052e-06   2.50624390851152e+01
   8.00005000000000e+05   1.96543783204106e-06   2.50944643371439e+01
   1.20000800000000e+06   1.71310705354699e-06   2.51024706501504e+01
   1.60001000000000e+06   1.75994637174881e-06   2.50384201460911e+01
   2.00001300000000e+06   1.69998747878708e-06   2.50624390851152e+01
   2.40001500000000e+06   1.61269724685553e-06   2.50023917375508e+01
   2.80001800000000e+06   1.83964584721252e-06   2.49743696420159e+01
   3.20002100000000e+06   1.69923157500307e-06   2.49983885810460e+01
   3.60002300000000e+06   1.67696236985648e-06   2.50704453981228e+01
   4.00002600000000e+06   1.81737073035038e-06   2.49943854245411e+01
   4.40002800000000e+06   1.64746757036482e-06   2.50344169895869e+01
   4.80003100000000e+06   1.80802192062401e-06   2.49063159814183e+01
   5.20003300000000e+06   1.78085690549779e-06   2.49663633290053e+01
   5.60003600000000e+06   1.89709226106061e-06   2.50544327721075e+01
   6.00003900000000e+06   2.03574700208264e-06   2.50184043635693e+01
   6.40004100000000e+06   1.78557957042358e-06   2.50704453981228e+01
   6.80004400000000e+06   1.99943201550923e-06   2.50624390851152e+01
   7.20004600000000e+06   1.96038945432520e-06   2.49743696420159e+01
   7.60004900000000e+06   1.94846847989538e-06   2.50264106765782e+01
   8.00005200000000e+06   2.01508896680025e-06   2.50504296156035e+01
   8.40005400000000e+06   1.84807902314787e-06   2.50224075200738e+01
   8.80005700000000e+06   2.03909166884841e-06   2.49823759550261e+01
   9.20005900000000e+06   1.74141837305797e-06   2.50984674936472e+01
   9.60006200000000e+06   1.69044562881027e-06   2.50224075200738e+01
   4.21207740000000e+07   1.42925258842297e-04   2.46220918693140e+01
   4.25207760000000e+07   1.43885142733780e-06   2.44739750783726e+01
   4.29207790000000e+07   1.69740678757080e-06   2.50544327721075e+01
   4.33207820000000e+07   1.83105055384658e-06   2.47782149731853e+01
   4.37207840000000e+07   1.53555345150380e-06   2.51945432497076e+01
   4.41207870000000e+07   1.83608403858670e-06   2.52746063797306e+01
   4.45207890000000e+07   1.66890686159604e-06   2.55668368041045e+01
   4.49207920000000e+07   1.75294417203986e-06   2.52465842842254e+01
   4.53207950000000e+07   1.88921865174052e-06   2.49983885810460e+01
   4.57207970000000e+07   1.64785217293684e-06   2.55187989261478e+01
   4.61208000000000e+07   2.07047378353309e-06   2.48983096684056e+01
   4.65208020000000e+07   1.73223145338852e-06   2.52265685017198e+01
   4.69208050000000e+07   1.77675565282698e-06   2.52065527192126e+01
   4.73208080000000e+07   1.88691308267153e-06   2.54227231702078e+01
   4.77208100000000e+07   1.59354340212303e-06   2.48742907293661e+01
   4.81208130000000e+07   1.94683866538981e-06   2.50264106765782e+01
   4.85208150000000e+07   1.57249030507955e-06   2.55308083956378e+01
   4.89208180000000e+07   1.91815320249589e-06   2.51024706501504e+01
   4.93208200000000e+07   1.95256643564790e-06   2.48342591642952e+01
   4.97208230000000e+07   1.83360862138215e-06   2.45660476781572e+01
   5.01208260000000e+07   2.08787878364092e-06   2.49863791115312e+01
   5.05208280000000e+07   1.82463782039122e-06   2.51064738066536e+01
   5.09208310000000e+07   1.96177484212967e-06   2.53386568837311e+01
   5.13208330000000e+07   2.10137409339950e-06   2.47862212862018e+01
   5.17208360000000e+07   1.85354895165801e-06   2.50984674936472e+01
   9.54008590000000e+07   2.09750287467614e-04   2.50784517111300e+01
   9.58008620000000e+07   1.69571819697012e-06   2.47782149731853e+01
   9.62008640000000e+07   1.73924240698398e-06   2.49863791115312e+01
   9.66008670000000e+07   1.62730009378720e-06   2.50864580241371e+01
   9.70008700000000e+07   1.85096621407865e-06   2.51184832761627e+01
   9.74008720000000e+07   1.62533092407102e-06   2.49703664855106e+01
   9.78008750000000e+07   1.47675120842905e-06   2.50184043635693e+01
   9.82008770000000e+07   1.74545812114957e-06   2.50784517111300e+01
   9.86008800000000e+07   1.61559648859111e-06   2.50063948940555e+01
   9.90008820000000e+07   1.78570678599499e-06   2.48622812598455e+01
   9.94008850000000e+07   1.53106202560593e-06   2.49903822680362e+01
   9.98008880000000e+07   1.74396507190977e-06   2.49703664855106e+01
   1.00200890000000e+08   1.94861786440015e-06   2.49543538594890e+01
   1.00600893000000e+08   1.48060382798576e-06   2.48702875728593e+01
   1.01000895000000e+08   1.83783902230061e-06   2.51585148411891e+01
   1.01400898000000e+08   1.73906732925388e-06   2.49463475464779e+01
   1.01800901000000e+08   1.86382408173813e-06   2.49583570159945e+01
   1.02200903000000e+08   1.64258597123990e-06   2.51625179976914e+01
   1.02600906000000e+08   1.67966311437340e-06   2.50224075200738e+01
   1.03000908000000e+08   1.87400735285337e-06   2.49503507029835e+01
   1.03400911000000e+08   1.79317828497005e-06   2.50944643371439e+01
   1.03800914000000e+08   1.53923554080393e-06   2.49383412334665e+01
   1.04200916000000e+08   1.77319145677757e-06   2.50744485546264e+01
   1.04600919000000e+08   1.70954785971844e-06   2.47261739385723e+01
   1.05000921000000e+08   1.87927230399509e-06   2.50624390851152e+01
   1.48316403000000e+08   1.92075167433359e-04   2.48782938858728e+01
   1.48716405000000e+08   1.74470972069685e-06   2.48222496947727e+01
   1.49116408000000e+08   1.60801232595986e-06   2.46140855562924e+01
   1.49516411000000e+08   2.04081334231887e-06   2.50264106765782e+01
   1.49916413000000e+08   1.69760221524484e-06   2.49223286074429e+01
   1.50316416000000e+08   1.76225682935183e-06   2.51665211541937e+01
   1.50716418000000e+08   1.89042839338072e-06   2.50424233025953e+01
   1.51116421000000e+08   1.67872246947809e-06   2.51945432497076e+01
   1.51516424000000e+08   1.84141867975995e-06   2.50264106765782e+01
   1.51916426000000e+08   1.64566336025018e-06   2.50384201460911e+01
   1.52316429000000e+08   1.76619516878418e-06   2.48542749468314e+01
   1.52716431000000e+08   1.82848657459544e-06   2.52385779712233e+01
   1.53116434000000e+08   1.58650198045507e-06   2.50984674936472e+01
   1.53516436000000e+08   1.75405978097842e-06   2.48542749468314e+01
   1.53916439000000e+08   1.66130848811008e-06   2.49903822680362e+01
   1.54316442000000e+08   1.65643325544806e-06   2.50184043635693e+01
   1.54716444000000e+08   1.73532578173763e-06   2.53546695097288e+01
   1.55116447000000e+08   1.60817216965370e-06   2.49623601725000e+01
   1.55516449000000e+08   1.75483228304074e-06   2.52545905972272e+01
   1.55916452000000e+08   1.64060645602149e-06   2.48782938858728e+01
   1.56316455000000e+08   1.69197539889865e-06   2.41216973049712e+01
   1.56716457000000e+08   1.70505211372074e-06   2.50344169895869e+01
   1.57116460000000e+08   1.57631961883453e-06   2.51905400932058e+01
   1.57516462000000e+08   1.75254547229997e-06   2.46180887128033e+01
   1.57916465000000e+08   1.65447977451549e-06   2.50063948940555e+01
   1.93142073000000e+08   1.65687699336559e-04   2.48582781033385e+01
   1.93542075000000e+08   1.83223551175615e-06   2.51304927456713e+01
   1.93942078000000e+08   1.72049135471752e-06   2.50464264590994e+01
   1.94342080000000e+08   1.63124423124827e-06   2.49503507029835e+01
   1.94742083000000e+08   1.97711051441729e-06   2.47421865646082e+01
   1.95142086000000e+08   1.47556590945896e-06   2.49823759550261e+01
   1.95542088000000e+08   1.94176436707494e-06   2.48262528512803e+01
   1.95942091000000e+08   1.75701927673799e-06   2.50944643371439e+01
   1.96342093000000e+08   1.70328144122323e-06   2.50944643371439e+01
   1.96742096000000e+08   1.97714552996331e-06   2.51465053716819e+01
   1.97142098000000e+08   1.63187132784515e-06   2.48702875728593e+01
   1.97542101000000e+08   2.11190422305663e-06   2.51785306237000e+01
   1.97942104000000e+08   1.80802192062401e-06   2.49623601725000e+01
   1.98342106000000e+08   1.81701238943788e-06   2.50304138330826e+01
   1.98742109000000e+08   2.08688288694248e-06   2.48262528512803e+01
   1.99142111000000e+08   1.71956367012172e-06   2.52666000667294e+01
   1.99542114000000e+08   2.11113069781277e-06   2.51545116846868e+01
   1.99942117000000e+08   1.88202534445736e-06   2.51304927456713e+01
   2.00342119000000e+08   1.88535159395542e-06   2.51665211541937e+01
   2.00742122000000e+08   2.12537997867912e-06   2.50704453981228e+01
   2.01142124000000e+08   1.53145310832770e-06   2.49343380769607e+01
   2.01542127000000e+08   2.08454366656952e-06   2.50864580241371e+01
   2.01942130000000e+08   1.56464909650822e-06   2.50344169895869e+01
   2.02342132000000e+08   1.83179110990750e-06   2.48782938858728e+01
   2.02742135000000e+08   1.87402019946603e-06   2.50544327721075e+01
