   4.00002000000000e+05   1.56041915033711e-06   2.50344169895869e+01
   8.00005000000000e+05   1.36422136165493e-06   2.50904611806405e+01
   1.20000700000000e+06   1.75583204509167e-06   2.50344169895869e+01
   1.60001000000000e+06   2.07990433409577e-06   2.50504296156035e+01
   2.00001300000000e+06   1.97991471395653e-06   2.50584359286114e+01
   2.40001500000000e+06   2.25372195927775e-06   2.50824548676336e+01
   2.80001800000000e+06   2.06020263249229e-06   2.50063948940555e+01
   3.20002000000000e+06   2.10524831345538e-06   2.50264106765782e+01
   3.60002300000000e+06   1.78829418473470e-06   2.51184832761627e+01
   4.00002600000000e+06   1.67325208622060e-06   2.50344169895869e+01
   4.40002800000000e+06   1.88495141628664e-06   2.50424233025953e+01
   4.80003100000000e+06   1.64157620474725e-06   2.50784517111300e+01
   5.20003300000000e+06   1.94862764146819e-06   2.50504296156035e+01
   5.60003600000000e+06   2.18028435483575e-06   2.50264106765782e+01
   6.00003900000000e+06   2.11488850254682e-06   2.50624390851152e+01
   6.40004100000000e+06   2.35627203437616e-06   2.50224075200738e+01
   6.80004400000000e+06   2.06429785976070e-06   2.50504296156035e+01
   7.20004600000000e+06   2.23185247705260e-06   2.50224075200738e+01
   7.60004900000000e+06   1.98555949282309e-06   2.50464264590994e+01
   8.00005200000000e+06   1.89709260212112e-06   2.50264106765782e+01
   8.40005400000000e+06   2.10097709896218e-06   2.51064738066536e+01
   8.80005700000000e+06   1.89826573659957e-06   2.49743696420159e+01
   9.20005900000000e+06   1.97577787730552e-06   2.50184043635693e+01
   9.60006200000000e+06   2.24845075535995e-06   2.50304138330826e+01
   4.24002380000000e+07   1.40362812089734e-04   2.49703664855106e+01
   4.28002400000000e+07   2.27762120630359e-06   2.49663633290053e+01
   4.32002430000000e+07   2.31546687246009e-06   2.49903822680362e+01
   4.36002460000000e+07   1.94513722817646e-06   2.50144012070648e+01
   4.40002480000000e+07   2.09043355425820e-06   2.50144012070648e+01
   4.44002510000000e+07   1.86780141575582e-06   2.50624390851152e+01
   4.48002530000000e+07   1.94845620171691e-06   2.50624390851152e+01
   4.52002560000000e+07   2.17483034248289e-06   2.50704453981228e+01
   4.56002590000000e+07   2.00939234673569e-06   2.50824548676336e+01
   4.60002610000000e+07   2.13576845453645e-06   2.51304927456713e+01
   4.64002640000000e+07   2.23517395170347e-06   2.51184832761627e+01
   4.68002670000000e+07   2.02330352294666e-06   2.50023917375508e+01
   4.72002690000000e+07   2.00215617951471e-06   2.51304927456713e+01
   4.76002720000000e+07   1.25365920666809e-06   2.50184043635693e+01
   4.80002740000000e+07   1.41615100801573e-06   2.51505085281844e+01
   4.84002770000000e+07   1.23802658436034e-06   2.50704453981228e+01
   4.88002800000000e+07   1.26595227811777e-06   2.50304138330826e+01
   4.92002820000000e+07   1.40522024594247e-06   2.50664422416190e+01
   4.96002850000000e+07   1.53805399349949e-06   2.49383412334665e+01
   5.00002870000000e+07   1.60386480274610e-06   2.50864580241371e+01
   5.04002900000000e+07   1.53669532210188e-06   2.50784517111300e+01
   5.08002930000000e+07   1.51167262174567e-06   2.49903822680362e+01
   5.12002950000000e+07   1.67283985774702e-06   2.49623601725000e+01
   5.16002980000000e+07   1.61482046223682e-06   2.49703664855106e+01
   5.20003000000000e+07   1.66655036082375e-06   2.51144801196597e+01
   9.57719130000000e+07   2.27600045036525e-04   2.50704453981228e+01
   9.61719160000000e+07   1.82464236786473e-06   2.49943854245411e+01
   9.65719180000000e+07   1.95858160623175e-06   2.50784517111300e+01
   9.69719210000000e+07   1.67420535035490e-06   2.50023917375508e+01
   9.73719240000000e+07   1.81813254584995e-06   2.49383412334665e+01
   9.77719260000000e+07   1.61227376338502e-06   2.49903822680362e+01
   9.81719290000000e+07   1.46344405038690e-06   2.50584359286114e+01
   9.85719310000000e+07   1.58315128828690e-06   2.50464264590994e+01
   9.89719340000000e+07   1.53122277879447e-06   2.51264895891685e+01
   9.93719370000000e+07   1.43722718348727e-06   2.50184043635693e+01
   9.97719390000000e+07   1.15715727133647e-06   2.49943854245411e+01
   1.00171942000000e+08   1.13008809421444e-06   2.50184043635693e+01
   1.00571944000000e+08   1.41202224313020e-06   2.50904611806405e+01
   1.00971947000000e+08   1.11613269382360e-06   2.50464264590994e+01
   1.01371950000000e+08   1.39876397042826e-06   2.50464264590994e+01
   1.01771952000000e+08   1.75466652763134e-06   2.50624390851152e+01
   1.02171955000000e+08   1.53066525854229e-06   2.50384201460911e+01
   1.02571958000000e+08   1.63550134857360e-06   2.49423443899722e+01
   1.02971960000000e+08   1.52183952195628e-06   2.50464264590994e+01
   1.03371963000000e+08   1.70251996678417e-06   2.50944643371439e+01
   1.03771965000000e+08   1.84800865099533e-06   2.50744485546264e+01
   1.04171968000000e+08   1.41657346830470e-06   2.50464264590994e+01
   1.04571971000000e+08   1.84625355359458e-06   2.51144801196597e+01
   1.04971973000000e+08   1.61425907663215e-06   2.50544327721075e+01
   1.05371976000000e+08   1.15437501335691e-06   2.49103191379245e+01
   1.48911566000000e+08   1.81475130375475e-04   2.50704453981228e+01
   1.49311569000000e+08   1.33725404793950e-06   2.49303349204548e+01
   1.49711571000000e+08   1.14619115265668e-06   2.50584359286114e+01
   1.50111574000000e+08   7.22366223726567e-07   2.49943854245411e+01
   1.50511576000000e+08   1.00981139894429e-06   2.50464264590994e+01
   1.50911579000000e+08   8.91308616246533e-07   2.49623601725000e+01
   1.51311582000000e+08   5.56453244371369e-07   2.50304138330826e+01
   1.51711584000000e+08   5.61147544431151e-07   2.49583570159945e+01
   1.52111587000000e+08   3.03162181580774e-07   2.50304138330826e+01
   1.52511589000000e+08   5.84806514325464e-07   2.50304138330826e+01
   1.52911592000000e+08   3.87518582556368e-07   2.50664422416190e+01
   1.53311595000000e+08   1.13483486074983e-06   2.51064738066536e+01
   1.53711597000000e+08   2.01733382709790e-06   2.51104769631567e+01
   1.54111600000000e+08   1.77246283783461e-06   2.50023917375508e+01
   1.54511602000000e+08   1.92849438462872e-06   2.50984674936472e+01
   1.54911605000000e+08   1.89824083918211e-06   2.50864580241371e+01
   1.55311608000000e+08   1.89042532383610e-06   2.51465053716819e+01
   1.55711610000000e+08   2.25508028961485e-06   2.51465053716819e+01
   1.56111613000000e+08   1.81114921815606e-06   2.49943854245411e+01
   1.56511615000000e+08   2.26971337724535e-06   2.50664422416190e+01
   1.56911618000000e+08   1.98988004740386e-06   2.49583570159945e+01
   1.57311621000000e+08   2.11855649467907e-06   2.50103980505602e+01
   1.57711623000000e+08   2.24219752453791e-06   2.50504296156035e+01
   1.58111626000000e+08   2.09906056625186e-06   2.49943854245411e+01
   1.58511628000000e+08   2.21154664359346e-06   2.49423443899722e+01
   1.93454137000000e+08   1.78312810021453e-04   2.50584359286114e+01
   1.93854140000000e+08   1.65916264904808e-06   2.51024706501504e+01
   1.94254143000000e+08   1.77501215148368e-06   2.50704453981228e+01
   1.94654145000000e+08   1.65409073815681e-06   2.50984674936472e+01
   1.95054148000000e+08   1.73618548160448e-06   2.51104769631567e+01
   1.95454150000000e+08   1.68964231761493e-06   2.50584359286114e+01
   1.95854153000000e+08   1.59046567205223e-06   2.50864580241371e+01
   1.96254156000000e+08   1.77614651875047e-06   2.51425022151793e+01
   1.96654158000000e+08   1.60077991040453e-06   2.49223286074429e+01
   1.97054161000000e+08   1.67481528023927e-06   2.49943854245411e+01
   1.97454163000000e+08   1.70099121987732e-06   2.50424233025953e+01
   1.97854166000000e+08   1.64006030445307e-06   2.49983885810460e+01
   1.98254169000000e+08   1.66110385180218e-06   2.49903822680362e+01
   1.98654171000000e+08   1.64024584137223e-06   2.50904611806405e+01
   1.99054174000000e+08   1.66893710229488e-06   2.49823759550261e+01
   1.99454176000000e+08   1.73926332536212e-06   2.50544327721075e+01
   1.99854179000000e+08   1.51462836583960e-06   2.50304138330826e+01
   2.00254182000000e+08   1.70332737070567e-06   2.50103980505602e+01
   2.00654184000000e+08   1.59005014666036e-06   2.50264106765782e+01
   2.01054187000000e+08   1.70296345913812e-06   2.49663633290053e+01
   2.01454189000000e+08   1.85817145847977e-06   2.50264106765782e+01
   2.01854192000000e+08   1.74709998645994e-06   2.50344169895869e+01
   2.02254195000000e+08   2.06546633307880e-06   2.50023917375508e+01
   2.02654197000000e+08   1.74924605289561e-06   2.50304138330826e+01
   2.03054200000000e+08   1.95100210476085e-06   2.51024706501504e+01
