   4.00003000000000e+05   1.80440031272155e-06   2.50264106765782e+01
   8.00005000000000e+05   1.95958273252472e-06   2.50704453981228e+01
   1.20000800000000e+06   1.91329968401988e-06   2.48422654773099e+01
   1.60001100000000e+06   1.90352636764146e-06   2.49983885810460e+01
   2.00001300000000e+06   1.87284547337185e-06   2.51184832761627e+01
   2.40001600000000e+06   1.95939196601103e-06   2.49143222944307e+01
   2.80001800000000e+06   1.96349014913721e-06   2.51945432497076e+01
   3.20002100000000e+06   1.90255957477348e-06   2.48983096684056e+01
   3.60002300000000e+06   1.90665116406308e-06   2.51665211541937e+01
   4.00002600000000e+06   1.99924420485331e-06   2.53466631967301e+01
   4.40002900000000e+06   1.94690346688731e-06   2.49743696420159e+01
   4.80003100000000e+06   1.87247144367575e-06   2.52065527192126e+01
   5.20003400000000e+06   1.92795778275467e-06   2.48542749468314e+01
   5.60003700000000e+06   1.96644441530225e-06   2.50984674936472e+01
   6.00003900000000e+06   1.88692354186060e-06   2.49343380769607e+01
   6.40004200000000e+06   1.66581799021515e-06   2.51184832761627e+01
   6.80004400000000e+06   1.75215268427564e-06   2.50384201460911e+01
   7.20004700000000e+06   1.59940600497066e-06   2.50664422416190e+01
   7.60005000000000e+06   1.62870048825425e-06   2.50584359286114e+01
   8.00005200000000e+06   1.62402670866868e-06   2.53106347882328e+01
   8.40005500000000e+06   1.78537004558166e-06   2.50384201460911e+01
   8.80005700000000e+06   1.70603811966430e-06   2.51264895891685e+01
   9.20006000000000e+06   1.66387064837181e-06   2.47181676255539e+01
   9.60006300000000e+06   1.81114660335879e-06   2.52185621887171e+01
   4.26993150000000e+07   1.52887776494026e-04   2.50504296156035e+01
   4.30993170000000e+07   1.93496362044243e-06   2.51224864326656e+01
   4.34993200000000e+07   1.74161300492415e-06   2.51264895891685e+01
   4.38993230000000e+07   1.76507251126168e-06   2.49983885810460e+01
   4.42993250000000e+07   1.95137704395165e-06   2.50664422416190e+01
   4.46993280000000e+07   1.87091916359350e-06   2.50544327721075e+01
   4.50993310000000e+07   2.04865705200064e-06   2.49983885810460e+01
   4.54993330000000e+07   1.88813385193498e-06   2.50344169895869e+01
   4.58993360000000e+07   1.95000006897317e-06   2.50944643371439e+01
   4.62993380000000e+07   2.10645566767198e-06   2.49463475464779e+01
   4.66993410000000e+07   1.94513768292381e-06   2.50384201460911e+01
   4.70993440000000e+07   2.21935169975040e-06   2.50864580241371e+01
   4.74993460000000e+07   1.94808853848372e-06   2.50144012070648e+01
   4.78993490000000e+07   2.14870442505344e-06   2.50304138330826e+01
   4.82993510000000e+07   1.90879222827789e-06   2.50023917375508e+01
   4.86993540000000e+07   1.71739054621867e-06   2.50824548676336e+01
   4.90993570000000e+07   1.77871197593049e-06   2.51064738066536e+01
   4.94993590000000e+07   1.61115212904406e-06   2.50944643371439e+01
   4.98993620000000e+07   1.73340754372475e-06   2.50664422416190e+01
   5.02993640000000e+07   1.86345960173639e-06   2.51745274671980e+01
   5.06993670000000e+07   1.68769031461125e-06   2.51144801196597e+01
   5.10993700000000e+07   1.98204497792176e-06   2.49223286074429e+01
   5.14993720000000e+07   1.72601130543626e-06   2.50824548676336e+01
   5.18993750000000e+07   1.90684727385815e-06   2.50504296156035e+01
   5.22993770000000e+07   1.91094682122639e-06   2.50824548676336e+01
   9.66132190000000e+07   1.94550186279230e-04   2.52986253187327e+01
   9.70132210000000e+07   1.68183885307371e-06   2.51304927456713e+01
   9.74132240000000e+07   1.97598888007633e-06   2.56909346554517e+01
   9.78132270000000e+07   1.72594673131243e-06   2.50224075200738e+01
   9.82132290000000e+07   1.87481816738000e-06   2.49023128249120e+01
   9.86132320000000e+07   1.86423392278812e-06   2.49263317639489e+01
   9.90132340000000e+07   1.84493717370060e-06   2.49263317639489e+01
   9.94132370000000e+07   1.89434103958774e-06   2.48702875728593e+01
   9.98132400000000e+07   1.88457511285378e-06   2.49943854245411e+01
   1.00213242000000e+08   1.79159621893632e-06   2.47862212862018e+01
   1.00613245000000e+08   1.86384636435832e-06   2.50824548676336e+01
   1.01013247000000e+08   1.64763696375303e-06   2.51865369367039e+01
   1.01413250000000e+08   1.91833601093094e-06   2.48983096684056e+01
   1.01813253000000e+08   1.61484422278591e-06   2.52986253187327e+01
   1.02213255000000e+08   1.76851983724191e-06   2.51344959021740e+01
   1.02613258000000e+08   1.54743486291409e-06   2.50384201460911e+01
   1.03013260000000e+08   1.49604295529571e-06   2.49743696420159e+01
   1.03413263000000e+08   1.64727600804326e-06   2.50464264590994e+01
   1.03813266000000e+08   1.47358525737218e-06   2.50944643371439e+01
   1.04213268000000e+08   1.63158199484315e-06   2.48822970423795e+01
   1.04613271000000e+08   1.69449697295931e-06   2.46701297474385e+01
   1.05013273000000e+08   1.62483092935872e-06   2.49743696420159e+01
   1.05413276000000e+08   1.84318480478396e-06   2.49983885810460e+01
   1.05813279000000e+08   1.56819930907659e-06   2.50304138330826e+01
   1.06213281000000e+08   1.85232363492105e-06   2.52666000667294e+01
   1.50649825000000e+08   2.08775061764754e-04   2.46501139648878e+01
   1.51049827000000e+08   2.03962667910673e-06   2.53987042312172e+01
   1.51449830000000e+08   1.70452278780431e-06   2.50144012070648e+01
   1.51849833000000e+08   2.16091507354577e-06   2.50544327721075e+01
   1.52249835000000e+08   1.69705037933454e-06   2.51865369367039e+01
   1.52649838000000e+08   2.04317620955408e-06   2.47622023471517e+01
   1.53049840000000e+08   1.97245685740199e-06   2.54347326397022e+01
   1.53449843000000e+08   1.84005557457567e-06   2.49543538594890e+01
   1.53849846000000e+08   2.08026995096589e-06   2.48983096684056e+01
   1.54249848000000e+08   1.91665094462223e-06   2.43859056350688e+01
   1.54649851000000e+08   1.91621529666008e-06   2.51264895891685e+01
   1.55049853000000e+08   2.09004929274670e-06   2.51985464062093e+01
   1.55449856000000e+08   1.81056032033666e-06   2.48662844163524e+01
   1.55849859000000e+08   2.30254318012157e-06   2.47101613125353e+01
   1.56249861000000e+08   1.64925484114065e-06   2.50824548676336e+01
   1.56649864000000e+08   1.85098804195150e-06   2.48262528512803e+01
   1.57049866000000e+08   1.80755421297363e-06   2.47982307557260e+01
   1.57449869000000e+08   1.65800531704008e-06   2.48542749468314e+01
   1.57849872000000e+08   1.91440676644561e-06   2.49903822680362e+01
   1.58249874000000e+08   1.66502979936922e-06   2.52345748147222e+01
   1.58649877000000e+08   1.76856201505871e-06   2.49023128249120e+01
   1.59049879000000e+08   1.89976219644450e-06   2.50344169895869e+01
   1.59449882000000e+08   1.53435826177883e-06   2.47742118166770e+01
   1.59849885000000e+08   2.09859831556969e-06   2.50464264590994e+01
   1.60249887000000e+08   1.48692106449744e-06   2.50744485546264e+01
   1.95668117000000e+08   1.58000140800141e-04   2.50744485546264e+01
   1.96068119000000e+08   1.93619212041085e-06   2.46821392169682e+01
   1.96468122000000e+08   2.05084643312148e-06   2.50063948940555e+01
   1.96868124000000e+08   2.00689260054787e-06   2.50424233025953e+01
   1.97268127000000e+08   1.85140743269585e-06   2.49703664855106e+01
   1.97668130000000e+08   2.11776705327793e-06   2.49463475464779e+01
   1.98068132000000e+08   1.88086539765209e-06   2.50144012070648e+01
   1.98468135000000e+08   1.99023111235874e-06   2.50904611806405e+01
   1.98868137000000e+08   2.05923811336106e-06   2.48182465382651e+01
   1.99268140000000e+08   1.88225862984837e-06   2.48903033553927e+01
   1.99668143000000e+08   2.09649829230329e-06   2.50063948940555e+01
   2.00068145000000e+08   1.83771794581844e-06   2.51024706501504e+01
   2.00468148000000e+08   2.12287363865471e-06   2.50384201460911e+01
   2.00868150000000e+08   2.01387638298911e-06   2.52625969102287e+01
   2.01268153000000e+08   1.99517558030493e-06   2.50824548676336e+01
   2.01668156000000e+08   2.15177442441927e-06   2.50944643371439e+01
   2.02068158000000e+08   1.93186860997230e-06   2.50304138330826e+01
   2.02468161000000e+08   1.85528676865943e-06   2.51985464062093e+01
   2.02868163000000e+08   1.71876831700501e-06   2.48983096684056e+01
   2.03268166000000e+08   1.70331384197198e-06   2.49783727985210e+01
   2.03668169000000e+08   1.86796694379154e-06   2.51465053716819e+01
   2.04068171000000e+08   1.58731154442648e-06   2.50384201460911e+01
   2.04468174000000e+08   1.87908131010772e-06   2.50984674936472e+01
   2.04868176000000e+08   1.72167790424282e-06   2.49743696420159e+01
   2.05268179000000e+08   1.73632543010172e-06   2.50224075200738e+01
