   4.00002000000000e+05   1.88524609257001e-06   2.49823759550261e+01
   8.00005000000000e+05   2.10702523872897e-06   2.50504296156035e+01
   1.20000800000000e+06   1.94121912500123e-06   2.50664422416190e+01
   1.60001000000000e+06   1.82790461167315e-06   2.50023917375508e+01
   2.00001300000000e+06   1.68808003309096e-06   2.50063948940555e+01
   2.40001500000000e+06   1.69235545399715e-06   2.50264106765782e+01
   2.80001800000000e+06   1.82535859494237e-06   2.49383412334665e+01
   3.20002100000000e+06   1.57595161454083e-06   2.50624390851152e+01
   3.60002300000000e+06   1.46953880175715e-06   2.50264106765782e+01
   4.00002600000000e+06   1.58335387823172e-06   2.50504296156035e+01
   4.40002800000000e+06   1.52828386035253e-06   2.50224075200738e+01
   4.80003100000000e+06   1.49077141031739e-06   2.50384201460911e+01
   5.20003400000000e+06   1.46127649713890e-06   2.50624390851152e+01
   5.60003600000000e+06   1.70837665791623e-06   2.50224075200738e+01
   6.00003900000000e+06   1.53609005337785e-06   2.50264106765782e+01
   6.40004100000000e+06   1.43370903060713e-06   2.50384201460911e+01
   6.80004400000000e+06   1.62747505783045e-06   2.50504296156035e+01
   7.20004700000000e+06   1.48512538089562e-06   2.50584359286114e+01
   7.60004900000000e+06   1.46889522056881e-06   2.50904611806405e+01
   8.00005200000000e+06   1.45719400279631e-06   2.50544327721075e+01
   8.40005400000000e+06   1.57322449467756e-06   2.49503507029835e+01
   8.80005700000000e+06   1.52832262756419e-06   2.49983885810460e+01
   9.20006000000000e+06   1.44200043905585e-06   2.50144012070648e+01
   9.60006200000000e+06   1.54043721067865e-06   2.49583570159945e+01
   4.21905420000000e+07  -2.05407338216901e-03   2.49663633290053e+01
   4.25905440000000e+07   7.94948505244975e-07   2.51465053716819e+01
   4.29905470000000e+07   2.62135336015490e-06   2.50904611806405e+01
   4.33905490000000e+07   1.77966182945966e-06   2.50023917375508e+01
   4.37905520000000e+07   3.38077734340914e-06   2.50904611806405e+01
   4.41905550000000e+07   9.93259803294677e-08   2.50023917375508e+01
   4.45905570000000e+07   1.15493139674072e-06   2.50784517111300e+01
   4.49905600000000e+07   2.88258047476120e-06   2.50944643371439e+01
   4.53905620000000e+07   1.69636348346103e-06   2.50664422416190e+01
   4.57905650000000e+07   2.94437927550462e-06   2.50063948940555e+01
   4.61905680000000e+07   5.41713944812727e-08   2.50504296156035e+01
   4.65905700000000e+07   1.40317001751100e-06   2.50344169895869e+01
   4.69905730000000e+07   2.69651263806736e-06   2.50344169895869e+01
   4.73905750000000e+07   1.53987184603466e-06   2.50384201460911e+01
   4.77905780000000e+07   2.76229116025206e-06   2.50384201460911e+01
   4.81905810000000e+07  -1.16478013012511e-07   2.49823759550261e+01
   4.85905830000000e+07   1.64845812378189e-06   2.50264106765782e+01
   4.89905860000000e+07   2.65363564722065e-06   2.49983885810460e+01
   4.93905880000000e+07   1.71992064679216e-06   2.49863791115312e+01
   4.97905910000000e+07   2.28856538342370e-06   2.49183254509368e+01
   5.01905940000000e+07  -2.78403629039303e-08   2.50624390851152e+01
   5.05905960000000e+07   2.13172893381852e-06   2.49423443899722e+01
   5.09905990000000e+07   2.68713051809755e-06   2.48983096684056e+01
   5.13906010000000e+07   1.66372126386705e-06   2.49663633290053e+01
   5.17906040000000e+07   2.44233342527878e-06   2.49423443899722e+01
   9.55077260000000e+07   4.61297482252121e-03   2.50744485546264e+01
   9.59077280000000e+07   1.72104057583056e-06   2.50584359286114e+01
   9.63077310000000e+07   1.03650154414936e-06   2.50184043635693e+01
   9.67077340000000e+07   3.84206850867486e-06   2.50904611806405e+01
   9.71077360000000e+07   8.76842591424065e-07   2.50224075200738e+01
   9.75077390000000e+07   3.04287300423312e-06   2.50344169895869e+01
   9.79077410000000e+07   1.74602473634877e-06   2.50344169895869e+01
   9.83077440000000e+07   1.36797643790487e-06   2.51064738066536e+01
   9.87077470000000e+07   3.86699457521900e-06   2.50264106765782e+01
   9.91077490000000e+07   1.06445247638476e-06   2.49783727985210e+01
   9.95077520000000e+07   2.86797830995056e-06   2.50624390851152e+01
   9.99077540000000e+07   1.40841291340621e-06   2.51184832761627e+01
   1.00307757000000e+08   1.43216459491669e-06   2.50624390851152e+01
   1.00707760000000e+08   3.45684634339705e-06   2.51304927456713e+01
   1.01107762000000e+08   8.15780481389083e-07   2.50624390851152e+01
   1.01507765000000e+08   2.81580514638335e-06   2.51545116846868e+01
   1.01907767000000e+08   1.55147222358210e-06   2.51224864326656e+01
   1.02307770000000e+08   1.74320439327857e-06   2.50704453981228e+01
   1.02707773000000e+08   3.53044674739067e-06   2.50744485546264e+01
   1.03107775000000e+08   8.11680649803748e-07   2.50304138330826e+01
   1.03507778000000e+08   2.89099875772081e-06   2.51184832761627e+01
   1.03907780000000e+08   1.44310661198688e-06   2.50464264590994e+01
   1.04307783000000e+08   1.88185504157445e-06   2.50424233025953e+01
   1.04707786000000e+08   3.24505163007416e-06   2.50184043635693e+01
   1.05107788000000e+08   7.66170046517800e-07   2.50984674936472e+01
   1.48843465000000e+08  -4.21937461942434e-03   2.50063948940555e+01
   1.49243467000000e+08   1.66557504144293e-06   2.49823759550261e+01
   1.49643470000000e+08   1.75314676198468e-06   2.50624390851152e+01
   1.50043473000000e+08   1.83568204192852e-06   2.49383412334665e+01
   1.50443475000000e+08   1.57381839471782e-06   2.50264106765782e+01
   1.50843478000000e+08   1.53009250425384e-06   2.50184043635693e+01
   1.51243480000000e+08   1.81704592705501e-06   2.50464264590994e+01
   1.51643483000000e+08   2.00589556698105e-06   2.50544327721075e+01
   1.52043486000000e+08   1.79693449808838e-06   2.49943854245411e+01
   1.52443488000000e+08   1.65475239555235e-06   2.49703664855106e+01
   1.52843491000000e+08   1.48978017477930e-06   2.50184043635693e+01
   1.53243493000000e+08   2.11032329389127e-06   2.49823759550261e+01
   1.53643496000000e+08   2.25557346311689e-06   2.50704453981228e+01
   1.54043499000000e+08   2.28068665819592e-06   2.50384201460911e+01
   1.54443501000000e+08   2.00073532141687e-06   2.50023917375508e+01
   1.54843504000000e+08   2.27130999519431e-06   2.49623601725000e+01
   1.55243506000000e+08   2.34067942983529e-06   2.49783727985210e+01
   1.55643509000000e+08   2.40326335188001e-06   2.50023917375508e+01
   1.56043512000000e+08   2.27988789447409e-06   2.50224075200738e+01
   1.56443514000000e+08   2.01592342818913e-06   2.49783727985210e+01
   1.56843517000000e+08   2.12604936677963e-06   2.49023128249120e+01
   1.57243519000000e+08   2.36109144680086e-06   2.50023917375508e+01
   1.57643522000000e+08   2.11754422707600e-06   2.49503507029835e+01
   1.58043525000000e+08   2.09206427825848e-06   2.50704453981228e+01
   1.58443527000000e+08   1.80653262304986e-06   2.50184043635693e+01
   1.93163097000000e+08   2.36579985357821e-03   2.50464264590994e+01
   1.93563100000000e+08   8.08791128292796e-07   2.50144012070648e+01
   1.93963102000000e+08   2.66680876848113e-06   2.50344169895869e+01
   1.94363105000000e+08   4.18113700106915e-07   2.50784517111300e+01
   1.94763108000000e+08   2.18105742533226e-06   2.50544327721075e+01
   1.95163110000000e+08   3.11627627525013e-06   2.51625179976914e+01
   1.95563113000000e+08   5.46451929039904e-07   2.49943854245411e+01
   1.95963115000000e+08   2.43105182562431e-06   2.50784517111300e+01
   1.96363118000000e+08   5.09596759457054e-07   2.50704453981228e+01
   1.96763121000000e+08   2.24106861423934e-06   2.50904611806405e+01
   1.97163123000000e+08   2.66729898612539e-06   2.51184832761627e+01
   1.97563126000000e+08   6.86560554186144e-07   2.50584359286114e+01
   1.97963128000000e+08   2.42780356529693e-06   2.50984674936472e+01
   1.98363131000000e+08   5.24621555086924e-07   2.50023917375508e+01
   1.98763134000000e+08   2.51806773121643e-06   2.50944643371439e+01
   1.99163136000000e+08   2.61139371104946e-06   2.49543538594890e+01
   1.99563139000000e+08   7.26198777556419e-07   2.50384201460911e+01
   1.99963141000000e+08   2.26486258725345e-06   2.49943854245411e+01
   2.00363144000000e+08   7.75408807385247e-07   2.50584359286114e+01
   2.00763147000000e+08   2.59171270045044e-06   2.49543538594890e+01
   2.01163149000000e+08   2.31393823924009e-06   2.49943854245411e+01
   2.01563152000000e+08   7.49986554637871e-07   2.50184043635693e+01
   2.01963154000000e+08   2.49419099418446e-06   2.49783727985210e+01
   2.02363157000000e+08   8.67040796492802e-07   2.50023917375508e+01
   2.02763160000000e+08   2.77545927929168e-06   2.49863791115312e+01
