   4.00002000000000e+05   1.73876526332606e-06   2.49223286074429e+01
   8.00005000000000e+05   2.06933736990322e-06   2.49463475464779e+01
   1.20000800000000e+06   1.88927799626981e-06   2.49823759550261e+01
   1.60001000000000e+06   1.78572963704937e-06   2.50384201460911e+01
   2.00001300000000e+06   1.64940149716131e-06   2.49663633290053e+01
   2.40001500000000e+06   1.51951064708555e-06   2.50744485546264e+01
   2.80001800000000e+06   1.69156601259601e-06   2.50784517111300e+01
   3.20002000000000e+06   1.39863288950437e-06   2.49503507029835e+01
   3.60002300000000e+06   1.68321616911271e-06   2.50063948940555e+01
   4.00002600000000e+06   1.80992924470047e-06   2.49743696420159e+01
   4.40002800000000e+06   1.61346042659716e-06   2.50504296156035e+01
   4.80003100000000e+06   1.87691898645426e-06   2.49743696420159e+01
   5.20003300000000e+06   1.74883825820871e-06   2.50544327721075e+01
   5.60003600000000e+06   1.80337531219266e-06   2.49743696420159e+01
   6.00003900000000e+06   1.84805446679093e-06   2.49423443899722e+01
   6.40004100000000e+06   1.70802036336681e-06   2.50784517111300e+01
   6.80004400000000e+06   2.05937135433487e-06   2.50384201460911e+01
   7.20004600000000e+06   1.78731522737507e-06   2.50063948940555e+01
   7.60004900000000e+06   1.82520307134837e-06   2.50424233025953e+01
   8.00005200000000e+06   1.88907813480910e-06   2.49943854245411e+01
   8.40005400000000e+06   1.66072959473240e-06   2.50424233025953e+01
   8.80005700000000e+06   1.99645819520811e-06   2.50184043635693e+01
   9.20005900000000e+06   1.64552670867124e-06   2.50624390851152e+01
   9.60006200000000e+06   1.90724233561923e-06   2.49143222944307e+01
   4.20813430000000e+07   1.34287663968280e-04   2.51184832761627e+01
   4.24813460000000e+07   1.89964566743583e-06   2.50384201460911e+01
   4.28813480000000e+07   2.04784623747400e-06   2.50384201460911e+01
   4.32813510000000e+07   1.74473063907499e-06   2.50744485546264e+01
   4.36813530000000e+07   2.05996889235394e-06   2.50144012070648e+01
   4.40813560000000e+07   1.90725461379770e-06   2.50063948940555e+01
   4.44813590000000e+07   1.87173463928048e-06   2.50304138330826e+01
   4.48813610000000e+07   1.99142186829704e-06   2.50624390851152e+01
   4.52813640000000e+07   1.83967472366930e-06   2.50864580241371e+01
   4.56813660000000e+07   2.03458216674335e-06   2.50944643371439e+01
   4.60813690000000e+07   2.09320000976732e-06   2.50904611806405e+01
   4.64813720000000e+07   1.98069642465271e-06   2.50144012070648e+01
   4.68813740000000e+07   2.09670679396368e-06   2.50664422416190e+01
   4.72813770000000e+07   1.91490357792645e-06   2.50384201460911e+01
   4.76813790000000e+07   2.07032940124918e-06   2.50864580241371e+01
   4.80813820000000e+07   1.78907657755190e-06   2.50984674936472e+01
   4.84813850000000e+07   1.79650578502333e-06   2.50224075200738e+01
   4.88813870000000e+07   1.96366636373568e-06   2.50504296156035e+01
   4.92813900000000e+07   1.82325391051563e-06   2.50904611806405e+01
   4.96813920000000e+07   1.83886811555567e-06   2.49343380769607e+01
   5.00813950000000e+07   1.78455991317605e-06   2.50664422416190e+01
   5.04813970000000e+07   1.74238084582612e-06   2.50384201460911e+01
   5.08814000000000e+07   1.83906286110869e-06   2.50624390851152e+01
   5.12814030000000e+07   1.57539705014642e-06   2.50864580241371e+01
   5.16814050000000e+07   1.78769164449477e-06   2.49863791115312e+01
   9.50881300000000e+07   2.20400121179409e-04   2.49503507029835e+01
   9.54881330000000e+07   1.60799606874207e-06   2.50023917375508e+01
   9.58881360000000e+07   1.56731016431877e-06   2.46461108083774e+01
   9.62881380000000e+07   2.10449593396334e-06   2.48782938858728e+01
   9.66881410000000e+07   1.41700729727745e-06   2.49903822680362e+01
   9.70881430000000e+07   2.07617927117099e-06   2.51304927456713e+01
   9.74881460000000e+07   1.68527651567274e-06   2.51825337802020e+01
   9.78881490000000e+07   1.84786620138766e-06   2.48422654773099e+01
   9.82881510000000e+07   2.26264774028095e-06   2.54867736741717e+01
   9.86881540000000e+07   1.65335745805351e-06   2.47141644690447e+01
   9.90881560000000e+07   2.24744712795655e-06   2.56709188729803e+01
   9.94881590000000e+07   1.90994137483358e-06   2.48542749468314e+01
   9.98881620000000e+07   1.77324091055198e-06   2.48702875728593e+01
   1.00288164000000e+08   2.08846336136048e-06   2.51425022151793e+01
   1.00688167000000e+08   1.42422572935175e-06   2.45740539911804e+01
   1.01088169000000e+08   2.13432167583960e-06   2.54787673611771e+01
   1.01488172000000e+08   1.60586955644249e-06   2.47822181296936e+01
   1.01888175000000e+08   1.73805165104568e-06   2.56308873080330e+01
   1.02288177000000e+08   1.76268986251671e-06   2.47622023471517e+01
   1.02688180000000e+08   1.39232054152671e-06   2.50904611806405e+01
   1.03088182000000e+08   1.87773889592791e-06   2.49663633290053e+01
   1.03488185000000e+08   1.52374536810385e-06   2.45620445216456e+01
   1.03888188000000e+08   1.70371947660897e-06   2.46100823997815e+01
   1.04288190000000e+08   1.93531741388142e-06   2.49943854245411e+01
   1.04688193000000e+08   1.52813356635306e-06   2.50103980505602e+01
   1.48378479000000e+08   1.73875218024477e-04   2.49863791115312e+01
   1.48778481000000e+08   2.13579392038810e-06   2.50264106765782e+01
   1.49178484000000e+08   2.17563228943618e-06   2.49903822680362e+01
   1.49578486000000e+08   2.03381136998360e-06   2.50704453981228e+01
   1.49978489000000e+08   2.15022237171070e-06   2.50664422416190e+01
   1.50378492000000e+08   1.92406582755211e-06   2.50063948940555e+01
   1.50778494000000e+08   2.26582005780074e-06   2.50624390851152e+01
   1.51178497000000e+08   1.97290933101613e-06   2.49343380769607e+01
   1.51578499000000e+08   2.02479532163125e-06   2.49943854245411e+01
   1.51978502000000e+08   2.04454454433289e-06   2.50704453981228e+01
   1.52378505000000e+08   1.82796486569714e-06   2.50584359286114e+01
   1.52778507000000e+08   2.00449926524016e-06   2.49743696420159e+01
   1.53178510000000e+08   1.88809713108640e-06   2.49943854245411e+01
   1.53578512000000e+08   1.88108731435932e-06   2.49823759550261e+01
   1.53978515000000e+08   2.00742738343251e-06   2.49663633290053e+01
   1.54378518000000e+08   1.56328553657659e-06   2.49663633290053e+01
   1.54778520000000e+08   2.04705156647833e-06   2.50624390851152e+01
   1.55178523000000e+08   1.70821238043573e-06   2.49263317639489e+01
   1.55578525000000e+08   1.84238103884127e-06   2.50504296156035e+01
   1.55978528000000e+08   1.81778466412652e-06   2.49503507029835e+01
   1.56378531000000e+08   1.63927222729399e-06   2.50344169895869e+01
   1.56778533000000e+08   1.95838151739736e-06   2.50103980505602e+01
   1.57178536000000e+08   1.62676610671042e-06   2.50544327721075e+01
   1.57578538000000e+08   1.76657829342730e-06   2.51865369367039e+01
   1.57978541000000e+08   1.89083652912814e-06   2.50184043635693e+01
   1.92744583000000e+08   1.70212500961497e-04   2.47902244427099e+01
   1.93144586000000e+08   1.99048213289643e-06   2.51024706501504e+01
   1.93544589000000e+08   2.14274427889904e-06   2.50063948940555e+01
   1.93944591000000e+08   1.52052257362811e-06   2.50063948940555e+01
   1.94344594000000e+08   1.99704390979605e-06   2.50184043635693e+01
   1.94744596000000e+08   1.64760967891198e-06   2.50584359286114e+01
   1.95144599000000e+08   1.74157071342051e-06   2.50144012070648e+01
   1.95544602000000e+08   1.89352147117461e-06   2.50984674936472e+01
   1.95944604000000e+08   1.50371533891303e-06   2.50464264590994e+01
   1.96344607000000e+08   1.99625560526329e-06   2.51785306237000e+01
   1.96744609000000e+08   1.48143715250626e-06   2.49303349204548e+01
   1.97144612000000e+08   1.77397248535272e-06   2.51745274671980e+01
   1.97544615000000e+08   1.76541914242989e-06   2.50504296156035e+01
   1.97944617000000e+08   1.51618542076903e-06   2.50904611806405e+01
   1.98344620000000e+08   1.89272782336047e-06   2.51384990586767e+01
   1.98744622000000e+08   1.61485013450147e-06   2.53506663532295e+01
   1.99144625000000e+08   1.76661114892340e-06   2.49983885810460e+01
   1.99544628000000e+08   1.80286065187829e-06   2.50384201460911e+01
   1.99944630000000e+08   1.56310341026256e-06   2.46981518430070e+01
   2.00344633000000e+08   2.08804385692929e-06   2.50504296156035e+01
   2.00744635000000e+08   1.54587712586363e-06   2.49903822680362e+01
   2.01144638000000e+08   1.94900917449559e-06   2.49263317639489e+01
   2.01544641000000e+08   1.83279564680561e-06   2.52425811277244e+01
   2.01944643000000e+08   1.53454811879783e-06   2.49663633290053e+01
   2.02344646000000e+08   1.93412415683270e-06   2.48462686338171e+01
