   4.00002000000000e+05   1.89657191640435e-06   2.51024706501504e+01
   8.00005000000000e+05   1.62987703333783e-06   2.50624390851152e+01
   1.20000800000000e+06   2.06814638659125e-06   2.50744485546264e+01
   1.60001000000000e+06   1.70136797805753e-06   2.50304138330826e+01
   2.00001300000000e+06   1.92400284504401e-06   2.51144801196597e+01
   2.40001500000000e+06   1.91348476619169e-06   2.50544327721075e+01
   2.80001800000000e+06   1.72126920006122e-06   2.50784517111300e+01
   3.20002000000000e+06   1.64155437687441e-06   2.50584359286114e+01
   3.60002300000000e+06   1.52950394749496e-06   2.50864580241371e+01
   4.00002600000000e+06   1.50915752783476e-06   2.50624390851152e+01
   4.40002800000000e+06   1.66614574936830e-06   2.50424233025953e+01
   4.80003100000000e+06   1.46425293223729e-06   2.49663633290053e+01
   5.20003300000000e+06   2.19061803363729e-06   2.49503507029835e+01
   5.60003600000000e+06   1.79201640548854e-06   2.49743696420159e+01
   6.00003900000000e+06   2.13458747566619e-06   2.49783727985210e+01
   6.40004100000000e+06   2.01406555788708e-06   2.49903822680362e+01
   6.80004400000000e+06   2.08129858947359e-06   2.50144012070648e+01
   7.20004600000000e+06   2.53618168244429e-06   2.50304138330826e+01
   7.60004900000000e+06   2.25613621296361e-06   2.50624390851152e+01
   8.00005200000000e+06   2.52133168032742e-06   2.50184043635693e+01
   8.40005400000000e+06   2.53270832217822e-06   2.49743696420159e+01
   8.80005700000000e+06   2.23070787797042e-06   2.51625179976914e+01
   9.20005900000000e+06   2.66860638475919e-06   2.50584359286114e+01
   9.60006200000000e+06   2.01876832761627e-06   2.50384201460911e+01
   4.21265080000000e+07  -2.07198713906109e-03   2.50824548676336e+01
   4.25265110000000e+07   2.31989110943687e-06   2.50984674936472e+01
   4.29265130000000e+07   2.90121352009010e-06   2.50344169895869e+01
   4.33265160000000e+07   5.78622234570503e-07   2.50424233025953e+01
   4.37265190000000e+07   1.32037553157716e-06   2.49863791115312e+01
   4.41265210000000e+07   2.21403524847119e-06   2.49943854245411e+01
   4.45265240000000e+07   2.05127980734687e-06   2.50544327721075e+01
   4.49265260000000e+07   2.62365938397124e-06   2.49783727985210e+01
   4.53265290000000e+07   2.42270232320152e-07   2.50424233025953e+01
   4.57265320000000e+07   1.23345944302855e-06   2.50944643371439e+01
   4.61265340000000e+07   2.10167968361930e-06   2.50624390851152e+01
   4.65265370000000e+07   1.76048013145191e-06   2.50384201460911e+01
   4.69265390000000e+07   2.32110642173211e-06   2.50344169895869e+01
   4.73265420000000e+07   5.11365897182259e-07   2.51184832761627e+01
   4.77265450000000e+07   1.74277920450550e-06   2.49943854245411e+01
   4.81265470000000e+07   2.45864475800772e-06   2.49543538594890e+01
   4.85265500000000e+07   2.03988975044922e-06   2.49423443899722e+01
   4.89265520000000e+07   2.31922240345739e-06   2.50704453981228e+01
   4.93265550000000e+07   3.00668546060479e-07   2.49823759550261e+01
   4.97265570000000e+07   1.44042189731408e-06   2.50504296156035e+01
   5.01265600000000e+07   2.01078705686086e-06   2.50264106765782e+01
   5.05265630000000e+07   1.62821345384145e-06   2.50544327721075e+01
   5.09265650000000e+07   1.87986483979330e-06   2.50304138330826e+01
   5.13265680000000e+07   2.30980077731147e-07   2.50464264590994e+01
   5.17265700000000e+07   1.40370559620351e-06   2.50144012070648e+01
   9.54777860000000e+07   4.64459974318743e-03   2.50304138330826e+01
   9.58777890000000e+07   1.86482759545470e-06   2.50023917375508e+01
   9.62777910000000e+07   5.62619504762552e-07   2.49823759550261e+01
   9.66777940000000e+07   1.69979693964706e-06   2.49903822680362e+01
   9.70777960000000e+07   2.98022746392235e-06   2.50984674936472e+01
   9.74777990000000e+07   1.39162330015097e-06   2.49943854245411e+01
   9.78778020000000e+07   2.34837170864921e-06   2.50704453981228e+01
   9.82778040000000e+07   1.12154680209642e-06   2.49103191379245e+01
   9.86778070000000e+07   2.21534696720482e-06   2.49663633290053e+01
   9.90778090000000e+07   3.08488324662903e-06   2.50304138330826e+01
   9.94778120000000e+07   1.53710379890981e-06   2.51104769631567e+01
   9.98778140000000e+07   2.31577769227442e-06   2.50744485546264e+01
   1.00277817000000e+08   1.39099836360401e-06   2.50344169895869e+01
   1.00677820000000e+08   2.31140688811138e-06   2.50504296156035e+01
   1.01077822000000e+08   2.91111473416095e-06   2.50023917375508e+01
   1.01477825000000e+08   1.26610473216715e-06   2.50864580241371e+01
   1.01877827000000e+08   2.27844361688767e-06   2.49743696420159e+01
   1.02277830000000e+08   1.22038863992202e-06   2.50744485546264e+01
   1.02677833000000e+08   2.16045236811624e-06   2.50464264590994e+01
   1.03077835000000e+08   2.88883779830940e-06   2.50424233025953e+01
   1.03477838000000e+08   1.39892290462740e-06   2.50384201460911e+01
   1.03877840000000e+08   2.31732065003598e-06   2.49903822680362e+01
   1.04277843000000e+08   1.33436083160632e-06   2.50704453981228e+01
   1.04677846000000e+08   2.42645774051198e-06   2.50704453981228e+01
   1.05077848000000e+08   2.46087734012690e-06   2.50144012070648e+01
   1.48858752000000e+08  -4.24407469108701e-03   2.50544327721075e+01
   1.49258754000000e+08   6.48017135063128e-07   2.49863791115312e+01
   1.49658757000000e+08   2.49540312324825e-06   2.49863791115312e+01
   1.50058760000000e+08   2.12132931665110e-06   2.50384201460911e+01
   1.50458762000000e+08   2.18197010326548e-06   2.49823759550261e+01
   1.50858765000000e+08   2.96173175229342e-06   2.51064738066536e+01
   1.51258767000000e+08   5.37752725904284e-07   2.50944643371439e+01
   1.51658770000000e+08   2.41143129642296e-06   2.49663633290053e+01
   1.52058773000000e+08   1.83008762633108e-06   2.50264106765782e+01
   1.52458775000000e+08   2.04635762202088e-06   2.49703664855106e+01
   1.52858778000000e+08   2.69923816631490e-06   2.50664422416190e+01
   1.53258780000000e+08   4.43579068587496e-07   2.50864580241371e+01
   1.53658783000000e+08   2.25432540901238e-06   2.49983885810460e+01
   1.54058785000000e+08   1.69332122368360e-06   2.51184832761627e+01
   1.54458788000000e+08   1.89508727999055e-06   2.51024706501504e+01
   1.54858791000000e+08   2.43906515606795e-06   2.51104769631567e+01
   1.55258793000000e+08   4.92763831516640e-07   2.50063948940555e+01
   1.55658796000000e+08   2.42850455833832e-06   2.50664422416190e+01
   1.56058798000000e+08   1.78999323452445e-06   2.50264106765782e+01
   1.56458801000000e+08   1.86205329555378e-06   2.50344169895869e+01
   1.56858804000000e+08   2.58659883911605e-06   2.50144012070648e+01
   1.57258806000000e+08   7.43921020784910e-07   2.50864580241371e+01
   1.57658809000000e+08   2.79705477623793e-06   2.50624390851152e+01
   1.58058811000000e+08   1.82227631739806e-06   2.49543538594890e+01
   1.58458814000000e+08   2.33788477999042e-06   2.51024706501504e+01
   1.93468986000000e+08   2.38148751668632e-03   2.50144012070648e+01
   1.93868989000000e+08   2.70891609943646e-06   2.51144801196597e+01
   1.94268991000000e+08   1.59348678607785e-06   2.51304927456713e+01
   1.94668994000000e+08   2.16543344322417e-06   2.50784517111300e+01
   1.95068996000000e+08   2.78609832093935e-06   2.50664422416190e+01
   1.95468999000000e+08   1.04609637219255e-06   2.50224075200738e+01
   1.95869001000000e+08   2.55805707638501e-06   2.49743696420159e+01
   1.96269004000000e+08   1.70486396200431e-06   2.49503507029835e+01
   1.96669007000000e+08   2.17276920011500e-06   2.49183254509368e+01
   1.97069009000000e+08   2.65572202806652e-06   2.50264106765782e+01
   1.97469012000000e+08   1.14256249617029e-06   2.50144012070648e+01
   1.97869014000000e+08   2.78299353340117e-06   2.49863791115312e+01
   1.98269017000000e+08   1.64570178640133e-06   2.49743696420159e+01
   1.98669020000000e+08   2.16781313611136e-06   2.51144801196597e+01
   1.99069022000000e+08   2.47929733632191e-06   2.50184043635693e+01
   1.99469025000000e+08   8.79492404237681e-07   2.50984674936472e+01
   1.99869027000000e+08   2.36218647842179e-06   2.50544327721075e+01
   2.00269030000000e+08   1.24189079997450e-06   2.51264895891685e+01
   2.00669033000000e+08   2.05326364266512e-06   2.50264106765782e+01
   2.01069035000000e+08   2.14190322367358e-06   2.50544327721075e+01
   2.01469038000000e+08   8.92949572062207e-07   2.51304927456713e+01
   2.01869040000000e+08   2.40607141677174e-06   2.51064738066536e+01
   2.02269043000000e+08   1.49544450778194e-06   2.50544327721075e+01
   2.02669045000000e+08   1.87797661510558e-06   2.50704453981228e+01
   2.03069048000000e+08   1.96078531189414e-06   2.50704453981228e+01
