   4.00003000000000e+05   1.76570210896898e-06   2.51825337802020e+01
   8.00006000000000e+05   1.64703465088678e-06   2.51184832761627e+01
   1.20000800000000e+06   1.49975528529467e-06   2.51184832761627e+01
   1.60001100000000e+06   1.74117906226456e-06   2.51465053716819e+01
   2.00001400000000e+06   1.78611412593455e-06   2.51585148411891e+01
   2.40001600000000e+06   1.63723143487005e-06   2.51064738066536e+01
   2.80001900000000e+06   1.65134827057045e-06   2.51865369367039e+01
   3.20002100000000e+06   1.67050757227116e-06   2.51184832761627e+01
   3.60002400000000e+06   1.90489504348079e-06   2.50704453981228e+01
   4.00002700000000e+06   1.59976070790435e-06   2.50384201460911e+01
   4.40002900000000e+06   1.71029967077629e-06   2.50984674936472e+01
   4.80003200000000e+06   1.95798588720208e-06   2.50904611806405e+01
   5.20003400000000e+06   1.63415700171754e-06   2.50023917375508e+01
   5.60003700000000e+06   1.83805445885810e-06   2.49823759550261e+01
   6.00004000000000e+06   1.69548081885296e-06   2.49783727985210e+01
   6.40004200000000e+06   1.85642113592621e-06   2.50904611806405e+01
   6.80004500000000e+06   1.66032759807422e-06   2.50664422416190e+01
   7.20004700000000e+06   1.82811106697045e-06   2.50904611806405e+01
   7.60005000000000e+06   1.85409237474232e-06   2.51745274671980e+01
   8.00005300000000e+06   2.03925355890533e-06   2.51545116846868e+01
   8.40005500000000e+06   1.66617633112764e-06   2.51865369367039e+01
   8.80005800000000e+06   2.04980756279838e-06   2.50784517111300e+01
   9.20006000000000e+06   1.76817388819472e-06   2.50704453981228e+01
   9.60006300000000e+06   1.99298165171058e-06   2.51425022151793e+01
   4.28771790000000e+07   2.35804961994290e-03   2.50544327721075e+01
   4.32771810000000e+07   4.60220599052263e-06   2.49943854245411e+01
   4.36771840000000e+07   1.60555586603550e-07   2.50704453981228e+01
   4.40771860000000e+07   1.74930426055653e-06   2.50504296156035e+01
   4.44771890000000e+07   1.97219924302772e-06   2.49863791115312e+01
   4.48771920000000e+07   1.63034485467506e-06   2.50384201460911e+01
   4.52771940000000e+07   3.09889855998335e-06   2.49663633290053e+01
   4.56771970000000e+07   1.60277295435662e-06   2.50063948940555e+01
   4.60771990000000e+07   2.30536375056545e-06   2.50304138330826e+01
   4.64772020000000e+07   1.65444862432196e-06   2.50384201460911e+01
   4.68772050000000e+07   1.28354020034749e-06   2.51344959021740e+01
   4.72772070000000e+07   4.23958499595756e-06   2.49103191379245e+01
   4.76772100000000e+07   5.78787762606225e-07   2.49543538594890e+01
   4.80772120000000e+07   1.84153464033443e-06   2.49823759550261e+01
   4.84772150000000e+07   1.56874057211098e-06   2.49943854245411e+01
   4.88772180000000e+07   2.09200561585021e-06   2.50224075200738e+01
   4.92772200000000e+07   3.43310398420726e-06   2.50464264590994e+01
   4.96772230000000e+07   1.39469165105766e-07   2.49863791115312e+01
   5.00772250000000e+07   2.24686164074228e-06   2.50063948940555e+01
   5.04772280000000e+07   1.83238319095835e-06   2.50544327721075e+01
   5.08772310000000e+07   1.50435232626478e-06   2.50063948940555e+01
   5.12772330000000e+07   3.08950916405593e-06   2.49743696420159e+01
   5.16772360000000e+07   6.07429058163689e-07   2.50944643371439e+01
   5.20772380000000e+07   2.05447668122360e-06   2.49623601725000e+01
   5.24772410000000e+07   1.33140247271513e-06   2.50544327721075e+01
   9.69613480000000e+07  -4.20697452500463e-03   2.49663633290053e+01
   9.73613510000000e+07  -1.31645769840816e-08   2.49863791115312e+01
   9.77613530000000e+07   2.23655229092401e-06   2.49183254509368e+01
   9.81613560000000e+07   2.89645913653658e-06   2.48742907293661e+01
   9.85613590000000e+07   7.28805389371701e-08   2.48622812598455e+01
   9.89613610000000e+07   2.16254420593032e-06   2.49703664855106e+01
   9.93613640000000e+07   6.94007326274004e-07   2.50304138330826e+01
   9.97613660000000e+07   2.11894575841143e-06   2.49503507029835e+01
   1.00161369000000e+08   2.51904248216306e-06   2.50424233025953e+01
   1.00561372000000e+08  -2.82818263031004e-07   2.50264106765782e+01
   1.00961374000000e+08   3.27935754285136e-06   2.49663633290053e+01
   1.01361377000000e+08   5.04305219806156e-08   2.50704453981228e+01
   1.01761379000000e+08   2.56168300438731e-06   2.50063948940555e+01
   1.02161382000000e+08   2.43355680140667e-06   2.50664422416190e+01
   1.02561385000000e+08   4.27605868935643e-07   2.50544327721075e+01
   1.02961387000000e+08   2.27657756113331e-06   2.50744485546264e+01
   1.03361390000000e+08   3.82474695470592e-07   2.50624390851152e+01
   1.03761393000000e+08   2.99845078188810e-06   2.50584359286114e+01
   1.04161395000000e+08   2.27721693590865e-06   2.49903822680362e+01
   1.04561398000000e+08  -1.05188144061685e-06   2.50224075200738e+01
   1.04961400000000e+08   4.01519309889409e-06   2.49783727985210e+01
   1.05361403000000e+08   7.22671131825336e-07   2.48903033553927e+01
   1.05761406000000e+08   3.08691369355074e-06   2.49503507029835e+01
   1.06161408000000e+08   1.66909057952580e-06   2.49823759550261e+01
   1.06561411000000e+08   1.51383437696495e-06   2.49663633290053e+01
   1.50772145000000e+08   4.61462466046214e-03   2.49463475464779e+01
   1.51172148000000e+08   9.69420511864882e-07   2.50023917375508e+01
   1.51572150000000e+08   3.12232054966444e-06   2.50344169895869e+01
   1.51972153000000e+08   2.86650174530223e-06   2.50784517111300e+01
   1.52372155000000e+08   8.48909849082702e-07   2.49983885810460e+01
   1.52772158000000e+08   2.35558673011838e-06   2.50224075200738e+01
   1.53172161000000e+08   1.10462292468583e-06   2.51785306237000e+01
   1.53572163000000e+08   4.01702709496021e-06   2.50504296156035e+01
   1.53972166000000e+08   1.46227955610811e-06   2.50664422416190e+01
   1.54372168000000e+08   3.31000393316572e-07   2.50384201460911e+01
   1.54772171000000e+08   2.85950886791397e-06   2.49783727985210e+01
   1.55172174000000e+08   1.56883697854937e-06   2.51184832761627e+01
   1.55572176000000e+08   2.98348595606512e-06   2.49263317639489e+01
   1.55972179000000e+08   1.17567492452508e-06   2.49783727985210e+01
   1.56372181000000e+08   1.59981277647603e-06   2.50624390851152e+01
   1.56772184000000e+08   2.53458097176917e-06   2.49903822680362e+01
   1.57172187000000e+08   1.04834907688200e-06   2.50384201460911e+01
   1.57572189000000e+08   3.46155866282061e-06   2.50264106765782e+01
   1.57972192000000e+08   1.47094965541328e-06   2.50344169895869e+01
   1.58372194000000e+08   6.37119057955715e-07   2.49823759550261e+01
   1.58772197000000e+08   2.26933889280190e-06   2.50544327721075e+01
   1.59172200000000e+08   2.17798151425086e-06   2.50384201460911e+01
   1.59572202000000e+08   2.69322481472045e-06   2.50224075200738e+01
   1.59972205000000e+08   4.82144798752415e-07   2.50944643371439e+01
   1.60372207000000e+08   1.03099830539577e-06   2.50224075200738e+01
   1.94960240000000e+08  -2.04628636129200e-03   2.50224075200738e+01
   1.95360242000000e+08   3.80916418407651e-07   2.50344169895869e+01
   1.95760245000000e+08   2.99769385492255e-06   2.49863791115312e+01
   1.96160247000000e+08   2.37717995332787e-06   2.51304927456713e+01
   1.96560250000000e+08   2.95698237096076e-06   2.51064738066536e+01
   1.96960253000000e+08  -1.97677479718550e-07   2.50864580241371e+01
   1.97360255000000e+08   1.04455864402553e-06   2.51184832761627e+01
   1.97760258000000e+08   3.43601391250559e-06   2.50864580241371e+01
   1.98160260000000e+08   2.28062276619312e-06   2.51304927456713e+01
   1.98560263000000e+08   2.74882404482923e-06   2.50504296156035e+01
   1.98960266000000e+08  -1.99828029678883e-08   2.50344169895869e+01
   1.99360268000000e+08   1.35970185510814e-06   2.50944643371439e+01
   1.99760271000000e+08   3.22454548040696e-06   2.50464264590994e+01
   2.00160273000000e+08   2.28685962611053e-06   2.49783727985210e+01
   2.00560276000000e+08   2.32796651289391e-06   2.50063948940555e+01
   2.00960279000000e+08  -2.39799987866718e-07   2.50023917375508e+01
   2.01360281000000e+08   1.49650543335156e-06   2.50063948940555e+01
   2.01760284000000e+08   3.19903097079077e-06   2.50144012070648e+01
   2.02160287000000e+08   1.78362017777545e-06   2.50224075200738e+01
   2.02560289000000e+08   1.51290555550077e-06   2.50744485546264e+01
   2.02960292000000e+08  -1.09502039435938e-07   2.50864580241371e+01
   2.03360294000000e+08   1.97659869627387e-06   2.51104769631567e+01
   2.03760297000000e+08   2.98063446280139e-06   2.50624390851152e+01
   2.04160300000000e+08   1.33928779177950e-06   2.50344169895869e+01
   2.04560302000000e+08   1.58243847181438e-06   2.49983885810460e+01
