   4.00003000000000e+05   1.49265906657092e-06   2.49903822680362e+01
   8.00005000000000e+05   2.07753578251868e-06   2.49503507029835e+01
   1.20000800000000e+06   1.57864792527107e-06   2.49343380769607e+01
   1.60001100000000e+06   1.26129270938691e-06   2.49863791115312e+01
   2.00001300000000e+06   1.79699577529391e-06   2.50103980505602e+01
   2.40001600000000e+06   1.73733599240222e-06   2.49263317639489e+01
   2.80001800000000e+06   1.88877640994178e-06   2.50063948940555e+01
   3.20002100000000e+06   1.20300796879746e-06   2.51344959021740e+01
   3.60002400000000e+06   2.33497553381312e-06   2.50624390851152e+01
   4.00002600000000e+06   1.45835292642005e-06   2.50063948940555e+01
   4.40002900000000e+06   2.18416857933335e-06   2.49943854245411e+01
   4.80003100000000e+06   1.32510672301578e-06   2.50824548676336e+01
   5.20003400000000e+06   2.36857454183337e-06   2.49983885810460e+01
   5.60003700000000e+06   1.63518643603311e-06   2.50824548676336e+01
   6.00003900000000e+06   1.74590627466387e-06   2.49063159814183e+01
   6.40004200000000e+06   1.39017731726199e-06   2.49983885810460e+01
   6.80004500000000e+06   1.96247583517106e-06   2.50264106765782e+01
   7.20004700000000e+06   1.38959876494482e-06   2.49543538594890e+01
   7.60005000000000e+06   1.79940377620369e-06   2.50424233025953e+01
   8.00005200000000e+06   1.49353127198992e-06   2.49223286074429e+01
   8.40005500000000e+06   2.15680825021991e-06   2.50184043635693e+01
   8.80005800000000e+06   1.26576719594595e-06   2.49823759550261e+01
   9.20006000000000e+06   1.72905652107147e-06   2.50184043635693e+01
   9.60006300000000e+06   1.89141803730308e-06   2.50264106765782e+01
   4.22987620000000e+07   2.35885032452643e-03   2.50264106765782e+01
   4.26987640000000e+07   1.52371751482860e-06   2.50184043635693e+01
   4.30987670000000e+07   1.50347113958560e-06   2.50344169895869e+01
   4.34987690000000e+07   2.80586232292990e-06   2.50304138330826e+01
   4.38987720000000e+07   3.29954536937294e-06   2.50424233025953e+01
   4.42987750000000e+07   1.64139055414125e-06   2.50544327721075e+01
   4.46987770000000e+07   5.84244560286606e-07   2.50304138330826e+01
   4.50987800000000e+07   1.43159309118346e-06   2.51184832761627e+01
   4.54987820000000e+07   2.64062600763282e-06   2.50984674936472e+01
   4.58987850000000e+07   2.75552088169206e-06   2.50464264590994e+01
   4.62987880000000e+07   1.08914787233516e-06   2.51144801196597e+01
   4.66987900000000e+07   1.24567213788396e-06   2.50944643371439e+01
   4.70987930000000e+07   1.83462623226660e-06   2.50664422416190e+01
   4.74987950000000e+07   2.64730942944880e-06   2.50184043635693e+01
   4.78987980000000e+07   2.39609812524577e-06   2.51465053716819e+01
   4.82988010000000e+07   1.29939985527017e-06   2.51104769631567e+01
   4.86988030000000e+07   1.14494082481542e-06   2.51545116846868e+01
   4.90988060000000e+07   1.59362980411970e-06   2.50224075200738e+01
   4.94988090000000e+07   2.71025714937423e-06   2.50144012070648e+01
   4.98988110000000e+07   2.42964324570494e-06   2.50384201460911e+01
   5.02988140000000e+07   9.65080971582211e-07   2.50264106765782e+01
   5.06988160000000e+07   1.25637154724245e-06   2.50504296156035e+01
   5.10988190000000e+07   2.25517669605324e-06   2.49663633290053e+01
   5.14988220000000e+07   2.79084133580909e-06   2.51264895891685e+01
   5.18988240000000e+07   1.90940158972808e-06   2.50063948940555e+01
   9.51710730000000e+07  -4.21449914574623e-03   2.50944643371439e+01
   9.55710760000000e+07   1.97415124603140e-06   2.50304138330826e+01
   9.59710780000000e+07   2.70368559540657e-06   2.49703664855106e+01
   9.63710810000000e+07   5.72646683849598e-07   2.50704453981228e+01
   9.67710840000000e+07   1.56925580085954e-06   2.49943854245411e+01
   9.71710860000000e+07   1.44426508086326e-06   2.49823759550261e+01
   9.75710890000000e+07   1.66339714269270e-06   2.49823759550261e+01
   9.79710920000000e+07   2.62197295342048e-06   2.50264106765782e+01
   9.83710940000000e+07   1.01661873941339e-06   2.49983885810460e+01
   9.87710970000000e+07   2.22047242459666e-06   2.50144012070648e+01
   9.91710990000000e+07   1.87052239652985e-06   2.50224075200738e+01
   9.95711020000000e+07   2.25898247663281e-06   2.50103980505602e+01
   9.99711050000000e+07   2.67126279140939e-06   2.50664422416190e+01
   1.00371107000000e+08   1.06098514152109e-06   2.50144012070648e+01
   1.00771110000000e+08   2.43261774812709e-06   2.49983885810460e+01
   1.01171112000000e+08   2.03801141651638e-06   2.50304138330826e+01
   1.01571115000000e+08   2.54601854976499e-06   2.49663633290053e+01
   1.01971118000000e+08   2.32991783377656e-06   2.50784517111300e+01
   1.02371120000000e+08   1.02296576187655e-06   2.50344169895869e+01
   1.02771123000000e+08   2.27595182877849e-06   2.49663633290053e+01
   1.03171125000000e+08   1.95633720068145e-06   2.49903822680362e+01
   1.03571128000000e+08   2.06993763640639e-06   2.51425022151793e+01
   1.03971131000000e+08   2.13239195545611e-06   2.50664422416190e+01
   1.04371133000000e+08   7.73088515870768e-07   2.51104769631567e+01
   1.04771136000000e+08   2.31329681810166e-06   2.50344169895869e+01
   1.48485569000000e+08   4.61432430893183e-03   2.49903822680362e+01
   1.48885571000000e+08   3.47681543644285e-06   2.50824548676336e+01
   1.49285574000000e+08   1.59029596602522e-07   2.50224075200738e+01
   1.49685577000000e+08   2.79153709925595e-06   2.50584359286114e+01
   1.50085579000000e+08   8.99966323686385e-07   2.49503507029835e+01
   1.50485582000000e+08   2.47893103733077e-06   2.49903822680362e+01
   1.50885584000000e+08   3.15999250233290e-06   2.50384201460911e+01
   1.51285587000000e+08   5.42145357940171e-07   2.50664422416190e+01
   1.51685590000000e+08   2.73127830041631e-06   2.49623601725000e+01
   1.52085592000000e+08   6.80006962738844e-07   2.50744485546264e+01
   1.52485595000000e+08   2.39757400777307e-06   2.50184043635693e+01
   1.52885598000000e+08   2.78769812211976e-06   2.50424233025953e+01
   1.53285600000000e+08   3.11462855506761e-07   2.50984674936472e+01
   1.53685603000000e+08   2.42078067458351e-06   2.51945432497076e+01
   1.54085605000000e+08   7.16940235179209e-07   2.51144801196597e+01
   1.54485608000000e+08   2.43368958763313e-06   2.51064738066536e+01
   1.54885611000000e+08   2.44438615482068e-06   2.51384990586767e+01
   1.55285613000000e+08  -9.19016329703481e-09   2.51384990586767e+01
   1.55685616000000e+08   2.50770176535298e-06   2.51184832761627e+01
   1.56085618000000e+08   8.71882775754784e-07   2.51024706501504e+01
   1.56485621000000e+08   2.48475203079579e-06   2.50344169895869e+01
   1.56885624000000e+08   1.86994191153644e-06   2.50184043635693e+01
   1.57285626000000e+08   2.15854356611089e-07   2.49983885810460e+01
   1.57685629000000e+08   2.71924204753304e-06   2.50584359286114e+01
   1.58085631000000e+08   8.30924477668304e-07   2.49583570159945e+01
   1.93051531000000e+08  -2.04371241852641e-03   2.50944643371439e+01
   1.93451534000000e+08   6.51296261366952e-08   2.51144801196597e+01
   1.93851537000000e+08   1.36091432523244e-06   2.51224864326656e+01
   1.94251539000000e+08   1.17235128982429e-06   2.51184832761627e+01
   1.94651542000000e+08   2.83437270809372e-06   2.50824548676336e+01
   1.95051544000000e+08   2.86299837171100e-06   2.50904611806405e+01
   1.95451547000000e+08   4.69186346663264e-07   2.50464264590994e+01
   1.95851550000000e+08   1.50815526467341e-06   2.51024706501504e+01
   1.96251552000000e+08   1.21311256862100e-06   2.50304138330826e+01
   1.96651555000000e+08   2.76509308605455e-06   2.50544327721075e+01
   1.97051557000000e+08   3.02093485515798e-06   2.50144012070648e+01
   1.97451560000000e+08  -3.46432926789930e-07   2.51465053716819e+01
   1.97851563000000e+08   2.19086541619617e-06   2.49583570159945e+01
   1.98251565000000e+08   1.43431157084706e-06   2.50103980505602e+01
   1.98651568000000e+08   3.52557162841549e-06   2.50344169895869e+01
   1.99051571000000e+08   1.89232480352075e-06   2.50704453981228e+01
   1.99451573000000e+08   8.97130405519420e-07   2.50424233025953e+01
   1.99851576000000e+08   1.90584466963628e-06   2.50864580241371e+01
   2.00251578000000e+08   1.57372278408729e-06   2.50544327721075e+01
   2.00651581000000e+08   2.70110581368499e-06   2.50023917375508e+01
   2.01051584000000e+08   2.03792660613544e-06   2.50744485546264e+01
   2.01451586000000e+08   2.69315791001645e-07   2.51184832761627e+01
   2.01851589000000e+08   1.82085705091595e-06   2.50464264590994e+01
   2.02251591000000e+08   2.09226436709287e-06   2.49863791115312e+01
   2.02651594000000e+08   2.84794759863871e-06   2.50264106765782e+01
