   4.00003000000000e+05   1.60360957579542e-06   2.50824548676336e+01
   8.00005000000000e+05   1.60289789619128e-06   2.50624390851152e+01
   1.20000800000000e+06   1.70133785104554e-06   2.51064738066536e+01
   1.60001100000000e+06   1.49938716731413e-06   2.49743696420159e+01
   2.00001300000000e+06   1.77399454059923e-06   2.50264106765782e+01
   2.40001600000000e+06   1.89318211596401e-06   2.50584359286114e+01
   2.80001800000000e+06   2.10058965421922e-06   2.50063948940555e+01
   3.20002100000000e+06   2.14594297176518e-06   2.50224075200738e+01
   3.60002400000000e+06   2.13986049857340e-06   2.50224075200738e+01
   4.00002600000000e+06   2.15608270082157e-06   2.49663633290053e+01
   4.40002900000000e+06   2.08145593205700e-06   2.50224075200738e+01
   4.80003100000000e+06   2.06037361749623e-06   2.50224075200738e+01
   5.20003400000000e+06   2.17461797547003e-06   2.50184043635693e+01
   5.60003700000000e+06   1.97677718460909e-06   2.50304138330826e+01
   6.00003900000000e+06   2.11172960007389e-06   2.50144012070648e+01
   6.40004200000000e+06   2.05881360670901e-06   2.49663633290053e+01
   6.80004400000000e+06   2.03965873879497e-06   2.50704453981228e+01
   7.20004700000000e+06   2.05372703021567e-06   2.50384201460911e+01
   7.60005000000000e+06   1.99513442566968e-06   2.50063948940555e+01
   8.00005200000000e+06   2.11544102057815e-06   2.50023917375508e+01
   8.40005500000000e+06   1.60564195539337e-06   2.50424233025953e+01
   8.80005700000000e+06   1.41868440550752e-06   2.49743696420159e+01
   9.20006000000000e+06   1.45055116718140e-06   2.50184043635693e+01
   9.60006300000000e+06   1.36856567678478e-06   2.49583570159945e+01
   4.20460400000000e+07   1.45987665746361e-04   2.49623601725000e+01
   4.24460420000000e+07   9.75105876932503e-07   2.49983885810460e+01
   4.28460450000000e+07   1.22881385777873e-06   2.50103980505602e+01
   4.32460480000000e+07   1.13370924736955e-06   2.50264106765782e+01
   4.36460500000000e+07   1.10186283563962e-06   2.50544327721075e+01
   4.40460530000000e+07   1.18020761874504e-06   2.51344959021740e+01
   4.44460550000000e+07   1.65292260589922e-06   2.51264895891685e+01
   4.48460580000000e+07   1.90837090485729e-06   2.49583570159945e+01
   4.52460610000000e+07   1.92715469893301e-06   2.50864580241371e+01
   4.56460630000000e+07   1.83555528110446e-06   2.50584359286114e+01
   4.60460660000000e+07   2.02244541469554e-06   2.50664422416190e+01
   4.64460680000000e+07   1.90238347386185e-06   2.49783727985210e+01
   4.68460710000000e+07   2.21609070649720e-06   2.51144801196597e+01
   4.72460740000000e+07   2.11039719033579e-06   2.51024706501504e+01
   4.76460760000000e+07   2.22990206566465e-06   2.50544327721075e+01
   4.80460790000000e+07   2.12911481867195e-06   2.51104769631567e+01
   4.84460810000000e+07   2.49204572355666e-06   2.50664422416190e+01
   4.88460840000000e+07   2.67606105808227e-06   2.50384201460911e+01
   4.92460870000000e+07   2.68503436018364e-06   2.49543538594890e+01
   4.96460890000000e+07   2.53111375059234e-06   2.50264106765782e+01
   5.00460920000000e+07   2.74851595349901e-06   2.49263317639489e+01
   5.04460940000000e+07   2.48288733928348e-06   2.49183254509368e+01
   5.08460970000000e+07   2.66199344878260e-06   2.50784517111300e+01
   5.12461000000000e+07   2.57800274994224e-06   2.49623601725000e+01
   5.16461020000000e+07   2.71095018433698e-06   2.50304138330826e+01
   9.53583950000000e+07   2.14375308132730e-04   2.50224075200738e+01
   9.57583970000000e+07   1.63577669809456e-06   2.50063948940555e+01
   9.61584000000000e+07   2.15017621485458e-06   2.49823759550261e+01
   9.65584030000000e+07   1.23944118968211e-06   2.50544327721075e+01
   9.69584050000000e+07   1.17826925816189e-06   2.49783727985210e+01
   9.73584080000000e+07   1.35443667659274e-06   2.50904611806405e+01
   9.77584110000000e+07   9.39222957185848e-07   2.50984674936472e+01
   9.81584130000000e+07   1.50908533669281e-06   2.50144012070648e+01
   9.85584160000000e+07   8.00943780632224e-07   2.50784517111300e+01
   9.89584180000000e+07   1.12665418328106e-06   2.50784517111300e+01
   9.93584210000000e+07   1.18414800454048e-06   2.50944643371439e+01
   9.97584240000000e+07   8.95711991688586e-07   2.51104769631567e+01
   1.00158426000000e+08   1.19736034775997e-06   2.50464264590994e+01
   1.00558429000000e+08   1.22318749617989e-06   2.49863791115312e+01
   1.00958431000000e+08   1.31350361698424e-06   2.49103191379245e+01
   1.01358434000000e+08   1.43842635225155e-06   2.50424233025953e+01
   1.01758437000000e+08   1.01483203707176e-06   2.49623601725000e+01
   1.02158439000000e+08   1.63688741849910e-06   2.50704453981228e+01
   1.02558442000000e+08   1.68108033449244e-06   2.50063948940555e+01
   1.02958444000000e+08   1.72521492913802e-06   2.49743696420159e+01
   1.03358447000000e+08   1.99709893422551e-06   2.49503507029835e+01
   1.03758450000000e+08   1.70882640304626e-06   2.49663633290053e+01
   1.04158452000000e+08   1.87906346127420e-06   2.49903822680362e+01
   1.04558455000000e+08   1.07516552816378e-06   2.50023917375508e+01
   1.04958457000000e+08   1.10050405055517e-06   2.50384201460911e+01
   1.48859377000000e+08   1.88800171599723e-04   2.50384201460911e+01
   1.49259380000000e+08   1.65139556429494e-06   2.50304138330826e+01
   1.49659383000000e+08   1.95216216525296e-06   2.49543538594890e+01
   1.50059385000000e+08   1.89584761756123e-06   2.49743696420159e+01
   1.50459388000000e+08   2.11428755392262e-06   2.49903822680362e+01
   1.50859390000000e+08   2.74357353191590e-06   2.50063948940555e+01
   1.51259393000000e+08   2.16860894397541e-06   2.49943854245411e+01
   1.51659396000000e+08   2.49985896516591e-06   2.50704453981228e+01
   1.52059398000000e+08   2.48342212216812e-06   2.50944643371439e+01
   1.52459401000000e+08   1.99907071873895e-06   2.51184832761627e+01
   1.52859403000000e+08   2.08045639737975e-06   2.50944643371439e+01
   1.53259406000000e+08   1.74669082753098e-06   2.50424233025953e+01
   1.53659409000000e+08   1.94176300283289e-06   2.49343380769607e+01
   1.54059411000000e+08   2.09667268791236e-06   2.50184043635693e+01
   1.54459414000000e+08   1.88167541637085e-06   2.49703664855106e+01
   1.54859416000000e+08   2.60964952758513e-06   2.50144012070648e+01
   1.55259419000000e+08   2.07297694032604e-06   2.51384990586767e+01
   1.55659422000000e+08   2.38770576288516e-06   2.50904611806405e+01
   1.56059424000000e+08   2.33575337915681e-06   2.49983885810460e+01
   1.56459427000000e+08   2.08012875191343e-06   2.50624390851152e+01
   1.56859429000000e+08   2.40801136897062e-06   2.50184043635693e+01
   1.57259432000000e+08   1.99630903807702e-06   2.50784517111300e+01
   1.57659435000000e+08   2.19241610466270e-06   2.49783727985210e+01
   1.58059437000000e+08   2.29941656471055e-06   2.50864580241371e+01
   1.58459440000000e+08   1.60410093030805e-06   2.49583570159945e+01
   1.93186590000000e+08   1.59375107614323e-04   2.50664422416190e+01
   1.93586592000000e+08   2.34668755183520e-06   2.49903822680362e+01
   1.93986595000000e+08   2.09707854992303e-06   2.49703664855106e+01
   1.94386597000000e+08   1.96858650269860e-06   2.49943854245411e+01
   1.94786600000000e+08   2.56273574450461e-06   2.50904611806405e+01
   1.95186603000000e+08   2.47000480158022e-06   2.50664422416190e+01
   1.95586605000000e+08   2.52483232543455e-06   2.49863791115312e+01
   1.95986608000000e+08   2.38344796343881e-06   2.50544327721075e+01
   1.96386610000000e+08   2.34010758504155e-06   2.50023917375508e+01
   1.96786613000000e+08   2.85084956885839e-06   2.50984674936472e+01
   1.97186616000000e+08   2.11821702578163e-06   2.51024706501504e+01
   1.97586618000000e+08   2.50098514698038e-06   2.50464264590994e+01
   1.97986621000000e+08   2.64248114945076e-06   2.49103191379245e+01
   1.98386623000000e+08   2.48302080763096e-06   2.49783727985210e+01
   1.98786626000000e+08   2.72918737209693e-06   2.50544327721075e+01
   1.99186629000000e+08   2.46042282014969e-06   2.50784517111300e+01
   1.99586631000000e+08   2.95030008601316e-06   2.49423443899722e+01
   1.99986634000000e+08   2.71742396762420e-06   2.49743696420159e+01
   2.00386636000000e+08   1.76156981979148e-06   2.50344169895869e+01
   2.00786639000000e+08   1.87475859547703e-06   2.49503507029835e+01
   2.01186642000000e+08   1.55798738887825e-06   2.50063948940555e+01
   2.01586644000000e+08   1.40443887630681e-06   2.49743696420159e+01
   2.01986647000000e+08   1.62553931204457e-06   2.50144012070648e+01
   2.02386649000000e+08   1.25406279494200e-06   2.50264106765782e+01
   2.02786652000000e+08   1.44422824632784e-06   2.49583570159945e+01
