   4.00003000000000e+05   1.66067593454500e-06   2.50384201460911e+01
   8.00005000000000e+05   1.86304271210247e-06   2.51425022151793e+01
   1.20000800000000e+06   1.61581397151167e-06   2.50544327721075e+01
   1.60001100000000e+06   1.45932892792189e-06   2.50344169895869e+01
   2.00001300000000e+06   2.12754866879550e-06   2.49903822680362e+01
   2.40001600000000e+06   1.39276289701229e-06   2.50704453981228e+01
   2.80001900000000e+06   2.11230144486763e-06   2.49943854245411e+01
   3.20002100000000e+06   1.76036860466411e-06   2.50023917375508e+01
   3.60002400000000e+06   2.03165427592467e-06   2.50304138330826e+01
   4.00002700000000e+06   1.83436486622668e-06   2.49983885810460e+01
   4.40002900000000e+06   1.80447000275308e-06   2.50544327721075e+01
   4.80003200000000e+06   1.94964468391845e-06   2.50824548676336e+01
   5.20003400000000e+06   1.90796890819911e-06   2.50584359286114e+01
   5.60003700000000e+06   1.58205853040272e-06   2.51144801196597e+01
   6.00004000000000e+06   2.31656144933368e-06   2.51505085281844e+01
   6.40004200000000e+06   1.24981090721121e-06   2.50304138330826e+01
   6.80004500000000e+06   2.23532106247148e-06   2.51384990586767e+01
   7.20004800000000e+06   1.23846950828010e-06   2.50744485546264e+01
   7.60005000000000e+06   1.96034329746908e-06   2.51465053716819e+01
   8.00005300000000e+06   1.61851812663372e-06   2.50824548676336e+01
   8.40005500000000e+06   1.69437828390073e-06   2.51344959021740e+01
   8.80005800000000e+06   1.91164758689411e-06   2.50304138330826e+01
   9.20006100000000e+06   1.88232672826416e-06   2.50704453981228e+01
   9.60006300000000e+06   1.64063283136784e-06   2.51344959021740e+01
   4.20974620000000e+07   2.33311252668500e-03   2.49303349204548e+01
   4.24974650000000e+07   1.85108319783467e-06   2.50103980505602e+01
   4.28974670000000e+07   1.88276487733674e-06   2.49903822680362e+01
   4.32974700000000e+07   1.77027402514796e-06   2.50224075200738e+01
   4.36974720000000e+07   8.66763514295599e-07   2.49383412334665e+01
   4.40974750000000e+07   2.72353486252541e-06   2.50144012070648e+01
   4.44974780000000e+07   1.60351862632524e-06   2.50144012070648e+01
   4.48974800000000e+07   2.52409768108919e-06   2.50264106765782e+01
   4.52974830000000e+07   1.41409668685810e-06   2.50584359286114e+01
   4.56974860000000e+07   2.01760576601373e-06   2.50584359286114e+01
   4.60974880000000e+07   2.40717213273456e-06   2.51425022151793e+01
   4.64974910000000e+07   2.00559998120298e-06   2.49623601725000e+01
   4.68974940000000e+07   1.91474737221142e-06   2.50464264590994e+01
   4.72974960000000e+07   2.06918298317760e-06   2.50264106765782e+01
   4.76974990000000e+07   1.64781749845133e-06   2.51545116846868e+01
   4.80975010000000e+07   2.84592556454299e-06   2.50184043635693e+01
   4.84975040000000e+07   1.50744097027200e-06   2.50584359286114e+01
   4.88975070000000e+07   2.83914664578333e-06   2.50304138330826e+01
   4.92975090000000e+07   3.58804754796438e-07   2.49943854245411e+01
   4.96975120000000e+07   2.73181944976386e-06   2.50224075200738e+01
   5.00975150000000e+07   2.46090439759428e-06   2.50784517111300e+01
   5.04975170000000e+07   1.93931077774323e-06   2.50304138330826e+01
   5.08975200000000e+07   1.06899813090422e-06   2.50023917375508e+01
   5.12975230000000e+07   2.48958463089366e-06   2.50384201460911e+01
   5.16975250000000e+07   2.07039283850463e-06   2.50624390851152e+01
   9.55334080000000e+07  -4.16312552988529e-03   2.50224075200738e+01
   9.59334100000000e+07   1.97680583369220e-06   2.50624390851152e+01
   9.63334130000000e+07   1.03714242527531e-07   2.50384201460911e+01
   9.67334160000000e+07   2.40745021073963e-06   2.50504296156035e+01
   9.71334180000000e+07   1.39697624490509e-06   2.51344959021740e+01
   9.75334210000000e+07   3.94453263652395e-06   2.50504296156035e+01
   9.79334240000000e+07   2.53559733209840e-06   2.50504296156035e+01
   9.83334260000000e+07   1.01483806247415e-07   2.50304138330826e+01
   9.87334290000000e+07   2.23517417907715e-06   2.50544327721075e+01
   9.91334310000000e+07   1.55327313677844e-06   2.50144012070648e+01
   9.95334340000000e+07   5.42653197044274e-06   2.50264106765782e+01
   9.99334370000000e+07   6.06081869136688e-08   2.50944643371439e+01
   1.00333439000000e+08   3.93451983882187e-07   2.49583570159945e+01
   1.00733442000000e+08   2.73182581622677e-06   2.50824548676336e+01
   1.01133445000000e+08   2.65395237875055e-06   2.48582781033385e+01
   1.01533447000000e+08   2.96929852083849e-06   2.49863791115312e+01
   1.01933450000000e+08  -2.75315898079498e-07   2.50664422416190e+01
   1.02333453000000e+08   1.69374288816471e-06   2.50344169895869e+01
   1.02733455000000e+08   2.56605403592403e-06   2.50704453981228e+01
   1.03133458000000e+08   1.51843096318771e-06   2.50144012070648e+01
   1.03533460000000e+08   2.98285840472090e-06   2.50944643371439e+01
   1.03933463000000e+08  -1.59297286472793e-07   2.50304138330826e+01
   1.04333466000000e+08   1.16327794330573e-06   2.50784517111300e+01
   1.04733468000000e+08   2.71382396022091e-06   2.50784517111300e+01
   1.05133471000000e+08   1.67747896284709e-06   2.51104769631567e+01
   1.48662679000000e+08   4.56322403624654e-03   2.49063159814183e+01
   1.49062681000000e+08   3.92824358641519e-06   2.49663633290053e+01
   1.49462684000000e+08   2.03988543034939e-06   2.50784517111300e+01
   1.49862686000000e+08  -1.00558088433900e-06   2.50304138330826e+01
   1.50262689000000e+08   4.01917048975520e-07   2.50384201460911e+01
   1.50662692000000e+08   4.76686636829982e-06   2.51104769631567e+01
   1.51062694000000e+08   3.27774955621862e-06   2.51224864326656e+01
   1.51462697000000e+08   5.68373479836737e-07   2.51585148411891e+01
   1.51862700000000e+08  -2.10619560903069e-07   2.51384990586767e+01
   1.52262702000000e+08   2.39928408518608e-06   2.50464264590994e+01
   1.52662705000000e+08   4.45525665782043e-06   2.51224864326656e+01
   1.53062707000000e+08   1.88739875284227e-06   2.50984674936472e+01
   1.53462710000000e+08   7.95338849002292e-07   2.51184832761627e+01
   1.53862713000000e+08   6.90100250722026e-07   2.51344959021740e+01
   1.54262715000000e+08   2.68090161625878e-06   2.50304138330826e+01
   1.54662718000000e+08   3.80517781195522e-06   2.50344169895869e+01
   1.55062721000000e+08   1.43123622819985e-06   2.50464264590994e+01
   1.55462723000000e+08   4.41662052708125e-07   2.49863791115312e+01
   1.55862726000000e+08   6.87772114815743e-07   2.50384201460911e+01
   1.56262728000000e+08   3.32508875544590e-06   2.50063948940555e+01
   1.56662731000000e+08   3.53517953044502e-06   2.49823759550261e+01
   1.57062734000000e+08   3.01695394000490e-07   2.50384201460911e+01
   1.57462736000000e+08   2.13310713093051e-07   2.49503507029835e+01
   1.57862739000000e+08   1.70628823070729e-06   2.49223286074429e+01
   1.58262742000000e+08   3.76752245756506e-06   2.49943854245411e+01
   1.93312265000000e+08  -2.02172598801553e-03   2.50144012070648e+01
   1.93712268000000e+08   2.40760141423380e-06   2.50504296156035e+01
   1.94112271000000e+08   1.93001574189111e-06   2.49463475464779e+01
   1.94512273000000e+08   1.33949822611612e-06   2.50384201460911e+01
   1.94912276000000e+08   1.15798115984944e-06   2.50624390851152e+01
   1.95312279000000e+08   2.09863515010511e-06   2.49983885810460e+01
   1.95712281000000e+08   2.00777344616654e-06   2.50704453981228e+01
   1.96112284000000e+08   1.48732033267152e-06   2.50944643371439e+01
   1.96512287000000e+08   1.59084152073774e-06   2.50584359286114e+01
   1.96912289000000e+08   1.43427575949318e-06   2.50744485546264e+01
   1.97312292000000e+08   2.27752980208606e-06   2.50904611806405e+01
   1.97712294000000e+08   2.03244940166769e-06   2.50624390851152e+01
   1.98112297000000e+08   1.61766081419046e-06   2.49663633290053e+01
   1.98512300000000e+08   1.32821742226952e-06   2.49983885810460e+01
   1.98912302000000e+08   1.51349865973316e-06   2.49663633290053e+01
   1.99312305000000e+08   2.41222119257145e-06   2.50344169895869e+01
   1.99712308000000e+08   1.77627350694820e-06   2.49943854245411e+01
   2.00112310000000e+08   1.29739396470541e-06   2.50584359286114e+01
   2.00512313000000e+08   1.67351913660241e-06   2.49383412334665e+01
   2.00912315000000e+08   2.22535300054005e-06   2.49743696420159e+01
   2.01312318000000e+08   2.52960853686091e-06   2.50264106765782e+01
   2.01712321000000e+08   1.74202227753995e-06   2.50384201460911e+01
   2.02112323000000e+08   1.65379992722592e-06   2.50304138330826e+01
   2.02512326000000e+08   1.89165564279392e-06   2.50624390851152e+01
   2.02912329000000e+08   2.11552628570644e-06   2.50023917375508e+01
