   4.00002000000000e+05   1.23247036754037e-06   2.49943854245411e+01
   8.00005000000000e+05   1.43001375363383e-06   2.50464264590994e+01
   1.20000700000000e+06   1.05773506220430e-06   2.50304138330826e+01
   1.60001000000000e+06   1.27237160540972e-06   2.50584359286114e+01
   2.00001300000000e+06   1.26012514556351e-06   2.50144012070648e+01
   2.40001500000000e+06   1.45795559092221e-06   2.49463475464779e+01
   2.80001800000000e+06   1.73803471170686e-06   2.49783727985210e+01
   3.20002000000000e+06   1.37203642225359e-06   2.51104769631567e+01
   3.60002300000000e+06   1.66993311268016e-06   2.50704453981228e+01
   4.00002600000000e+06   1.62297465067240e-06   2.50224075200738e+01
   4.40002800000000e+06   1.73069338416099e-06   2.50023917375508e+01
   4.80003100000000e+06   2.02987166630919e-06   2.51024706501504e+01
   5.20003300000000e+06   1.78497396063904e-06   2.49783727985210e+01
   5.60003600000000e+06   1.98438101506326e-06   2.50063948940555e+01
   6.00003900000000e+06   1.93907180801034e-06   2.50864580241371e+01
   6.40004100000000e+06   1.92698644241318e-06   2.50464264590994e+01
   6.80004400000000e+06   2.23301708501822e-06   2.50624390851152e+01
   7.20004600000000e+06   1.92130028153770e-06   2.50063948940555e+01
   7.60004900000000e+06   2.10836196856690e-06   2.50464264590994e+01
   8.00005200000000e+06   2.10278813028708e-06   2.51384990586767e+01
   8.40005400000000e+06   2.22368430513598e-06   2.50464264590994e+01
   8.80005700000000e+06   2.56880844062835e-06   2.50744485546264e+01
   9.20005900000000e+06   2.20454626287392e-06   2.49783727985210e+01
   9.60006200000000e+06   2.52970608016767e-06   2.49983885810460e+01
   4.21587340000000e+07   2.37239967100322e-03   2.50264106765782e+01
   4.25587360000000e+07   1.98368661585846e-06   2.49303349204548e+01
   4.29587390000000e+07   9.91997012533830e-07   2.50224075200738e+01
   4.33587410000000e+07   2.48375363298692e-06   2.50103980505602e+01
   4.37587440000000e+07   2.29490046876890e-06   2.50344169895869e+01
   4.41587470000000e+07   2.91222409032343e-06   2.50784517111300e+01
   4.45587490000000e+07   1.29562590700516e-06   2.51064738066536e+01
   4.49587520000000e+07   7.23126106549898e-07   2.49943854245411e+01
   4.53587540000000e+07   1.97282133740373e-06   2.50384201460911e+01
   4.57587570000000e+07   1.92365928342042e-06   2.50264106765782e+01
   4.61587600000000e+07   2.35318611885305e-06   2.49663633290053e+01
   4.65587620000000e+07   1.30714875012927e-06   2.50624390851152e+01
   4.69587650000000e+07   6.09724736477801e-07   2.50023917375508e+01
   4.73587670000000e+07   2.09515496862878e-06   2.50344169895869e+01
   4.77587700000000e+07   1.74915999195946e-06   2.50344169895869e+01
   4.81587730000000e+07   2.38444522437931e-06   2.49863791115312e+01
   4.85587750000000e+07   8.84574376414093e-07   2.49463475464779e+01
   4.89587780000000e+07   6.08352820563596e-07   2.50063948940555e+01
   4.93587800000000e+07   1.88646606602560e-06   2.50624390851152e+01
   4.97587830000000e+07   1.63455717938632e-06   2.50864580241371e+01
   5.01587860000000e+07   2.16123430618609e-06   2.49983885810460e+01
   5.05587880000000e+07   1.08512608676392e-06   2.49823759550261e+01
   5.09587910000000e+07   8.68300389811338e-07   2.50624390851152e+01
   5.13587930000000e+07   2.21474215322814e-06   2.49423443899722e+01
   5.17587960000000e+07   1.78481082002691e-06   2.50544327721075e+01
   9.55179370000000e+07  -4.23549860715866e-03   2.50264106765782e+01
   9.59179390000000e+07   7.37763414804249e-08   2.50864580241371e+01
   9.63179420000000e+07   3.07967297885625e-07   2.50904611806405e+01
   9.67179440000000e+07   4.09253561883816e-06   2.51505085281844e+01
   9.71179470000000e+07   1.60130696258420e-06   2.50664422416190e+01
   9.75179500000000e+07   2.21278742174036e-06   2.51665211541937e+01
   9.79179520000000e+07  -6.22270590611151e-07   2.50063948940555e+01
   9.83179550000000e+07   6.45286775124987e-07   2.50023917375508e+01
   9.87179570000000e+07   4.30030877396348e-06   2.50304138330826e+01
   9.91179600000000e+07   1.54302961163921e-06   2.49783727985210e+01
   9.95179630000000e+07   2.16111197914870e-06   2.49823759550261e+01
   9.99179650000000e+07  -2.99282874038909e-07   2.49743696420159e+01
   1.00317968000000e+08   1.42017188409227e-06   2.49903822680362e+01
   1.00717970000000e+08   4.66889287054073e-06   2.49503507029835e+01
   1.01117973000000e+08   1.86533998203231e-06   2.49383412334665e+01
   1.01517976000000e+08   2.61635932474746e-06   2.50184043635693e+01
   1.01917978000000e+08   2.76610961691404e-07   2.49583570159945e+01
   1.02317981000000e+08   1.48216417983349e-06   2.49623601725000e+01
   1.02717983000000e+08   4.13784437114373e-06   2.50144012070648e+01
   1.03117986000000e+08   1.26091640595405e-06   2.49263317639489e+01
   1.03517989000000e+08   2.02656906367338e-06   2.49623601725000e+01
   1.03917991000000e+08  -8.11600031624948e-08   2.49583570159945e+01
   1.04317994000000e+08   1.68652513821144e-06   2.50344169895869e+01
   1.04717996000000e+08   3.90102923120139e-06   2.50624390851152e+01
   1.05117999000000e+08   1.05192304999946e-06   2.49983885810460e+01
   1.49102177000000e+08   4.63772565126419e-03   2.50464264590994e+01
   1.49502180000000e+08   1.45058857015101e-06   2.49463475464779e+01
   1.49902182000000e+08   2.59063108387636e-06   2.49903822680362e+01
   1.50302185000000e+08   1.95816232917423e-06   2.50384201460911e+01
   1.50702188000000e+08   2.73253408522578e-06   2.49263317639489e+01
   1.51102190000000e+08   1.88029525816091e-06   2.50344169895869e+01
   1.51502193000000e+08   1.76537912466301e-06   2.49823759550261e+01
   1.51902195000000e+08   2.79694472737901e-06   2.50304138330826e+01
   1.52302198000000e+08   2.00079352907778e-06   2.49943854245411e+01
   1.52702201000000e+08   2.63164633906854e-06   2.50864580241371e+01
   1.53102203000000e+08   1.74442345723946e-06   2.50504296156035e+01
   1.53502206000000e+08   1.81595919457322e-06   2.49743696420159e+01
   1.53902208000000e+08   2.70277928393625e-06   2.50464264590994e+01
   1.54302211000000e+08   1.89147897344810e-06   2.49903822680362e+01
   1.54702214000000e+08   2.62532125816506e-06   2.49423443899722e+01
   1.55102216000000e+08   1.74316380707751e-06   2.49623601725000e+01
   1.55502219000000e+08   1.94895073946100e-06   2.50224075200738e+01
   1.55902221000000e+08   2.57300780504011e-06   2.50264106765782e+01
   1.56302224000000e+08   1.69883116996061e-06   2.50424233025953e+01
   1.56702227000000e+08   2.11886640499870e-06   2.50144012070648e+01
   1.57102229000000e+08   1.29726402064989e-06   2.50224075200738e+01
   1.57502232000000e+08   1.48284652823349e-06   2.50344169895869e+01
   1.57902234000000e+08   2.25935218622908e-06   2.49783727985210e+01
   1.58302237000000e+08   1.24196719752945e-06   2.49463475464779e+01
   1.58702240000000e+08   1.85448061529314e-06   2.49543538594890e+01
   1.93510267000000e+08  -2.06029973924160e-03   2.50784517111300e+01
   1.93910269000000e+08   1.79342430328688e-06   2.50824548676336e+01
   1.94310272000000e+08   1.12464863377681e-06   2.50103980505602e+01
   1.94710275000000e+08   2.35696279560216e-06   2.49543538594890e+01
   1.95110277000000e+08   9.78733396550524e-07   2.50184043635693e+01
   1.95510280000000e+08   2.85660121335241e-06   2.50704453981228e+01
   1.95910282000000e+08   1.76381354322075e-06   2.50464264590994e+01
   1.96310285000000e+08   9.89642671811453e-07   2.51024706501504e+01
   1.96710288000000e+08   2.19049343286315e-06   2.51184832761627e+01
   1.97110290000000e+08   8.16666101854935e-07   2.49983885810460e+01
   1.97510293000000e+08   2.66122015091241e-06   2.50384201460911e+01
   1.97910295000000e+08   1.42340036290989e-06   2.50144012070648e+01
   1.98310298000000e+08   7.94819641214417e-07   2.50144012070648e+01
   1.98710301000000e+08   1.81774589691486e-06   2.50464264590994e+01
   1.99110303000000e+08   6.07034166932863e-07   2.50824548676336e+01
   1.99510306000000e+08   2.26401698455447e-06   2.49543538594890e+01
   1.99910308000000e+08   1.08006236132496e-06   2.50304138330826e+01
   2.00310311000000e+08   1.03168986242963e-06   2.50704453981228e+01
   2.00710314000000e+08   2.26077190745855e-06   2.50184043635693e+01
   2.01110316000000e+08   1.02552155567537e-06   2.49423443899722e+01
   2.01510319000000e+08   2.67677910414932e-06   2.50784517111300e+01
   2.01910321000000e+08   1.39752512495761e-06   2.50984674936472e+01
   2.02310324000000e+08   1.18165678486548e-06   2.50304138330826e+01
   2.02710327000000e+08   2.14629631045682e-06   2.50144012070648e+01
   2.03110329000000e+08   1.06135018995701e-06   2.50144012070648e+01
