   4.00002000000000e+05   1.75790910361684e-06   2.50264106765782e+01
   8.00005000000000e+05   1.72051056779310e-06   2.49343380769607e+01
   1.20000800000000e+06   1.78730988409370e-06   2.50023917375508e+01
   1.60001000000000e+06   1.68417591339676e-06   2.51064738066536e+01
   2.00001300000000e+06   1.75682100689301e-06   2.49983885810460e+01
   2.40001500000000e+06   1.72675879639428e-06   2.50304138330826e+01
   2.80001800000000e+06   1.76737648871494e-06   2.50464264590994e+01
   3.20002000000000e+06   1.77676520252135e-06   2.50824548676336e+01
   3.60002300000000e+06   1.67149744356720e-06   2.50784517111300e+01
   4.00002600000000e+06   1.76695493792067e-06   2.50704453981228e+01
   4.40002800000000e+06   1.65349263170356e-06   2.50224075200738e+01
   4.80003100000000e+06   1.78847869847232e-06   2.49823759550261e+01
   5.20003300000000e+06   1.73144246673473e-06   2.49383412334665e+01
   5.60003600000000e+06   1.67479527135583e-06   2.50944643371439e+01
   6.00003900000000e+06   1.75096158727683e-06   2.49943854245411e+01
   6.40004100000000e+06   1.68103179021273e-06   2.50063948940555e+01
   6.80004400000000e+06   1.76501919213479e-06   2.49223286074429e+01
   7.20004600000000e+06   1.75526474777143e-06   2.49983885810460e+01
   7.60004900000000e+06   1.82562382633478e-06   2.50464264590994e+01
   8.00005200000000e+06   1.75570005467307e-06   2.50103980505602e+01
   8.40005400000000e+06   1.78375819359644e-06   2.49383412334665e+01
   8.80005700000000e+06   1.85838450761366e-06   2.49863791115312e+01
   9.20005900000000e+06   1.81344887550949e-06   2.49703664855106e+01
   9.60006200000000e+06   1.88536375844706e-06   2.49463475464779e+01
   4.22602680000000e+07   1.35537731694058e-04   2.51625179976914e+01
   4.26602700000000e+07   2.01313173420203e-06   2.50344169895869e+01
   4.30602730000000e+07   1.92044990399154e-06   2.48582781033385e+01
   4.34602750000000e+07   1.57051965743449e-06   2.49063159814183e+01
   4.38602780000000e+07   2.32321531257185e-06   2.50103980505602e+01
   4.42602810000000e+07   1.53382291046000e-06   2.50544327721075e+01
   4.46602830000000e+07   2.10135317502136e-06   2.49743696420159e+01
   4.50602860000000e+07   1.93516507351887e-06   2.48622812598455e+01
   4.54602880000000e+07   1.70996247561561e-06   2.50264106765782e+01
   4.58602910000000e+07   2.36385858443100e-06   2.49863791115312e+01
   4.62602940000000e+07   1.58422074036935e-06   2.50544327721075e+01
   4.66602960000000e+07   2.26771317102248e-06   2.50464264590994e+01
   4.70602990000000e+07   1.73852640728001e-06   2.51024706501504e+01
   4.74603010000000e+07   1.62238586653984e-06   2.50144012070648e+01
   4.78603040000000e+07   2.04942602977098e-06   2.49583570159945e+01
   4.82603060000000e+07   1.43966576615639e-06   2.51825337802020e+01
   4.86603090000000e+07   1.99472856365901e-06   2.50624390851152e+01
   4.90603120000000e+07   1.80328811438812e-06   2.51064738066536e+01
   4.94603140000000e+07   1.74786305251473e-06   2.50184043635693e+01
   4.98603170000000e+07   2.15580939766369e-06   2.51264895891685e+01
   5.02603190000000e+07   1.48926642395963e-06   2.51344959021740e+01
   5.06603220000000e+07   2.13025828088576e-06   2.51905400932058e+01
   5.10603250000000e+07   1.76273704255436e-06   2.49743696420159e+01
   5.14603270000000e+07   1.80957817974559e-06   2.49383412334665e+01
   5.18603300000000e+07   2.11385872717074e-06   2.49823759550261e+01
   9.51922210000000e+07   2.18700210098177e-04   2.49983885810460e+01
   9.55922240000000e+07   1.75587229023222e-06   2.50704453981228e+01
   9.59922270000000e+07   1.72969009781809e-06   2.50504296156035e+01
   9.63922290000000e+07   1.76502385329513e-06   2.50664422416190e+01
   9.67922320000000e+07   1.84860755325644e-06   2.50224075200738e+01
   9.71922340000000e+07   1.68221538388025e-06   2.50704453981228e+01
   9.75922370000000e+07   1.90096659480332e-06   2.50824548676336e+01
   9.79922400000000e+07   1.76386004113738e-06   2.50544327721075e+01
   9.83922420000000e+07   1.80915344571986e-06   2.50184043635693e+01
   9.87922450000000e+07   1.79510948328243e-06   2.50904611806405e+01
   9.91922470000000e+07   2.02285741579544e-06   2.50264106765782e+01
   9.95922500000000e+07   2.04452976504399e-06   2.50344169895869e+01
   9.99922520000000e+07   2.03457534553309e-06   2.50744485546264e+01
   1.00392255000000e+08   1.99220130525646e-06   2.51304927456713e+01
   1.00792258000000e+08   2.12464306059701e-06   2.50144012070648e+01
   1.01192260000000e+08   1.98554425878683e-06   2.50504296156035e+01
   1.01592263000000e+08   2.02852925212937e-06   2.51505085281844e+01
   1.01992265000000e+08   1.98886914404284e-06   2.51104769631567e+01
   1.02392268000000e+08   2.03965123546368e-06   2.50144012070648e+01
   1.02792271000000e+08   1.92595007320051e-06   2.50664422416190e+01
   1.03192273000000e+08   1.85445935585449e-06   2.50624390851152e+01
   1.03592276000000e+08   1.92323250303161e-06   2.50144012070648e+01
   1.03992278000000e+08   1.87481373359333e-06   2.51104769631567e+01
   1.04392281000000e+08   1.84943701242446e-06   2.50144012070648e+01
   1.04792284000000e+08   1.85447993317212e-06   2.50103980505602e+01
   1.48827965000000e+08   1.75075198058039e-04   2.50063948940555e+01
   1.49227968000000e+08   1.61898378792102e-06   2.51425022151793e+01
   1.49627970000000e+08   2.02572255147970e-06   2.50144012070648e+01
   1.50027973000000e+08   1.68926123933488e-06   2.52025495627110e+01
   1.50427975000000e+08   1.80542724592669e-06   2.51344959021740e+01
   1.50827978000000e+08   2.11702717933804e-06   2.48903033553927e+01
   1.51227981000000e+08   1.57444560500153e-06   2.48102402252496e+01
   1.51627983000000e+08   2.13672774407314e-06   2.51905400932058e+01
   1.52027986000000e+08   1.80820313744334e-06   2.52465842842254e+01
   1.52427988000000e+08   1.87797593298455e-06   2.51825337802020e+01
   1.52827991000000e+08   2.02789146896976e-06   2.49943854245411e+01
   1.53227994000000e+08   1.60823151418299e-06   2.52065527192126e+01
   1.53627996000000e+08   2.19316711991269e-06   2.50824548676336e+01
   1.54027999000000e+08   1.57364718234021e-06   2.50864580241371e+01
   1.54428001000000e+08   1.93807886716968e-06   2.49823759550261e+01
   1.54828004000000e+08   1.98028192244237e-06   2.51905400932058e+01
   1.55228006000000e+08   1.83304086931457e-06   2.51264895891685e+01
   1.55628009000000e+08   2.26115798795945e-06   2.48943065118992e+01
   1.56028012000000e+08   1.87992941391713e-06   2.50424233025953e+01
   1.56428014000000e+08   2.17087881537736e-06   2.51064738066536e+01
   1.56828017000000e+08   2.07970924748224e-06   2.49223286074429e+01
   1.57228019000000e+08   1.79903531716263e-06   2.48782938858728e+01
   1.57628022000000e+08   2.37501444644295e-06   2.50304138330826e+01
   1.58028025000000e+08   1.70880673522333e-06   2.50304138330826e+01
   1.58428027000000e+08   2.16333705793659e-06   2.49103191379245e+01
   1.93422414000000e+08   1.70400191564113e-04   2.49503507029835e+01
   1.93822417000000e+08   1.73224100308289e-06   2.48782938858728e+01
   1.94222419000000e+08   1.47713706155628e-06   2.51144801196597e+01
   1.94622422000000e+08   2.00079466594616e-06   2.51024706501504e+01
   1.95022425000000e+08   1.61969649070670e-06   2.51304927456713e+01
   1.95422427000000e+08   1.86274098723516e-06   2.51224864326656e+01
   1.95822430000000e+08   2.15368049794051e-06   2.51465053716819e+01
   1.96222432000000e+08   1.62289279614924e-06   2.50304138330826e+01
   1.96622435000000e+08   2.21308687287092e-06   2.51425022151793e+01
   1.97022438000000e+08   1.47305831887934e-06   2.50344169895869e+01
   1.97422440000000e+08   1.92246261576656e-06   2.50704453981228e+01
   1.97822443000000e+08   1.70642351804418e-06   2.48582781033385e+01
   1.98222445000000e+08   1.49355605572055e-06   2.49543538594890e+01
   1.98622448000000e+08   2.04394928005058e-06   2.49223286074429e+01
   1.99022451000000e+08   1.37563154112286e-06   2.49863791115312e+01
   1.99422453000000e+08   1.66378913490917e-06   2.49383412334665e+01
   1.99822456000000e+08   1.76213643499068e-06   2.49783727985210e+01
   2.00222458000000e+08   1.39661460707430e-06   2.49703664855106e+01
   2.00622461000000e+08   1.94646804629883e-06   2.49623601725000e+01
   2.01022463000000e+08   1.35626135033817e-06   2.47742118166770e+01
   2.01422466000000e+08   1.89989293630788e-06   2.48742907293661e+01
   2.01822469000000e+08   1.66341897056554e-06   2.49983885810460e+01
   2.02222471000000e+08   1.58870250288601e-06   2.50784517111300e+01
   2.02622474000000e+08   1.97475128516089e-06   2.50144012070648e+01
   2.03022476000000e+08   1.44434841331531e-06   2.50944643371439e+01
