   4.00002000000000e+05   1.81297946255654e-06   2.50864580241371e+01
   8.00005000000000e+05   1.94589392776834e-06   2.49583570159945e+01
   1.20000700000000e+06   1.79044525339123e-06   2.49183254509368e+01
   1.60001000000000e+06   2.02404066840245e-06   2.50304138330826e+01
   2.00001200000000e+06   2.01623197426670e-06   2.49063159814183e+01
   2.40001500000000e+06   1.80428787643905e-06   2.48342591642952e+01
   2.80001800000000e+06   1.83259180630557e-06   2.50904611806405e+01
   3.20002000000000e+06   1.46149852753297e-06   2.49863791115312e+01
   3.60002300000000e+06   1.62852734320040e-06   2.50504296156035e+01
   4.00002500000000e+06   1.41341274684237e-06   2.50624390851152e+01
   4.40002800000000e+06   1.50486562233709e-06   2.50344169895869e+01
   4.80003100000000e+06   1.65797462159389e-06   2.50664422416190e+01
   5.20003300000000e+06   1.64099526500650e-06   2.50023917375508e+01
   5.60003600000000e+06   1.66461120443273e-06   2.51064738066536e+01
   6.00003800000000e+06   1.75270213276235e-06   2.51785306237000e+01
   6.40004100000000e+06   1.59666467425268e-06   2.50664422416190e+01
   6.80004400000000e+06   1.80484698830696e-06   2.50784517111300e+01
   7.20004600000000e+06   1.53650080392254e-06   2.50784517111300e+01
   7.60004900000000e+06   1.86987972483621e-06   2.50544327721075e+01
   8.00005100000000e+06   1.54666395246750e-06   2.50103980505602e+01
   8.40005400000000e+06   1.73240493950289e-06   2.49223286074429e+01
   8.80005700000000e+06   1.85567648713914e-06   2.49663633290053e+01
   9.20005900000000e+06   1.91347203326586e-06   2.49823759550261e+01
   9.60006200000000e+06   2.04161528927216e-06   2.50384201460911e+01
   4.20201570000000e+07   1.48400285979733e-04   2.49783727985210e+01
   4.24201600000000e+07   1.87130819995218e-06   2.50864580241371e+01
   4.28201630000000e+07   2.22909216063272e-06   2.49943854245411e+01
   4.32201650000000e+07   1.43281181408383e-06   2.47982307557260e+01
   4.36201680000000e+07   2.08005849344772e-06   2.51224864326656e+01
   4.40201700000000e+07   1.71348983712960e-06   2.50304138330826e+01
   4.44201730000000e+07   1.83414783805347e-06   2.51384990586767e+01
   4.48201760000000e+07   2.09787845051324e-06   2.50264106765782e+01
   4.52201780000000e+07   1.76428022768960e-06   2.52145590322157e+01
   4.56201810000000e+07   2.32557204071782e-06   2.49743696420159e+01
   4.60201830000000e+07   1.91036224350682e-06   2.49983885810460e+01
   4.64201860000000e+07   1.98150132746377e-06   2.51064738066536e+01
   4.68201890000000e+07   2.17867545870831e-06   2.49183254509368e+01
   4.72201910000000e+07   1.61527771069814e-06   2.49423443899722e+01
   4.76201940000000e+07   2.12557210943487e-06   2.50304138330826e+01
   4.80201960000000e+07   1.67048449384311e-06   2.49863791115312e+01
   4.84201990000000e+07   2.03184208658058e-06   2.49103191379245e+01
   4.88202020000000e+07   1.96893302017997e-06   2.49543538594890e+01
   4.92202040000000e+07   1.53499001953605e-06   2.50224075200738e+01
   4.96202070000000e+07   2.22810649574967e-06   2.49663633290053e+01
   5.00202090000000e+07   1.63086235716037e-06   2.49903822680362e+01
   5.04202120000000e+07   1.96969358512433e-06   2.50224075200738e+01
   5.08202150000000e+07   1.87756063496636e-06   2.49063159814183e+01
   5.12202170000000e+07   1.64393418344844e-06   2.49503507029835e+01
   5.16202200000000e+07   2.16110561268579e-06   2.50264106765782e+01
   9.49217350000000e+07   1.96400185814127e-04   2.50063948940555e+01
   9.53217370000000e+07   2.04977141038398e-06   2.49863791115312e+01
   9.57217400000000e+07   1.91625622392166e-06   2.50744485546264e+01
   9.61217430000000e+07   1.73673572589905e-06   2.50504296156035e+01
   9.65217450000000e+07   2.20372362491617e-06   2.49823759550261e+01
   9.69217480000000e+07   1.51075710164150e-06   2.50704453981228e+01
   9.73217500000000e+07   1.56815417540201e-06   2.50384201460911e+01
   9.77217530000000e+07   1.71285762462503e-06   2.50504296156035e+01
   9.81217560000000e+07   1.37677909606282e-06   2.50424233025953e+01
   9.85217580000000e+07   1.77515869381750e-06   2.50624390851152e+01
   9.89217610000000e+07   1.35721495553298e-06   2.49863791115312e+01
   9.93217630000000e+07   1.73844694018044e-06   2.49823759550261e+01
   9.97217660000000e+07   1.57869885697437e-06   2.50464264590994e+01
   1.00121769000000e+08   1.42696831062494e-06   2.49063159814183e+01
   1.00521771000000e+08   1.80857489340269e-06   2.50824548676336e+01
   1.00921774000000e+08   1.64552102432935e-06   2.49583570159945e+01
   1.01321776000000e+08   1.88454191629717e-06   2.49463475464779e+01
   1.01721779000000e+08   1.90065168226283e-06   2.49903822680362e+01
   1.02121782000000e+08   1.75235823007824e-06   2.49583570159945e+01
   1.02521784000000e+08   2.11250971915433e-06   2.49583570159945e+01
   1.02921787000000e+08   1.52597806390986e-06   2.50504296156035e+01
   1.03321789000000e+08   2.01269403987681e-06   2.50704453981228e+01
   1.03721792000000e+08   1.79471442152135e-06   2.50504296156035e+01
   1.04121795000000e+08   1.60843319463311e-06   2.49583570159945e+01
   1.04521797000000e+08   1.94295603250794e-06   2.49903822680362e+01
   1.47820694000000e+08   1.99075293494388e-04   2.50224075200738e+01
   1.48220697000000e+08   2.15257477975683e-06   2.50144012070648e+01
   1.48620700000000e+08   2.06661570700817e-06   2.50664422416190e+01
   1.49020702000000e+08   1.93243113244534e-06   2.50184043635693e+01
   1.49420705000000e+08   1.87580440069723e-06   2.50864580241371e+01
   1.49820707000000e+08   1.82129383574647e-06   2.50944643371439e+01
   1.50220710000000e+08   1.81465406967618e-06   2.50784517111300e+01
   1.50620713000000e+08   1.96073028746468e-06   2.50264106765782e+01
   1.51020715000000e+08   1.58280374762398e-06   2.51024706501504e+01
   1.51420718000000e+08   1.69606630606722e-06   2.50664422416190e+01
   1.51820720000000e+08   1.54431961618684e-06   2.50504296156035e+01
   1.52220723000000e+08   1.76443552390992e-06   2.50544327721075e+01
   1.52620726000000e+08   1.53027883698087e-06   2.49663633290053e+01
   1.53020728000000e+08   1.62656795055227e-06   2.51064738066536e+01
   1.53420731000000e+08   1.80252891368582e-06   2.49863791115312e+01
   1.53820733000000e+08   1.64550215231429e-06   2.49783727985210e+01
   1.54220736000000e+08   1.72126146935625e-06   2.51024706501504e+01
   1.54620739000000e+08   1.78655886884371e-06   2.50063948940555e+01
   1.55020741000000e+08   1.74159742982738e-06   2.49623601725000e+01
   1.55420744000000e+08   1.91622439160710e-06   2.50544327721075e+01
   1.55820746000000e+08   1.65586970979348e-06   2.49943854245411e+01
   1.56220749000000e+08   1.92718221114774e-06   2.50144012070648e+01
   1.56620751000000e+08   1.73303249084711e-06   2.50784517111300e+01
   1.57020754000000e+08   1.68616327300697e-06   2.50824548676336e+01
   1.57420757000000e+08   1.77496883679851e-06   2.49983885810460e+01
   1.92442902000000e+08   1.60725088790059e-04   2.47982307557260e+01
   1.92842905000000e+08   1.87534169526771e-06   2.46621234344184e+01
   1.93242908000000e+08   1.59237970365211e-06   2.52465842842254e+01
   1.93642910000000e+08   1.95721008822147e-06   2.49463475464779e+01
   1.94042913000000e+08   1.65368544458033e-06   2.48742907293661e+01
   1.94442915000000e+08   1.81520567821281e-06   2.50704453981228e+01
   1.94842918000000e+08   1.77849358351523e-06   2.47421865646082e+01
   1.95242921000000e+08   1.62674007242458e-06   2.55668368041045e+01
   1.95642923000000e+08   1.68569181369094e-06   2.49583570159945e+01
   1.96042926000000e+08   1.71266810866655e-06   2.50224075200738e+01
   1.96442928000000e+08   1.65327583090402e-06   2.47501928776258e+01
   1.96842931000000e+08   1.67633561432012e-06   2.54267263267060e+01
   1.97242934000000e+08   1.34195954615279e-06   2.50704453981228e+01
   1.97642936000000e+08   1.65326832757273e-06   2.49103191379245e+01
   1.98042939000000e+08   1.38041878017248e-06   2.54027073877158e+01
   1.98442941000000e+08   1.56615203650290e-06   2.50944643371439e+01
   1.98842944000000e+08   1.65548169661633e-06   2.51425022151793e+01
   1.99242947000000e+08   1.66387553690583e-06   2.50344169895869e+01
   1.99642949000000e+08   1.84004829861806e-06   2.47101613125353e+01
   2.00042952000000e+08   1.63004892783647e-06   2.49663633290053e+01
   2.00442954000000e+08   1.77264030298829e-06   2.50944643371439e+01
   2.00842957000000e+08   1.84314035323041e-06   2.50744485546264e+01
   2.01242960000000e+08   1.64434356975107e-06   2.48742907293661e+01
   2.01642962000000e+08   1.88223486929928e-06   2.50344169895869e+01
   2.02042965000000e+08   1.75841455529735e-06   2.50344169895869e+01
