   4.00002000000000e+05   1.61141542776022e-06   2.49743696420159e+01
   8.00005000000000e+05   2.19473326978914e-06   2.49743696420159e+01
   1.20000700000000e+06   1.85412363862270e-06   2.49383412334665e+01
   1.60001000000000e+06   2.09865083888872e-06   2.50384201460911e+01
   2.00001200000000e+06   2.07950574804272e-06   2.50023917375508e+01
   2.40001500000000e+06   1.98186125999200e-06   2.49943854245411e+01
   2.80001800000000e+06   2.04452385332843e-06   2.49583570159945e+01
   3.20002000000000e+06   1.85023338872270e-06   2.50184043635693e+01
   3.60002300000000e+06   2.03107015295245e-06   2.49823759550261e+01
   4.00002500000000e+06   1.99608052753319e-06   2.49103191379245e+01
   4.40002800000000e+06   1.81349196282099e-06   2.49583570159945e+01
   4.80003100000000e+06   2.13613725463802e-06   2.49303349204548e+01
   5.20003300000000e+06   1.96232213056646e-06   2.50304138330826e+01
   5.60003600000000e+06   2.01370744434826e-06   2.49463475464779e+01
   6.00003800000000e+06   2.09555355468183e-06   2.50464264590994e+01
   6.40004100000000e+06   1.94750350601680e-06   2.49543538594890e+01
   6.80004400000000e+06   2.06971867555694e-06   2.49863791115312e+01
   7.20004600000000e+06   1.79001926881028e-06   2.50464264590994e+01
   7.60004900000000e+06   1.90683726941643e-06   2.49183254509368e+01
   8.00005100000000e+06   1.97755571207381e-06   2.49623601725000e+01
   8.40005400000000e+06   1.75119748746511e-06   2.49823759550261e+01
   8.80005700000000e+06   2.05648007067794e-06   2.49663633290053e+01
   9.20005900000000e+06   1.98268867279694e-06   2.49983885810460e+01
   9.60006200000000e+06   1.98751945390541e-06   2.49743696420159e+01
   4.21321070000000e+07   2.37185019068420e-03   2.51224864326656e+01
   4.25321090000000e+07   1.44794489642663e-06   2.51184832761627e+01
   4.29321120000000e+07   8.28906308925070e-07   2.50984674936472e+01
   4.33321140000000e+07   3.21307857120701e-06   2.50664422416190e+01
   4.37321170000000e+07   8.39351457671000e-07   2.51344959021740e+01
   4.41321200000000e+07   2.21931281885190e-06   2.51024706501504e+01
   4.45321220000000e+07   1.07269715954317e-06   2.49863791115312e+01
   4.49321250000000e+07   8.89040961737919e-07   2.49543538594890e+01
   4.53321270000000e+07   3.04344712276361e-06   2.49343380769607e+01
   4.57321300000000e+07   6.27829706445482e-07   2.49383412334665e+01
   4.61321330000000e+07   2.20749302570766e-06   2.49703664855106e+01
   4.65321350000000e+07   1.01828914012003e-06   2.49903822680362e+01
   4.69321380000000e+07   9.75018338067457e-07   2.49663633290053e+01
   4.73321400000000e+07   2.90591447082988e-06   2.50144012070648e+01
   4.77321430000000e+07   7.06430853369966e-07   2.49903822680362e+01
   4.81321460000000e+07   2.13706402973912e-06   2.49423443899722e+01
   4.85321480000000e+07   9.01540943232249e-07   2.50023917375508e+01
   4.89321510000000e+07   1.18631544410164e-06   2.50224075200738e+01
   4.93321530000000e+07   3.01837417282513e-06   2.50784517111300e+01
   4.97321560000000e+07   8.02038698566321e-07   2.49863791115312e+01
   5.01321590000000e+07   2.12326131077134e-06   2.51224864326656e+01
   5.05321610000000e+07   1.09384143343050e-06   2.51545116846868e+01
   5.09321640000000e+07   1.59753710704535e-06   2.50544327721075e+01
   5.13321660000000e+07   3.15064676215115e-06   2.51545116846868e+01
   5.17321690000000e+07   9.30939847876289e-07   2.51224864326656e+01
   9.54716670000000e+07  -4.23482479527593e-03   2.50864580241371e+01
   9.58716690000000e+07   4.62741525097954e-08   2.50023917375508e+01
   9.62716720000000e+07   2.37591962104489e-06   2.50864580241371e+01
   9.66716750000000e+07   2.07972630050790e-06   2.51064738066536e+01
   9.70716770000000e+07   2.38162851928791e-06   2.49623601725000e+01
   9.74716800000000e+07   4.16024386140634e-06   2.50344169895869e+01
   9.78716820000000e+07  -2.65400302623675e-07   2.50544327721075e+01
   9.82716850000000e+07   2.47669686359586e-06   2.50063948940555e+01
   9.86716880000000e+07   1.62625360644597e-06   2.50464264590994e+01
   9.90716900000000e+07   2.03036188395345e-06   2.50264106765782e+01
   9.94716930000000e+07   3.32342892761517e-06   2.50063948940555e+01
   9.98716950000000e+07  -6.51651703265088e-07   2.50504296156035e+01
   1.00271698000000e+08   1.99184046323353e-06   2.49663633290053e+01
   1.00671700000000e+08   1.62349692800490e-06   2.50103980505602e+01
   1.01071703000000e+08   2.16754938264785e-06   2.50664422416190e+01
   1.01471706000000e+08   3.43402962243999e-06   2.50224075200738e+01
   1.01871708000000e+08  -3.71250081343533e-07   2.50504296156035e+01
   1.02271711000000e+08   2.37323001783807e-06   2.50544327721075e+01
   1.02671713000000e+08   1.88679643997602e-06   2.50704453981228e+01
   1.03071716000000e+08   2.56528574027470e-06   2.51304927456713e+01
   1.03471719000000e+08   3.32214926856977e-06   2.49983885810460e+01
   1.03871721000000e+08  -4.21175556652997e-08   2.50784517111300e+01
   1.04271724000000e+08   2.82167388832022e-06   2.50184043635693e+01
   1.04671726000000e+08   1.77393644662516e-06   2.51264895891685e+01
   1.05071729000000e+08   2.27144187192607e-06   2.51184832761627e+01
   1.48579979000000e+08   4.63084969669580e-03   2.50464264590994e+01
   1.48979981000000e+08   1.43859415402403e-06   2.49983885810460e+01
   1.49379984000000e+08   1.24883104035689e-06   2.49623601725000e+01
   1.49779987000000e+08   2.93545122076466e-06   2.50424233025953e+01
   1.50179989000000e+08   3.39615752409372e-07   2.50384201460911e+01
   1.50579992000000e+08   1.84884629561566e-06   2.50063948940555e+01
   1.50979994000000e+08   1.97003305402177e-06   2.50704453981228e+01
   1.51379997000000e+08   1.03569686871197e-06   2.50344169895869e+01
   1.51780000000000e+08   3.07031837110117e-06   2.50224075200738e+01
   1.52180002000000e+08   4.44669893795435e-07   2.50624390851152e+01
   1.52580005000000e+08   2.36628966376884e-06   2.50224075200738e+01
   1.52980007000000e+08   1.59878322847362e-06   2.50984674936472e+01
   1.53380010000000e+08   1.64577977557201e-06   2.51104769631567e+01
   1.53780013000000e+08   3.23414087688434e-06   2.49943854245411e+01
   1.54180015000000e+08   8.11417919521773e-07   2.51104769631567e+01
   1.54580018000000e+08   2.21807340494706e-06   2.50424233025953e+01
   1.54980020000000e+08   2.10493863050942e-06   2.50504296156035e+01
   1.55380023000000e+08   1.85899602911377e-06   2.50344169895869e+01
   1.55780026000000e+08   3.02028161058843e-06   2.50264106765782e+01
   1.56180028000000e+08   9.83164568424399e-07   2.50424233025953e+01
   1.56580031000000e+08   2.34768958762288e-06   2.50264106765782e+01
   1.56980033000000e+08   1.88662954769825e-06   2.50544327721075e+01
   1.57380036000000e+08   1.27900000279624e-06   2.49503507029835e+01
   1.57780039000000e+08   3.01533873425797e-06   2.50264106765782e+01
   1.58180041000000e+08   6.16412478393613e-07   2.50023917375508e+01
   1.92821943000000e+08  -2.05619959160686e-03   2.50264106765782e+01
   1.93221946000000e+08   2.07361813409079e-06   2.50864580241371e+01
   1.93621949000000e+08   1.25970029785094e-06   2.50424233025953e+01
   1.94021951000000e+08   2.57533315561886e-07   2.50184043635693e+01
   1.94421954000000e+08   1.63719516876881e-06   2.50224075200738e+01
   1.94821956000000e+08   9.37466325012792e-07   2.49823759550261e+01
   1.95221959000000e+08   2.28772933041910e-06   2.49743696420159e+01
   1.95621962000000e+08   8.33011426948360e-07   2.50784517111300e+01
   1.96021964000000e+08   5.71533803395141e-07   2.50304138330826e+01
   1.96421967000000e+08   1.77380513832759e-06   2.49943854245411e+01
   1.96821969000000e+08   1.57296278757713e-06   2.50824548676336e+01
   1.97221972000000e+08   2.35001812143310e-06   2.49863791115312e+01
   1.97621975000000e+08   1.85795477136708e-06   2.49783727985210e+01
   1.98021977000000e+08   1.31172885176056e-06   2.49863791115312e+01
   1.98421980000000e+08   2.23518486563989e-06   2.49943854245411e+01
   1.98821982000000e+08   1.93047003449465e-06   2.50063948940555e+01
   1.99221985000000e+08   3.21361403621268e-06   2.50224075200738e+01
   1.99621987000000e+08   2.03107629204169e-06   2.50224075200738e+01
   2.00021990000000e+08   1.75025365933834e-06   2.51144801196597e+01
   2.00421993000000e+08   2.61028458226065e-06   2.50144012070648e+01
   2.00821995000000e+08   2.28809699365229e-06   2.50904611806405e+01
   2.01221998000000e+08   2.27674900088459e-06   2.49263317639489e+01
   2.01622000000000e+08   1.82456597030978e-06   2.50864580241371e+01
   2.02022003000000e+08   1.60301931373397e-06   2.50544327721075e+01
   2.02422006000000e+08   2.39504129240231e-06   2.50224075200738e+01
