   4.00002000000000e+05   1.94386188923090e-06   2.50023917375508e+01
   8.00005000000000e+05   2.01384932552173e-06   2.50224075200738e+01
   1.20000800000000e+06   1.94157632904535e-06   2.50264106765782e+01
   1.60001000000000e+06   1.87852560884494e-06   2.50023917375508e+01
   2.00001300000000e+06   2.22408652916783e-06   2.50664422416190e+01
   2.40001500000000e+06   1.64440496064344e-06   2.50063948940555e+01
   2.80001800000000e+06   1.84938187430816e-06   2.49623601725000e+01
   3.20002100000000e+06   1.90957075574261e-06   2.50584359286114e+01
   3.60002300000000e+06   1.76719652245083e-06   2.50664422416190e+01
   4.00002600000000e+06   1.83865029157460e-06   2.50103980505602e+01
   4.40002800000000e+06   1.54454460243869e-06   2.49823759550261e+01
   4.80003100000000e+06   1.70721102676907e-06   2.50544327721075e+01
   5.20003400000000e+06   1.52884740600712e-06   2.49783727985210e+01
   5.60003600000000e+06   1.34781896576897e-06   2.50704453981228e+01
   6.00003900000000e+06   1.79663720700773e-06   2.51304927456713e+01
   6.40004100000000e+06   1.61035393375641e-06   2.49583570159945e+01
   6.80004400000000e+06   2.08318169825361e-06   2.50424233025953e+01
   7.20004700000000e+06   1.91621802514419e-06   2.50344169895869e+01
   7.60004900000000e+06   1.99666828848422e-06   2.50023917375508e+01
   8.00005200000000e+06   2.01114585252071e-06   2.50384201460911e+01
   8.40005400000000e+06   1.70763053120027e-06   2.50544327721075e+01
   8.80005700000000e+06   1.94080303117516e-06   2.50224075200738e+01
   9.20006000000000e+06   1.80763925072824e-06   2.50544327721075e+01
   9.60006200000000e+06   1.64102573307900e-06   2.50184043635693e+01
   4.22005500000000e+07   2.36021261662245e-03   2.49543538594890e+01
   4.26005530000000e+07   9.20380955449218e-07   2.49583570159945e+01
   4.30005550000000e+07   2.20235983761086e-06   2.49903822680362e+01
   4.34005580000000e+07   3.25644941767678e-06   2.49183254509368e+01
   4.38005600000000e+07  -1.83671446052358e-07   2.50984674936472e+01
   4.42005630000000e+07   2.96739699479076e-06   2.50824548676336e+01
   4.46005660000000e+07   7.24760695902660e-07   2.49743696420159e+01
   4.50005680000000e+07   2.52516088039556e-06   2.50984674936472e+01
   4.54005710000000e+07   2.89006061393593e-06   2.50424233025953e+01
   4.58005730000000e+07  -1.00193737750942e-07   2.50784517111300e+01
   4.62005760000000e+07   2.97400038107298e-06   2.50704453981228e+01
   4.66005790000000e+07   6.79744346143707e-07   2.51585148411891e+01
   4.70005810000000e+07   2.25993881031172e-06   2.51184832761627e+01
   4.74005840000000e+07   2.36095706895867e-06   2.50144012070648e+01
   4.78005860000000e+07  -2.57963478134116e-07   2.50464264590994e+01
   4.82005890000000e+07   2.90592515739263e-06   2.50224075200738e+01
   4.86005920000000e+07   6.87505462337867e-07   2.49903822680362e+01
   4.90005940000000e+07   2.36783853324596e-06   2.49183254509368e+01
   4.94005970000000e+07   2.39241057897743e-06   2.49583570159945e+01
   4.98005990000000e+07  -9.16159148545148e-10   2.49623601725000e+01
   5.02006020000000e+07   3.04442733067845e-06   2.48983096684056e+01
   5.06006050000000e+07   1.03166416920430e-06   2.50224075200738e+01
   5.10006070000000e+07   2.79124469670933e-06   2.49903822680362e+01
   5.14006100000000e+07   2.39613427766017e-06   2.50103980505602e+01
   5.18006120000000e+07   4.16560169469449e-07   2.49583570159945e+01
   9.54895310000000e+07  -4.22009872272611e-03   2.49823759550261e+01
   9.58895340000000e+07   1.27650378090038e-06   2.50464264590994e+01
   9.62895370000000e+07   2.57176725426689e-06   2.49823759550261e+01
   9.66895390000000e+07   2.54417523137818e-06   2.50384201460911e+01
   9.70895420000000e+07   2.86013369077409e-06   2.51344959021740e+01
   9.74895440000000e+07   7.46955379327119e-07   2.50704453981228e+01
   9.78895470000000e+07   2.03248123398225e-06   2.50144012070648e+01
   9.82895500000000e+07   3.17890317091951e-06   2.50063948940555e+01
   9.86895520000000e+07   2.80774042948906e-06   2.50304138330826e+01
   9.90895550000000e+07   2.77014055427571e-06   2.50584359286114e+01
   9.94895570000000e+07   1.02246065125655e-06   2.50664422416190e+01
   9.98895600000000e+07   2.60207480096142e-06   2.50504296156035e+01
   1.00289563000000e+08   3.15820443574921e-06   2.50144012070648e+01
   1.00689565000000e+08   2.25136204790033e-06   2.49783727985210e+01
   1.01089568000000e+08   2.30764999287203e-06   2.50144012070648e+01
   1.01489570000000e+08   8.30544991003990e-07   2.49703664855106e+01
   1.01889573000000e+08   2.46381318902422e-06   2.51064738066536e+01
   1.02289576000000e+08   2.83898566522112e-06   2.50664422416190e+01
   1.02689578000000e+08   1.90168327662832e-06   2.49343380769607e+01
   1.03089581000000e+08   1.81808673005435e-06   2.51304927456713e+01
   1.03489583000000e+08   6.96325514581986e-07   2.49263317639489e+01
   1.03889586000000e+08   2.34658045883407e-06   2.50624390851152e+01
   1.04289589000000e+08   2.59562625615217e-06   2.50984674936472e+01
   1.04689591000000e+08   1.74454510215583e-06   2.50624390851152e+01
   1.05089594000000e+08   1.71046406194364e-06   2.51024706501504e+01
   1.48629632000000e+08   4.61997510865331e-03   2.49943854245411e+01
   1.49029635000000e+08   1.06651521036838e-06   2.49863791115312e+01
   1.49429637000000e+08   2.18479272007244e-06   2.50544327721075e+01
   1.49829640000000e+08   1.38710913688556e-06   2.49583570159945e+01
   1.50229642000000e+08   1.13409805635456e-06   2.49903822680362e+01
   1.50629645000000e+08   1.88603951301047e-06   2.49823759550261e+01
   1.51029648000000e+08   8.96518940862734e-07   2.50144012070648e+01
   1.51429650000000e+08   1.97854706129874e-06   2.49863791115312e+01
   1.51829653000000e+08   9.08347544736898e-07   2.49743696420159e+01
   1.52229655000000e+08   1.18325829134847e-06   2.49783727985210e+01
   1.52629658000000e+08   2.03095987671986e-06   2.50144012070648e+01
   1.53029661000000e+08   1.20590777896723e-06   2.49543538594890e+01
   1.53429663000000e+08   2.09961217478849e-06   2.49383412334665e+01
   1.53829666000000e+08   1.26048144011293e-06   2.50944643371439e+01
   1.54229668000000e+08   1.41246005114226e-06   2.48903033553927e+01
   1.54629671000000e+08   1.88916578736098e-06   2.50023917375508e+01
   1.55029674000000e+08   1.05379638171144e-06   2.49143222944307e+01
   1.55429676000000e+08   2.04930233849154e-06   2.49903822680362e+01
   1.55829679000000e+08   1.07345363176137e-06   2.50023917375508e+01
   1.56229681000000e+08   1.52328561853210e-06   2.49183254509368e+01
   1.56629684000000e+08   2.31361786973139e-06   2.50063948940555e+01
   1.57029687000000e+08   1.70482803696359e-06   2.50704453981228e+01
   1.57429689000000e+08   2.50370567300706e-06   2.49943854245411e+01
   1.57829692000000e+08   1.59701562552073e-06   2.49663633290053e+01
   1.58229694000000e+08   2.00913859771390e-06   2.49223286074429e+01
   1.93338505000000e+08  -2.04937485978007e-03   2.50304138330826e+01
   1.93738507000000e+08   3.15538272843696e-06   2.50984674936472e+01
   1.94138510000000e+08   1.85061196589231e-06   2.49823759550261e+01
   1.94538513000000e+08   2.48124933932559e-06   2.49983885810460e+01
   1.94938515000000e+08   1.82990152097773e-06   2.50184043635693e+01
   1.95338518000000e+08   1.15961643132323e-06   2.50864580241371e+01
   1.95738520000000e+08   3.16312343784375e-06   2.50184043635693e+01
   1.96138523000000e+08   1.74718616108294e-06   2.49903822680362e+01
   1.96538526000000e+08   2.49509957939154e-06   2.50023917375508e+01
   1.96938528000000e+08   1.65644553362654e-06   2.50184043635693e+01
   1.97338531000000e+08   1.36009293782990e-06   2.50424233025953e+01
   1.97738533000000e+08   3.06005495076533e-06   2.50344169895869e+01
   1.98138536000000e+08   1.75592901996424e-06   2.51224864326656e+01
   1.98538539000000e+08   2.14014198718360e-06   2.50784517111300e+01
   1.98938541000000e+08   1.39634425977420e-06   2.50464264590994e+01
   1.99338544000000e+08   1.27267048810609e-06   2.50664422416190e+01
   1.99738546000000e+08   2.88140449811181e-06   2.50304138330826e+01
   2.00138549000000e+08   1.39833196044492e-06   2.50624390851152e+01
   2.00538552000000e+08   2.42409441852942e-06   2.50264106765782e+01
   2.00938554000000e+08   1.66257450473495e-06   2.50103980505602e+01
   2.01338557000000e+08   1.82186545316654e-06   2.50224075200738e+01
   2.01738559000000e+08   3.11633789351617e-06   2.50624390851152e+01
   2.02138562000000e+08   1.71103101820336e-06   2.50384201460911e+01
   2.02538565000000e+08   2.36248706642073e-06   2.50664422416190e+01
   2.02938567000000e+08   1.52038353462558e-06   2.51144801196597e+01
