   4.00003000000000e+05   1.35767857045721e-06   2.49263317639489e+01
   8.00006000000000e+05   1.36067853873101e-06   2.48943065118992e+01
   1.20000800000000e+06   1.18566379114782e-06   2.49943854245411e+01
   1.60001100000000e+06   1.40361953526735e-06   2.50144012070648e+01
   2.00001300000000e+06   8.50480716962920e-07   2.49863791115312e+01
   2.40001600000000e+06   9.53193705299782e-07   2.49663633290053e+01
   2.80001900000000e+06   8.75093064678367e-07   2.48943065118992e+01
   3.20002100000000e+06   8.93635615284438e-07   2.50144012070648e+01
   3.60002400000000e+06   9.90631860986468e-07   2.49943854245411e+01
   4.00002600000000e+06   1.18954790195858e-06   2.50544327721075e+01
   4.40002900000000e+06   1.44623550113465e-06   2.50944643371439e+01
   4.80003100000000e+06   1.45287094710511e-06   2.48983096684056e+01
   5.20003400000000e+06   1.29389820813230e-06   2.49663633290053e+01
   5.60003700000000e+06   1.51419089888805e-06   2.50664422416190e+01
   6.00003900000000e+06   1.63103072736703e-06   2.50704453981228e+01
   6.40004200000000e+06   1.72910699802742e-06   2.50224075200738e+01
   6.80004400000000e+06   1.72517911778414e-06   2.50264106765782e+01
   7.20004700000000e+06   1.65136100349628e-06   2.50103980505602e+01
   7.60005000000000e+06   1.86716818006971e-06   2.50224075200738e+01
   8.00005200000000e+06   1.79784399279015e-06   2.50504296156035e+01
   8.40005500000000e+06   2.00018780560640e-06   2.49703664855106e+01
   8.80005700000000e+06   1.95626171262120e-06   2.49663633290053e+01
   9.20006000000000e+06   1.94434733202797e-06   2.50144012070648e+01
   9.60006300000000e+06   2.04571801987186e-06   2.50344169895869e+01
   4.20186040000000e+07   1.50937761645764e-04   2.50023917375508e+01
   4.24186060000000e+07   1.31575768591574e-06   2.51144801196597e+01
   4.28186090000000e+07   1.22397455015744e-06   2.51224864326656e+01
   4.32186120000000e+07   1.18878381272225e-06   2.49943854245411e+01
   4.36186140000000e+07   1.37825202273234e-06   2.51585148411891e+01
   4.40186170000000e+07   1.40659051339753e-06   2.51665211541937e+01
   4.44186190000000e+07   1.63335755587468e-06   2.52185621887171e+01
   4.48186220000000e+07   1.38985467401653e-06   2.51224864326656e+01
   4.52186250000000e+07   1.61873060733342e-06   2.52465842842254e+01
   4.56186270000000e+07   1.57162094183150e-06   2.50624390851152e+01
   4.60186300000000e+07   1.86034208127239e-06   2.50424233025953e+01
   4.64186320000000e+07   1.99023838831636e-06   2.50944643371439e+01
   4.68186350000000e+07   1.97112240130082e-06   2.50544327721075e+01
   4.72186380000000e+07   1.92346556104894e-06   2.50624390851152e+01
   4.76186400000000e+07   2.06307777261827e-06   2.50624390851152e+01
   4.80186430000000e+07   1.91271465155296e-06   2.50424233025953e+01
   4.84186450000000e+07   2.16035687117255e-06   2.49823759550261e+01
   4.88186480000000e+07   1.86310069238971e-06   2.50784517111300e+01
   4.92186510000000e+07   2.00371891878603e-06   2.50704453981228e+01
   4.96186530000000e+07   2.11389237847470e-06   2.49983885810460e+01
   5.00186560000000e+07   2.23227880269405e-06   2.50664422416190e+01
   5.04186580000000e+07   2.43108229369682e-06   2.50704453981228e+01
   5.08186610000000e+07   2.30456066674378e-06   2.50944643371439e+01
   5.12186640000000e+07   2.39767109633249e-06   2.50784517111300e+01
   5.16186660000000e+07   2.40235658566235e-06   2.50824548676336e+01
   9.54793760000000e+07   1.92625419003889e-04   2.49783727985210e+01
   9.58793790000000e+07   2.18970831156184e-06   2.50544327721075e+01
   9.62793810000000e+07   2.19592789107992e-06   2.50784517111300e+01
   9.66793840000000e+07   2.25724511437875e-06   2.50584359286114e+01
   9.70793860000000e+07   2.20476204049191e-06   2.50344169895869e+01
   9.74793890000000e+07   2.25417761612334e-06   2.50584359286114e+01
   9.78793920000000e+07   2.22565449803369e-06   2.51465053716819e+01
   9.82793940000000e+07   2.35376569435175e-06   2.50144012070648e+01
   9.86793970000000e+07   2.42505279857141e-06   2.50864580241371e+01
   9.90793990000000e+07   2.30318050853384e-06   2.50664422416190e+01
   9.94794020000000e+07   2.32975094149879e-06   2.51665211541937e+01
   9.98794040000000e+07   2.13636485568713e-06   2.50023917375508e+01
   1.00279407000000e+08   1.95255984181131e-06   2.51104769631567e+01
   1.00679410000000e+08   1.91622302736505e-06   2.49543538594890e+01
   1.01079412000000e+08   1.89885599866102e-06   2.50224075200738e+01
   1.01479415000000e+08   2.00724957721832e-06   2.50063948940555e+01
   1.01879417000000e+08   2.37410472436750e-06   2.50304138330826e+01
   1.02279420000000e+08   2.60498768511752e-06   2.50063948940555e+01
   1.02679423000000e+08   2.73400542027957e-06   2.51104769631567e+01
   1.03079425000000e+08   2.63661786448210e-06   2.49663633290053e+01
   1.03479428000000e+08   2.66553729488805e-06   2.49943854245411e+01
   1.03879430000000e+08   2.26237989409128e-06   2.50063948940555e+01
   1.04279433000000e+08   1.98421275854344e-06   2.50224075200738e+01
   1.04679436000000e+08   2.01722059500753e-06   2.50264106765782e+01
   1.05079438000000e+08   1.91213530342793e-06   2.50744485546264e+01
   1.48834036000000e+08   2.03625197173096e-04   2.50224075200738e+01
   1.49234039000000e+08   2.22973744712363e-06   2.50184043635693e+01
   1.49634042000000e+08   2.22013773054641e-06   2.49863791115312e+01
   1.50034044000000e+08   1.83651684437791e-06   2.50664422416190e+01
   1.50434047000000e+08   1.59705166424828e-06   2.50184043635693e+01
   1.50834049000000e+08   1.64703590144200e-06   2.49943854245411e+01
   1.51234052000000e+08   1.52243353568338e-06   2.49343380769607e+01
   1.51634055000000e+08   1.75365346422041e-06   2.50424233025953e+01
   1.52034057000000e+08   1.14502904580149e-06   2.50264106765782e+01
   1.52434060000000e+08   1.11085535081656e-06   2.49343380769607e+01
   1.52834062000000e+08   1.22090307286271e-06   2.49823759550261e+01
   1.53234065000000e+08   1.12162422283291e-06   2.50384201460911e+01
   1.53634068000000e+08   1.23899189929944e-06   2.49543538594890e+01
   1.54034070000000e+08   1.80522033588204e-06   2.50504296156035e+01
   1.54434073000000e+08   1.93947494153690e-06   2.49863791115312e+01
   1.54834075000000e+08   2.07033872356988e-06   2.49903822680362e+01
   1.55234078000000e+08   1.77501476628095e-06   2.49303349204548e+01
   1.55634081000000e+08   2.02968476514798e-06   2.50624390851152e+01
   1.56034083000000e+08   1.80641961833317e-06   2.49663633290053e+01
   1.56434086000000e+08   1.65408096108877e-06   2.51224864326656e+01
   1.56834088000000e+08   1.76931780515588e-06   2.49063159814183e+01
   1.57234091000000e+08   1.68652672982716e-06   2.49023128249120e+01
   1.57634093000000e+08   1.78727577804239e-06   2.49543538594890e+01
   1.58034096000000e+08   1.80526717485918e-06   2.50544327721075e+01
   1.58434099000000e+08   1.79747280526499e-06   2.49943854245411e+01
   1.93265403000000e+08   1.56837602844462e-04   2.50344169895869e+01
   1.93665405000000e+08   1.81793211595505e-06   2.49983885810460e+01
   1.94065408000000e+08   1.37396818900015e-06   2.50504296156035e+01
   1.94465410000000e+08   1.28430951917835e-06   2.49423443899722e+01
   1.94865413000000e+08   1.34856713884801e-06   2.51264895891685e+01
   1.95265415000000e+08   1.17200499971659e-06   2.50624390851152e+01
   1.95665418000000e+08   1.24559619507636e-06   2.51465053716819e+01
   1.96065421000000e+08   1.06652260001283e-06   2.50704453981228e+01
   1.96465423000000e+08   8.37114782825665e-07   2.49463475464779e+01
   1.96865426000000e+08   1.05868627997552e-06   2.50704453981228e+01
   1.97265428000000e+08   8.81358118931530e-07   2.50944643371439e+01
   1.97665431000000e+08   1.24347718610807e-06   2.49943854245411e+01
   1.98065434000000e+08   1.92206107385573e-06   2.51425022151793e+01
   1.98465436000000e+08   2.07680704988888e-06   2.50824548676336e+01
   1.98865439000000e+08   2.24906261792057e-06   2.50584359286114e+01
   1.99265441000000e+08   2.01604348148976e-06   2.50824548676336e+01
   1.99665444000000e+08   2.10586813409464e-06   2.50624390851152e+01
   2.00065447000000e+08   2.00293243324268e-06   2.51064738066536e+01
   2.00465449000000e+08   1.82948963356466e-06   2.49863791115312e+01
   2.00865452000000e+08   2.00194949684374e-06   2.50184043635693e+01
   2.01265454000000e+08   1.78965547092957e-06   2.49583570159945e+01
   2.01665457000000e+08   1.99472560780123e-06   2.50984674936472e+01
   2.02065459000000e+08   2.08224264497403e-06   2.50864580241371e+01
   2.02465462000000e+08   1.91759409062797e-06   2.51344959021740e+01
   2.02865465000000e+08   2.16387320506328e-06   2.50544327721075e+01
