   4.00003000000000e+05   1.94680228560173e-06   2.50664422416190e+01
   8.00005000000000e+05   1.95529332813749e-06   2.50224075200738e+01
   1.20000800000000e+06   1.85489466275612e-06   2.50704453981228e+01
   1.60001100000000e+06   1.49981872255012e-06   2.49743696420159e+01
   2.00001300000000e+06   1.78963045982528e-06   2.50384201460911e+01
   2.40001600000000e+06   1.52716745560610e-06   2.50184043635693e+01
   2.80001800000000e+06   1.65680307873117e-06   2.49263317639489e+01
   3.20002100000000e+06   1.58356874635501e-06   2.51104769631567e+01
   3.60002400000000e+06   1.35079346819111e-06   2.50304138330826e+01
   4.00002600000000e+06   1.54704025590036e-06   2.50184043635693e+01
   4.40002900000000e+06   1.33022547288419e-06   2.50224075200738e+01
   4.80003100000000e+06   1.45604303725122e-06   2.49983885810460e+01
   5.20003400000000e+06   1.64371158462018e-06   2.51184832761627e+01
   5.60003700000000e+06   1.36621395085967e-06   2.51144801196597e+01
   6.00003900000000e+06   1.77088600139541e-06   2.50984674936472e+01
   6.40004200000000e+06   1.45917692861985e-06   2.50864580241371e+01
   6.80004400000000e+06   1.65604092217109e-06   2.51024706501504e+01
   7.20004700000000e+06   1.48240485486895e-06   2.51104769631567e+01
   7.60005000000000e+06   1.43808279062796e-06   2.50904611806405e+01
   8.00005200000000e+06   1.58104637648648e-06   2.50864580241371e+01
   8.40005500000000e+06   1.41544296639040e-06   2.49823759550261e+01
   8.80005700000000e+06   1.44583668770792e-06   2.51024706501504e+01
   9.20006000000000e+06   1.72926536379236e-06   2.50264106765782e+01
   9.60006200000000e+06   1.49981281083456e-06   2.50344169895869e+01
   4.20196680000000e+07   2.37572495825589e-03   2.50344169895869e+01
   4.24196710000000e+07   1.80763663593098e-06   2.51264895891685e+01
   4.28196730000000e+07   2.47687864884938e-07   2.50584359286114e+01
   4.32196760000000e+07   3.55678071173315e-06   2.49663633290053e+01
   4.36196780000000e+07   1.57010049406381e-06   2.49703664855106e+01
   4.40196810000000e+07   2.17833667193190e-06   2.50504296156035e+01
   4.44196840000000e+07   1.93077880794590e-06   2.50264106765782e+01
   4.48196860000000e+07   5.15134672696149e-07   2.49823759550261e+01
   4.52196890000000e+07   3.55279098585015e-06   2.50904611806405e+01
   4.56196910000000e+07   1.66961967806856e-06   2.50784517111300e+01
   4.60196940000000e+07   2.17784963751910e-06   2.49983885810460e+01
   4.64196970000000e+07   1.97931080947455e-06   2.49823759550261e+01
   4.68196990000000e+07   7.60128159527085e-07   2.50023917375508e+01
   4.72197020000000e+07   3.43553665516083e-06   2.50063948940555e+01
   4.76197040000000e+07   1.45857893585344e-06   2.50184043635693e+01
   4.80197070000000e+07   2.06597314900137e-06   2.50784517111300e+01
   4.84197100000000e+07   1.85139037967019e-06   2.49583570159945e+01
   4.88197120000000e+07   7.06796470240079e-07   2.49023128249120e+01
   4.92197150000000e+07   3.58574288839009e-06   2.50144012070648e+01
   4.96197170000000e+07   1.89014883744676e-06   2.50744485546264e+01
   5.00197200000000e+07   2.50750531449739e-06   2.50944643371439e+01
   5.04197230000000e+07   2.17041861105827e-06   2.49663633290053e+01
   5.08197250000000e+07   1.33974231175671e-06   2.50464264590994e+01
   5.12197280000000e+07   3.22942241837154e-06   2.50184043635693e+01
   5.16197300000000e+07   1.29930901948683e-06   2.50584359286114e+01
   9.54014080000000e+07  -4.25132410600781e-03   2.50103980505602e+01
   9.58014100000000e+07  -2.14728146374910e-07   2.51024706501504e+01
   9.62014130000000e+07   3.26288181895507e-06   2.51785306237000e+01
   9.66014160000000e+07   2.38931238527584e-06   2.50424233025953e+01
   9.70014180000000e+07   1.67759799296618e-06   2.50304138330826e+01
   9.74014210000000e+07   3.75621107195911e-06   2.50664422416190e+01
   9.78014230000000e+07   2.69767355121076e-07   2.49983885810460e+01
   9.82014260000000e+07   3.61327965947567e-06   2.50544327721075e+01
   9.86014290000000e+07   2.73365753855614e-06   2.50424233025953e+01
   9.90014310000000e+07   1.78353229784989e-06   2.49143222944307e+01
   9.94014340000000e+07   3.01416093861917e-06   2.49743696420159e+01
   9.98014360000000e+07  -5.01012948461721e-07   2.49943854245411e+01
   1.00201439000000e+08   2.92844515570323e-06   2.48582781033385e+01
   1.00601442000000e+08   1.74745287040423e-06   2.49823759550261e+01
   1.01001444000000e+08   1.26221698337758e-06   2.49463475464779e+01
   1.01401447000000e+08   2.68550206783402e-06   2.49063159814183e+01
   1.01801449000000e+08  -3.60692013146036e-07   2.50544327721075e+01
   1.02201452000000e+08   2.77999583886412e-06   2.49783727985210e+01
   1.02601455000000e+08   1.77353763319843e-06   2.50464264590994e+01
   1.03001457000000e+08   1.21184530144092e-06   2.50544327721075e+01
   1.03401460000000e+08   2.86820363726292e-06   2.50103980505602e+01
   1.03801462000000e+08  -1.48100216534885e-08   2.50063948940555e+01
   1.04201465000000e+08   3.27826637658291e-06   2.50784517111300e+01
   1.04601467000000e+08   1.93215441868233e-06   2.50584359286114e+01
   1.05001470000000e+08   1.43324098189623e-06   2.50664422416190e+01
   1.48599569000000e+08   4.65065008029342e-03   2.50944643371439e+01
   1.48999571000000e+08   2.65199719251541e-06   2.50944643371439e+01
   1.49399574000000e+08   1.18959337669367e-06   2.51064738066536e+01
   1.49799577000000e+08   2.66906431534153e-06   2.50384201460911e+01
   1.50199579000000e+08   1.58826003371360e-06   2.50704453981228e+01
   1.50599582000000e+08   1.95079633158457e-06   2.51304927456713e+01
   1.50999584000000e+08   2.53420489570999e-06   2.50624390851152e+01
   1.51399587000000e+08   1.07860648768110e-06   2.51264895891685e+01
   1.51799590000000e+08   2.42575561060221e-06   2.50464264590994e+01
   1.52199592000000e+08   1.47650871440419e-06   2.50504296156035e+01
   1.52599595000000e+08   1.72596526226698e-06   2.50824548676336e+01
   1.52999597000000e+08   2.37801418734307e-06   2.50544327721075e+01
   1.53399600000000e+08   9.18340447242372e-07   2.50144012070648e+01
   1.53799603000000e+08   2.40591612055141e-06   2.50023917375508e+01
   1.54199605000000e+08   1.30902901673835e-06   2.50704453981228e+01
   1.54599608000000e+08   1.64312132255873e-06   2.50664422416190e+01
   1.54999610000000e+08   2.15191539609805e-06   2.50744485546264e+01
   1.55399613000000e+08   1.06981906355941e-06   2.50344169895869e+01
   1.55799616000000e+08   2.25077519644401e-06   2.50063948940555e+01
   1.56199618000000e+08   1.33880746489012e-06   2.49183254509368e+01
   1.56599621000000e+08   1.62183403062954e-06   2.50384201460911e+01
   1.56999623000000e+08   2.18907598537044e-06   2.49783727985210e+01
   1.57399626000000e+08   9.22685217119579e-07   2.50184043635693e+01
   1.57799628000000e+08   2.16812668440980e-06   2.49583570159945e+01
   1.58199631000000e+08   1.14998078970530e-06   2.50704453981228e+01
   1.93445971000000e+08  -2.06737406551838e-03   2.50424233025953e+01
   1.93845974000000e+08   2.10152438739897e-06   2.50904611806405e+01
   1.94245976000000e+08   2.61229570241994e-06   2.49343380769607e+01
   1.94645979000000e+08   2.66509437096829e-06   2.49383412334665e+01
   1.95045981000000e+08   2.10094208341616e-06   2.50023917375508e+01
   1.95445984000000e+08   1.61098648732150e-06   2.49583570159945e+01
   1.95845987000000e+08   2.10555799640133e-06   2.50504296156035e+01
   1.96245989000000e+08   2.47235061578976e-06   2.50824548676336e+01
   1.96645992000000e+08   2.50484436037368e-06   2.50544327721075e+01
   1.97045994000000e+08   1.86965860393684e-06   2.50664422416190e+01
   1.97445997000000e+08   1.11463930352329e-06   2.50864580241371e+01
   1.97846000000000e+08   1.59335434091190e-06   2.50824548676336e+01
   1.98246002000000e+08   1.93232926903875e-06   2.49823759550261e+01
   1.98646005000000e+08   1.95004895431339e-06   2.50144012070648e+01
   1.99046007000000e+08   1.48782328324160e-06   2.50864580241371e+01
   1.99446010000000e+08   1.00135605407559e-06   2.51384990586767e+01
   1.99846013000000e+08   1.60625768330647e-06   2.49663633290053e+01
   2.00246015000000e+08   1.93753544408537e-06   2.51104769631567e+01
   2.00646018000000e+08   1.83356019078929e-06   2.50304138330826e+01
   2.01046020000000e+08   1.55165719206707e-06   2.49663633290053e+01
   2.01446023000000e+08   1.66546874424967e-06   2.50704453981228e+01
   2.01846026000000e+08   2.21576510739396e-06   2.49903822680362e+01
   2.02246028000000e+08   2.44772832047602e-06   2.50023917375508e+01
   2.02646031000000e+08   2.40419353758625e-06   2.50704453981228e+01
   2.03046033000000e+08   1.86972340543434e-06   2.50384201460911e+01
