   4.00002000000000e+05   1.99365581465827e-06   2.51425022151793e+01
   8.00005000000000e+05   1.50802804910199e-06   2.51425022151793e+01
   1.20000800000000e+06   1.99505507225695e-06   2.50824548676336e+01
   1.60001000000000e+06   1.93033906725759e-06   2.50744485546264e+01
   2.00001300000000e+06   1.65325604939426e-06   2.50624390851152e+01
   2.40001600000000e+06   2.31782109949563e-06   2.50224075200738e+01
   2.80001800000000e+06   1.19469484616275e-06   2.50504296156035e+01
   3.20002100000000e+06   2.28492126552737e-06   2.49903822680362e+01
   3.60002300000000e+06   1.56289979713620e-06   2.50264106765782e+01
   4.00002600000000e+06   1.75960803971975e-06   2.50704453981228e+01
   4.40002900000000e+06   2.04604293685406e-06   2.50023917375508e+01
   4.80003100000000e+06   1.57796102939756e-06   2.49463475464779e+01
   5.20003400000000e+06   2.07617858904996e-06   2.50144012070648e+01
   5.60003600000000e+06   1.76619369085529e-06   2.50023917375508e+01
   6.00003900000000e+06   1.69162979091197e-06   2.50544327721075e+01
   6.40004200000000e+06   2.16186163015664e-06   2.49743696420159e+01
   6.80004400000000e+06   1.20059962682717e-06   2.50824548676336e+01
   7.20004700000000e+06   2.11652309189958e-06   2.50464264590994e+01
   7.60005000000000e+06   1.63462470936793e-06   2.50384201460911e+01
   8.00005200000000e+06   1.44368561905139e-06   2.50664422416190e+01
   8.40005500000000e+06   2.43967178903404e-06   2.49983885810460e+01
   8.80005700000000e+06   1.04708692560962e-06   2.50864580241371e+01
   9.20006000000000e+06   2.69130100605253e-06   2.50664422416190e+01
   9.60006300000000e+06   1.26798056498956e-06   2.51905400932058e+01
   4.22463080000000e+07   2.34896270558238e-03   2.50624390851152e+01
   4.26463100000000e+07   1.42207454700838e-06   2.50103980505602e+01
   4.30463130000000e+07   2.30563500736025e-06   2.50584359286114e+01
   4.34463150000000e+07   1.94434164768609e-06   2.50784517111300e+01
   4.38463180000000e+07   2.35569814321934e-06   2.49823759550261e+01
   4.42463210000000e+07   1.00561339877459e-06   2.50784517111300e+01
   4.46463230000000e+07   1.55069994889345e-06   2.51224864326656e+01
   4.50463260000000e+07   1.84622501819831e-06   2.50824548676336e+01
   4.54463290000000e+07   2.49670142693503e-06   2.49903822680362e+01
   4.58463310000000e+07   9.93314529296185e-07   2.50063948940555e+01
   4.62463340000000e+07   1.17737965865672e-06   2.50063948940555e+01
   4.66463360000000e+07   1.58579700837436e-06   2.50144012070648e+01
   4.70463390000000e+07   2.08935352929984e-06   2.50184043635693e+01
   4.74463420000000e+07   1.38475820676831e-06   2.50784517111300e+01
   4.78463440000000e+07   1.30255227759335e-06   2.49423443899722e+01
   4.82463470000000e+07   1.59354044626525e-06   2.49423443899722e+01
   4.86463490000000e+07   1.73654950685886e-06   2.49183254509368e+01
   4.90463520000000e+07   2.10306143344496e-06   2.48983096684056e+01
   4.94463550000000e+07   2.10205530493113e-06   2.49903822680362e+01
   4.98463570000000e+07   9.53530502556532e-07   2.48822970423795e+01
   5.02463600000000e+07   1.70193175108579e-06   2.48943065118992e+01
   5.06463630000000e+07   1.39202063564881e-06   2.50103980505602e+01
   5.10463650000000e+07   2.78046968560375e-06   2.49623601725000e+01
   5.14463680000000e+07   1.58957118401304e-06   2.49823759550261e+01
   5.18463700000000e+07   1.36761889280024e-06   2.50184043635693e+01
   9.54072210000000e+07  -4.19059908017516e-03   2.49743696420159e+01
   9.58072240000000e+07   1.04744238171861e-07   2.50544327721075e+01
   9.62072260000000e+07   2.52369522968365e-06   2.50664422416190e+01
   9.66072290000000e+07   9.39640642627637e-07   2.49543538594890e+01
   9.70072320000000e+07   4.92978324473370e-06   2.49863791115312e+01
   9.74072340000000e+07   6.70712097416981e-07   2.50824548676336e+01
   9.78072370000000e+07   1.59817841449694e-06   2.50664422416190e+01
   9.82072400000000e+07   2.17679848901753e-06   2.51184832761627e+01
   9.86072420000000e+07   8.74506554282561e-07   2.49783727985210e+01
   9.90072450000000e+07   2.45763180828362e-06   2.50384201460911e+01
   9.94072470000000e+07   2.05903620553727e-06   2.50144012070648e+01
   9.98072500000000e+07   2.05658210461479e-07   2.50304138330826e+01
   1.00207253000000e+08   2.27330178859120e-06   2.49263317639489e+01
   1.00607255000000e+08   1.55952946556681e-07   2.50424233025953e+01
   1.01007258000000e+08   4.44198531113216e-06   2.50464264590994e+01
   1.01407260000000e+08  -1.09711727702688e-07   2.49663633290053e+01
   1.01807263000000e+08   7.81894186729915e-07   2.49823759550261e+01
   1.02207266000000e+08   1.98998327505251e-06   2.50304138330826e+01
   1.02607268000000e+08   1.94134554476477e-06   2.50624390851152e+01
   1.03007271000000e+08   2.52884365181671e-06   2.49183254509368e+01
   1.03407274000000e+08   1.62364102607171e-07   2.49903822680362e+01
   1.03807276000000e+08   1.79498260877153e-06   2.49343380769607e+01
   1.04207279000000e+08   2.33847526942554e-06   2.49143222944307e+01
   1.04607281000000e+08   1.75917034539452e-06   2.50264106765782e+01
   1.05007284000000e+08   2.96330676974321e-06   2.49263317639489e+01
   1.47985053000000e+08   4.58862539380789e-03   2.51224864326656e+01
   1.48385056000000e+08   1.34407093810296e-06   2.50264106765782e+01
   1.48785059000000e+08   1.58289822138613e-06   2.50304138330826e+01
   1.49185061000000e+08   3.06684751194553e-06   2.50063948940555e+01
   1.49585064000000e+08   1.75939851487783e-06   2.50224075200738e+01
   1.49985066000000e+08   1.22254175494163e-06   2.50023917375508e+01
   1.50385069000000e+08   1.61360708261782e-06   2.50063948940555e+01
   1.50785072000000e+08   2.01018019652111e-06   2.50864580241371e+01
   1.51185074000000e+08   3.10390169033781e-06   2.50624390851152e+01
   1.51585077000000e+08   1.68421627222415e-06   2.50384201460911e+01
   1.51985079000000e+08   1.34416575292562e-06   2.50784517111300e+01
   1.52385082000000e+08   1.91564959095558e-06   2.50264106765782e+01
   1.52785085000000e+08   2.10165694625175e-06   2.50184043635693e+01
   1.53185087000000e+08   2.89588297164300e-06   2.50624390851152e+01
   1.53585090000000e+08   1.41663440444972e-06   2.49423443899722e+01
   1.53985093000000e+08   1.44974160320999e-06   2.50344169895869e+01
   1.54385095000000e+08   1.95046573026048e-06   2.49663633290053e+01
   1.54785098000000e+08   2.17669639823725e-06   2.49583570159945e+01
   1.55185100000000e+08   2.59931630353094e-06   2.49583570159945e+01
   1.55585103000000e+08   1.28518558994983e-06   2.49783727985210e+01
   1.55985106000000e+08   1.46104480336362e-06   2.50664422416190e+01
   1.56385108000000e+08   2.13102657653508e-06   2.50984674936472e+01
   1.56785111000000e+08   2.11973770092300e-06   2.50664422416190e+01
   1.57185113000000e+08   2.43496128859988e-06   2.50464264590994e+01
   1.57585116000000e+08   9.52450193381082e-07   2.50264106765782e+01
   1.92428063000000e+08  -2.03412445262074e-03   2.50224075200738e+01
   1.92828066000000e+08   1.83708573331387e-06   2.50184043635693e+01
   1.93228068000000e+08   1.61763102823897e-06   2.49783727985210e+01
   1.93628071000000e+08   2.31412445828028e-06   2.49943854245411e+01
   1.94028074000000e+08   6.87769556861895e-07   2.49423443899722e+01
   1.94428076000000e+08   2.36159712585504e-06   2.50144012070648e+01
   1.94828079000000e+08   1.79997493887640e-06   2.50063948940555e+01
   1.95228081000000e+08   1.75317529738095e-06   2.49663633290053e+01
   1.95628084000000e+08   2.24717723540380e-06   2.50304138330826e+01
   1.96028087000000e+08   7.57089878788975e-07   2.50063948940555e+01
   1.96428089000000e+08   2.40158919950773e-06   2.50984674936472e+01
   1.96828092000000e+08   1.69336999533698e-06   2.49623601725000e+01
   1.97228094000000e+08   1.75497405052738e-06   2.50704453981228e+01
   1.97628097000000e+08   2.03637205231644e-06   2.50864580241371e+01
   1.98028100000000e+08   9.21016464872082e-07   2.49783727985210e+01
   1.98428102000000e+08   2.59180978900986e-06   2.49623601725000e+01
   1.98828105000000e+08   1.68893370755541e-06   2.49543538594890e+01
   1.99228107000000e+08   1.74778654127294e-06   2.50264106765782e+01
   1.99628110000000e+08   2.07836023946584e-06   2.50344169895869e+01
   2.00028113000000e+08   1.07307926100475e-06   2.50184043635693e+01
   2.00428115000000e+08   2.84032967101666e-06   2.50304138330826e+01
   2.00828118000000e+08   1.69806935446104e-06   2.49863791115312e+01
   2.01228121000000e+08   2.02561136575241e-06   2.49143222944307e+01
   2.01628123000000e+08   2.09370045922697e-06   2.49143222944307e+01
   2.02028126000000e+08   1.33191804252419e-06   2.49583570159945e+01
