   4.00003000000000e+05   1.05258027360833e-06   2.51545116846868e+01
   8.00006000000000e+05   1.41462203373521e-06   2.50664422416190e+01
   1.20000800000000e+06   2.02639193958021e-06   2.50584359286114e+01
   1.60001100000000e+06   2.12837335311633e-06   2.49903822680362e+01
   2.00001300000000e+06   2.19084154196025e-06   2.50063948940555e+01
   2.40001600000000e+06   2.03107924789947e-06   2.50504296156035e+01
   2.80001900000000e+06   2.04590946850658e-06   2.50023917375508e+01
   3.20002100000000e+06   1.83477357040829e-06   2.50264106765782e+01
   3.60002400000000e+06   1.83380291218782e-06   2.49903822680362e+01
   4.00002600000000e+06   1.77460731265455e-06   2.50624390851152e+01
   4.40002900000000e+06   1.88027752301423e-06   2.50464264590994e+01
   4.80003200000000e+06   1.62672586156987e-06   2.49663633290053e+01
   5.20003400000000e+06   1.42983560635912e-06   2.49983885810460e+01
   5.60003700000000e+06   1.35991069782904e-06   2.49823759550261e+01
   6.00003900000000e+06   1.39564508572221e-06   2.49743696420159e+01
   6.40004200000000e+06   1.34037395582709e-06   2.50624390851152e+01
   6.80004500000000e+06   1.25306178233586e-06   2.50304138330826e+01
   7.20004700000000e+06   8.80379559475841e-07   2.49943854245411e+01
   7.60005000000000e+06   1.02588785466651e-06   2.50264106765782e+01
   8.00005200000000e+06   8.67472408572212e-07   2.50063948940555e+01
   8.40005500000000e+06   9.87782868833165e-07   2.50023917375508e+01
   8.80005800000000e+06   1.22554740755731e-06   2.50023917375508e+01
   9.20006000000000e+06   1.74159083599079e-06   2.50063948940555e+01
   9.60006300000000e+06   1.74844967659737e-06   2.50224075200738e+01
   4.21503920000000e+07   1.46025195135735e-04   2.50664422416190e+01
   4.25503950000000e+07   2.22441030928167e-06   2.48943065118992e+01
   4.29503980000000e+07   2.00878207579080e-06   2.49983885810460e+01
   4.33504000000000e+07   2.07619677894400e-06   2.49303349204548e+01
   4.37504030000000e+07   2.20920037463657e-06   2.49343380769607e+01
   4.41504050000000e+07   1.91993217413255e-06   2.48903033553927e+01
   4.45504080000000e+07   2.29041688726284e-06   2.49223286074429e+01
   4.49504110000000e+07   2.00412705453346e-06   2.49823759550261e+01
   4.53504130000000e+07   2.12831787393952e-06   2.50384201460911e+01
   4.57504160000000e+07   2.14748229154793e-06   2.49783727985210e+01
   4.61504180000000e+07   1.85567603239178e-06   2.50464264590994e+01
   4.65504210000000e+07   2.25563553613028e-06   2.50063948940555e+01
   4.69504240000000e+07   1.64415337167156e-06   2.50344169895869e+01
   4.73504260000000e+07   1.73319040186470e-06   2.50224075200738e+01
   4.77504290000000e+07   1.74937792962737e-06   2.50304138330826e+01
   4.81504310000000e+07   1.58982027187449e-06   2.50824548676336e+01
   4.85504340000000e+07   1.81499922291550e-06   2.50504296156035e+01
   4.89504370000000e+07   2.04940488401917e-06   2.50224075200738e+01
   4.93504390000000e+07   2.24631799028430e-06   2.50904611806405e+01
   4.97504420000000e+07   2.41214274865342e-06   2.50824548676336e+01
   5.01504440000000e+07   2.13305406759901e-06   2.49863791115312e+01
   5.05504470000000e+07   2.41893894781242e-06   2.51184832761627e+01
   5.09504500000000e+07   1.96229757420952e-06   2.50184043635693e+01
   5.13504520000000e+07   2.06423624149465e-06   2.48983096684056e+01
   5.17504550000000e+07   1.99710734705150e-06   2.50063948940555e+01
   9.56606420000000e+07   2.15675085200928e-04   2.50504296156035e+01
   9.60606440000000e+07   1.28643262087280e-06   2.50304138330826e+01
   9.64606470000000e+07   1.14212775770284e-06   2.49703664855106e+01
   9.68606500000000e+07   1.74745298409107e-06   2.50224075200738e+01
   9.72606520000000e+07   1.97035001292534e-06   2.50664422416190e+01
   9.76606550000000e+07   1.98811380869302e-06   2.50504296156035e+01
   9.80606570000000e+07   2.18241780203243e-06   2.50023917375508e+01
   9.84606600000000e+07   1.97403278434649e-06   2.50664422416190e+01
   9.88606630000000e+07   1.77462197825662e-06   2.50264106765782e+01
   9.92606650000000e+07   1.47670596106764e-06   2.51304927456713e+01
   9.96606680000000e+07   1.41638201966998e-06   2.49983885810460e+01
   1.00060670000000e+08   1.56556552610709e-06   2.49583570159945e+01
   1.00460673000000e+08   1.35718710225774e-06   2.50264106765782e+01
   1.00860676000000e+08   1.53746486830642e-06   2.50063948940555e+01
   1.01260678000000e+08   1.68415635926067e-06   2.50904611806405e+01
   1.01660681000000e+08   1.54587348788482e-06   2.50184043635693e+01
   1.02060683000000e+08   1.71519695868483e-06   2.51064738066536e+01
   1.02460686000000e+08   1.55291127157398e-06   2.50304138330826e+01
   1.02860689000000e+08   1.65642495630891e-06   2.49943854245411e+01
   1.03260691000000e+08   1.66815516422503e-06   2.50344169895869e+01
   1.03660694000000e+08   1.53140797465312e-06   2.50224075200738e+01
   1.04060696000000e+08   1.76654793904163e-06   2.49423443899722e+01
   1.04460699000000e+08   1.55544398694474e-06   2.50264106765782e+01
   1.04860702000000e+08   1.53341011355224e-06   2.50464264590994e+01
   1.05260704000000e+08   1.50638004470238e-06   2.50023917375508e+01
   1.49048500000000e+08   1.91850398550741e-04   2.50103980505602e+01
   1.49448502000000e+08   2.02970181817363e-06   2.50784517111300e+01
   1.49848505000000e+08   2.42519013227138e-06   2.51024706501504e+01
   1.50248507000000e+08   1.76508785898477e-06   2.50824548676336e+01
   1.50648510000000e+08   2.47129514718836e-06   2.51024706501504e+01
   1.51048513000000e+08   1.68924498211709e-06   2.50864580241371e+01
   1.51448515000000e+08   1.77523213551467e-06   2.50424233025953e+01
   1.51848518000000e+08   2.05371702577395e-06   2.50824548676336e+01
   1.52248520000000e+08   1.52932227592828e-06   2.50664422416190e+01
   1.52648523000000e+08   2.10990788218623e-06   2.51585148411891e+01
   1.53048526000000e+08   1.58630427904427e-06   2.50544327721075e+01
   1.53448528000000e+08   1.69724023635354e-06   2.50224075200738e+01
   1.53848531000000e+08   1.92169795809605e-06   2.50664422416190e+01
   1.54248533000000e+08   1.40996723985154e-06   2.50904611806405e+01
   1.54648536000000e+08   1.94722019841720e-06   2.50304138330826e+01
   1.55048539000000e+08   1.16698322472075e-06   2.49743696420159e+01
   1.55448541000000e+08   1.17897138807166e-06   2.49663633290053e+01
   1.55848544000000e+08   1.44141392866004e-06   2.50304138330826e+01
   1.56248547000000e+08   9.53649987422978e-07   2.50103980505602e+01
   1.56648549000000e+08   1.58194643518073e-06   2.49783727985210e+01
   1.57048552000000e+08   1.11105600808514e-06   2.50224075200738e+01
   1.57448554000000e+08   1.26422844459739e-06   2.50624390851152e+01
   1.57848557000000e+08   1.47315586218610e-06   2.49983885810460e+01
   1.58248560000000e+08   9.90764192465576e-07   2.50664422416190e+01
   1.58648562000000e+08   1.74583226453251e-06   2.50424233025953e+01
   1.93538761000000e+08   1.71900159330107e-04   2.50944643371439e+01
   1.93938763000000e+08   2.16426838051120e-06   2.50984674936472e+01
   1.94338766000000e+08   2.11625160773110e-06   2.50184043635693e+01
   1.94738768000000e+08   2.09437280318525e-06   2.51264895891685e+01
   1.95138771000000e+08   2.23126016862807e-06   2.51024706501504e+01
   1.95538774000000e+08   2.15999762076535e-06   2.50304138330826e+01
   1.95938776000000e+08   2.08771803045238e-06   2.49503507029835e+01
   1.96338779000000e+08   2.33500873036974e-06   2.49543538594890e+01
   1.96738781000000e+08   1.85523413165356e-06   2.49463475464779e+01
   1.97138784000000e+08   1.76719754563237e-06   2.50224075200738e+01
   1.97538787000000e+08   1.42475073516835e-06   2.49583570159945e+01
   1.97938789000000e+08   1.51227516198560e-06   2.50144012070648e+01
   1.98338792000000e+08   1.55229133724788e-06   2.50304138330826e+01
   1.98738795000000e+08   1.46384047639003e-06   2.49343380769607e+01
   1.99138797000000e+08   1.77729464212462e-06   2.50984674936472e+01
   1.99538800000000e+08   1.66872769113979e-06   2.49943854245411e+01
   1.99938802000000e+08   1.68728183780331e-06   2.50224075200738e+01
   2.00338805000000e+08   1.83376971563121e-06   2.50664422416190e+01
   2.00738808000000e+08   1.44779062338785e-06   2.49463475464779e+01
   2.01138810000000e+08   1.13777753085742e-06   2.51224864326656e+01
   2.01538813000000e+08   9.38784239679080e-07   2.49183254509368e+01
   2.01938815000000e+08   9.32115142404655e-07   2.49623601725000e+01
   2.02338818000000e+08   1.02804085599928e-06   2.50464264590994e+01
   2.02738821000000e+08   9.38194318678143e-07   2.50384201460911e+01
   2.03138823000000e+08   1.40234885748214e-06   2.50224075200738e+01
