   4.00003000000000e+05   2.05439050660061e-06   2.50344169895869e+01
   8.00005000000000e+05   1.69160114182887e-06   2.50184043635693e+01
   1.20000800000000e+06   1.84960720162053e-06   2.49343380769607e+01
   1.60001000000000e+06   1.73575551798422e-06   2.49623601725000e+01
   2.00001300000000e+06   1.80487541001639e-06   2.49463475464779e+01
   2.40001600000000e+06   1.71737508480874e-06   2.50744485546264e+01
   2.80001800000000e+06   1.64257289725356e-06   2.50864580241371e+01
   3.20002100000000e+06   1.80780023129046e-06   2.50184043635693e+01
   3.60002300000000e+06   1.66914935562090e-06   2.50504296156035e+01
   4.00002600000000e+06   1.67110465554288e-06   2.50464264590994e+01
   4.40002900000000e+06   1.89589422916470e-06   2.50023917375508e+01
   4.80003100000000e+06   1.83360396022181e-06   2.49983885810460e+01
   5.20003400000000e+06   1.92987477021234e-06   2.49783727985210e+01
   5.60003600000000e+06   1.76736807588895e-06   2.50584359286114e+01
   6.00003900000000e+06   1.94748008652823e-06   2.50264106765782e+01
   6.40004100000000e+06   1.92481616068108e-06   2.50544327721075e+01
   6.80004400000000e+06   1.81485097527911e-06   2.51024706501504e+01
   7.20004700000000e+06   1.91757953871274e-06   2.49983885810460e+01
   7.60004900000000e+06   1.94846506929025e-06   2.49703664855106e+01
   8.00005200000000e+06   1.96700352717016e-06   2.50023917375508e+01
   8.40005400000000e+06   1.89709214737377e-06   2.49823759550261e+01
   8.80005700000000e+06   2.01586226467043e-06   2.50464264590994e+01
   9.20006000000000e+06   2.08050687433570e-06   2.50103980505602e+01
   9.60006200000000e+06   1.92891729966504e-06   2.50184043635693e+01
   4.21158490000000e+07  -2.05064960755408e-03   2.50584359286114e+01
   4.25158510000000e+07   1.53028770455421e-06   2.50304138330826e+01
   4.29158540000000e+07   1.31553076698765e-06   2.50504296156035e+01
   4.33158570000000e+07   1.80750600975443e-06   2.50664422416190e+01
   4.37158590000000e+07   2.03847639568266e-06   2.50184043635693e+01
   4.41158620000000e+07   2.35096149481251e-06   2.50063948940555e+01
   4.45158640000000e+07   1.41738541969971e-06   2.49863791115312e+01
   4.49158670000000e+07   1.47423838825489e-06   2.49543538594890e+01
   4.53158700000000e+07   1.96782912098570e-06   2.50384201460911e+01
   4.57158720000000e+07   2.10907342079736e-06   2.49903822680362e+01
   4.61158750000000e+07   2.10778716791538e-06   2.49903822680362e+01
   4.65158770000000e+07   1.33049411488173e-06   2.50264106765782e+01
   4.69158800000000e+07   1.54302267674211e-06   2.49983885810460e+01
   4.73158830000000e+07   1.99846954274108e-06   2.50424233025953e+01
   4.77158850000000e+07   2.00105546355189e-06   2.50824548676336e+01
   4.81158880000000e+07   1.96153791875986e-06   2.49943854245411e+01
   4.85158900000000e+07   1.21884647796833e-06   2.51344959021740e+01
   4.89158930000000e+07   1.42190947372001e-06   2.50464264590994e+01
   4.93158950000000e+07   1.82390351710637e-06   2.50704453981228e+01
   4.97158980000000e+07   1.86989439043828e-06   2.50664422416190e+01
   5.01159010000000e+07   1.63145080023241e-06   2.50744485546264e+01
   5.05159030000000e+07   1.09064490061428e-06   2.50184043635693e+01
   5.09159060000000e+07   1.53829023474827e-06   2.50424233025953e+01
   5.13159080000000e+07   1.93752794075408e-06   2.48742907293661e+01
   5.17159110000000e+07   1.68118879173562e-06   2.50464264590994e+01
   9.50718470000000e+07   4.60280012339354e-03   2.50384201460911e+01
   9.54718490000000e+07   1.01088483006606e-06   2.50464264590994e+01
   9.58718520000000e+07   2.87213902083749e-06   2.50544327721075e+01
   9.62718540000000e+07   8.74035947617813e-07   2.50424233025953e+01
   9.66718570000000e+07   1.71521367064997e-06   2.49583570159945e+01
   9.70718590000000e+07   1.87763703252131e-06   2.50744485546264e+01
   9.74718620000000e+07   1.14845761345350e-06   2.50704453981228e+01
   9.78718650000000e+07   2.89488161797635e-06   2.51104769631567e+01
   9.82718670000000e+07   7.27034887404443e-07   2.50504296156035e+01
   9.86718700000000e+07   2.00091562874150e-06   2.50504296156035e+01
   9.90718720000000e+07   1.92839638657460e-06   2.50664422416190e+01
   9.94718750000000e+07   1.53294809024374e-06   2.50384201460911e+01
   9.98718780000000e+07   2.86163731288980e-06   2.50023917375508e+01
   1.00271880000000e+08   8.08309096100857e-07   2.50704453981228e+01
   1.00671883000000e+08   1.71597400822066e-06   2.50704453981228e+01
   1.01071885000000e+08   1.52324571445206e-06   2.50864580241371e+01
   1.01471888000000e+08   1.19842820822669e-06   2.50184043635693e+01
   1.01871891000000e+08   2.32369666264276e-06   2.50784517111300e+01
   1.02271893000000e+08   4.74988496534934e-07   2.50103980505602e+01
   1.02671896000000e+08   2.09584163712861e-06   2.49903822680362e+01
   1.03071898000000e+08   1.88202568551787e-06   2.50544327721075e+01
   1.03471901000000e+08   1.73806199654791e-06   2.50103980505602e+01
   1.03871904000000e+08   2.57149622484576e-06   2.50344169895869e+01
   1.04271906000000e+08   7.13997337697947e-07   2.49983885810460e+01
   1.04671909000000e+08   1.97303165805351e-06   2.50023917375508e+01
   1.48255493000000e+08  -4.20162454247475e-03   2.50704453981228e+01
   1.48655495000000e+08  -1.32544187181338e-07   2.50464264590994e+01
   1.49055498000000e+08   2.07379957828380e-06   2.51184832761627e+01
   1.49455500000000e+08   2.62824732999434e-06   2.49983885810460e+01
   1.49855503000000e+08   7.98039764049463e-07   2.51064738066536e+01
   1.50255506000000e+08   3.34145988745149e-06   2.51705243106959e+01
   1.50655508000000e+08  -2.56866830028457e-08   2.51184832761627e+01
   1.51055511000000e+08   2.54825022238947e-06   2.49223286074429e+01
   1.51455513000000e+08   2.60605520452373e-06   2.49943854245411e+01
   1.51855516000000e+08   1.05316098597541e-06   2.50744485546264e+01
   1.52255519000000e+08   3.14553062708001e-06   2.51344959021740e+01
   1.52655521000000e+08   1.34578158395016e-07   2.51465053716819e+01
   1.53055524000000e+08   2.87200259663223e-06   2.50704453981228e+01
   1.53455526000000e+08   2.59778403233213e-06   2.50304138330826e+01
   1.53855529000000e+08   1.27238513414341e-06   2.50063948940555e+01
   1.54255532000000e+08   3.07366371998796e-06   2.50384201460911e+01
   1.54655534000000e+08   4.14945077409357e-07   2.50704453981228e+01
   1.55055537000000e+08   3.42243788509222e-06   2.51224864326656e+01
   1.55455539000000e+08   2.59141665992502e-06   2.50344169895869e+01
   1.55855542000000e+08   1.55666077716887e-06   2.50144012070648e+01
   1.56255545000000e+08   3.12760471388174e-06   2.50544327721075e+01
   1.56655547000000e+08   3.56746824081711e-07   2.50424233025953e+01
   1.57055550000000e+08   3.12435645355436e-06   2.50664422416190e+01
   1.57455552000000e+08   1.96577570932277e-06   2.49983885810460e+01
   1.57855555000000e+08   1.24994517136656e-06   2.50624390851152e+01
   1.92836882000000e+08   2.35564983449876e-03   2.50224075200738e+01
   1.93236884000000e+08   3.87961745218490e-06   2.51104769631567e+01
   1.93636887000000e+08   4.51861524197739e-07   2.50624390851152e+01
   1.94036890000000e+08   2.05032574740471e-06   2.50944643371439e+01
   1.94436892000000e+08   2.25333292291907e-06   2.49983885810460e+01
   1.94836895000000e+08   6.31145667284727e-07   2.49663633290053e+01
   1.95236897000000e+08   3.65514301847725e-06   2.49903822680362e+01
   1.95636900000000e+08   1.79603276251328e-07   2.50984674936472e+01
   1.96036903000000e+08   2.10550547308230e-06   2.50224075200738e+01
   1.96436905000000e+08   2.28090448217699e-06   2.50504296156035e+01
   1.96836908000000e+08   1.11193298835133e-06   2.50504296156035e+01
   1.97236910000000e+08   3.61824368155794e-06   2.50344169895869e+01
   1.97636913000000e+08   4.03893523071019e-07   2.49983885810460e+01
   1.98036916000000e+08   2.58312797996041e-06   2.50584359286114e+01
   1.98436918000000e+08   2.08956066671817e-06   2.49903822680362e+01
   1.98836921000000e+08   9.49669413330412e-07   2.49863791115312e+01
   1.99236923000000e+08   3.07915252051316e-06   2.50584359286114e+01
   1.99636926000000e+08   7.50722080056221e-08   2.49903822680362e+01
   2.00036929000000e+08   2.36579830925621e-06   2.50184043635693e+01
   2.00436931000000e+08   1.76246692262794e-06   2.50584359286114e+01
   2.00836934000000e+08   9.81622520157543e-07   2.49503507029835e+01
   2.01236936000000e+08   2.74321996585059e-06   2.50184043635693e+01
   2.01636939000000e+08  -8.99666829923262e-08   2.50264106765782e+01
   2.02036942000000e+08   2.37296171690105e-06   2.50624390851152e+01
   2.02436944000000e+08   1.79513051534741e-06   2.51184832761627e+01
