   4.00003000000000e+05   2.10947268897144e-06   2.50023917375508e+01
   8.00005000000000e+05   2.12832787838124e-06   2.48582781033385e+01
   1.20000800000000e+06   1.99061469174922e-06   2.50304138330826e+01
   1.60001100000000e+06   1.89590537047479e-06   2.51344959021740e+01
   2.00001300000000e+06   1.84002817604778e-06   2.49903822680362e+01
   2.40001600000000e+06   1.93322171071486e-06   2.50264106765782e+01
   2.80001800000000e+06   1.81580583102914e-06   2.52545905972272e+01
   3.20002100000000e+06   1.74470358160761e-06   2.50584359286114e+01
   3.60002400000000e+06   1.71368469636946e-06   2.49623601725000e+01
   4.00002600000000e+06   1.82557209882361e-06   2.51465053716819e+01
   4.40002900000000e+06   1.77245465238229e-06   2.49863791115312e+01
   4.80003100000000e+06   1.73806267866894e-06   2.48382623208026e+01
   5.20003400000000e+06   1.83241729700967e-06   2.51384990586767e+01
   5.60003700000000e+06   1.85389558282623e-06   2.49783727985210e+01
   6.00003900000000e+06   1.77107540366706e-06   2.50504296156035e+01
   6.40004200000000e+06   1.80643189651164e-06   2.50784517111300e+01
   6.80004400000000e+06   1.79509788722498e-06   2.52385779712233e+01
   7.20004700000000e+06   1.65505355198547e-06   2.49383412334665e+01
   7.60005000000000e+06   1.60914396474254e-06   2.50824548676336e+01
   8.00005200000000e+06   1.59195985816041e-06   2.50664422416190e+01
   8.40005500000000e+06   1.66774100307521e-06   2.47782149731853e+01
   8.80005700000000e+06   1.61538798693073e-06   2.51024706501504e+01
   9.20006000000000e+06   1.53023711391143e-06   2.48342591642952e+01
   9.60006300000000e+06   1.62051912866445e-06   2.51425022151793e+01
   4.23992500000000e+07   1.55250236275606e-04   2.49703664855106e+01
   4.27992530000000e+07   1.51068434206536e-06   2.48262528512803e+01
   4.31992560000000e+07   1.67633243108867e-06   2.51224864326656e+01
   4.35992580000000e+07   1.49958157180663e-06   2.50744485546264e+01
   4.39992610000000e+07   1.73766295574751e-06   2.50384201460911e+01
   4.43992630000000e+07   1.45938213336194e-06   2.49423443899722e+01
   4.47992660000000e+07   1.74977549249888e-06   2.51344959021740e+01
   4.51992690000000e+07   1.77966160208598e-06   2.50664422416190e+01
   4.55992710000000e+07   1.71856629549438e-06   2.51264895891685e+01
   4.59992740000000e+07   1.79665948962793e-06   2.50864580241371e+01
   4.63992760000000e+07   1.83414965704287e-06   2.50944643371439e+01
   4.67992790000000e+07   1.78806533313036e-06   2.51705243106959e+01
   4.71992820000000e+07   1.81328346116061e-06   2.50824548676336e+01
   4.75992840000000e+07   1.70117027664674e-06   2.49583570159945e+01
   4.79992870000000e+07   1.96774635696784e-06   2.50944643371439e+01
   4.83992890000000e+07   1.71150304595358e-06   2.51625179976914e+01
   4.87992920000000e+07   1.87966475095891e-06   2.49103191379245e+01
   4.91992950000000e+07   1.77970400727645e-06   2.50304138330826e+01
   4.95992970000000e+07   1.83142628884525e-06   2.49783727985210e+01
   4.99993000000000e+07   1.80056315457477e-06   2.49503507029835e+01
   5.03993020000000e+07   1.76094567905238e-06   2.50904611806405e+01
   5.07993050000000e+07   1.84001657999033e-06   2.51304927456713e+01
   5.11993080000000e+07   1.80701431418129e-06   2.50504296156035e+01
   5.15993100000000e+07   1.71971396412118e-06   2.51344959021740e+01
   5.19993130000000e+07   1.87554815056501e-06   2.50744485546264e+01
   9.57583130000000e+07   1.86825171113014e-04   2.50424233025953e+01
   9.61583160000000e+07   1.62599053510348e-06   2.49743696420159e+01
   9.65583180000000e+07   1.67985513144231e-06   2.50424233025953e+01
   9.69583210000000e+07   1.61658442721091e-06   2.50304138330826e+01
   9.73583230000000e+07   1.77714673554874e-06   2.49703664855106e+01
   9.77583260000000e+07   1.81834468548914e-06   2.49823759550261e+01
   9.81583290000000e+07   1.62754702159873e-06   2.50304138330826e+01
   9.85583310000000e+07   1.86307909189054e-06   2.49703664855106e+01
   9.89583340000000e+07   1.87055388778390e-06   2.50144012070648e+01
   9.93583360000000e+07   1.93105665857729e-06   2.50063948940555e+01
   9.97583390000000e+07   1.92012157640420e-06   2.50264106765782e+01
   1.00158342000000e+08   1.92948937183246e-06   2.50304138330826e+01
   1.00558344000000e+08   2.09571362574934e-06   2.50824548676336e+01
   1.00958347000000e+08   1.84982047812809e-06   2.51104769631567e+01
   1.01358349000000e+08   1.88888793672959e-06   2.49783727985210e+01
   1.01758352000000e+08   2.01660736820486e-06   2.50184043635693e+01
   1.02158355000000e+08   1.88535989309457e-06   2.49863791115312e+01
   1.02558357000000e+08   1.89745730949653e-06   2.49383412334665e+01
   1.02958360000000e+08   1.90645937436784e-06   2.50504296156035e+01
   1.03358362000000e+08   1.90119578746817e-06   2.50504296156035e+01
   1.03758365000000e+08   1.90646574083075e-06   2.50424233025953e+01
   1.04158368000000e+08   1.82208691512642e-06   2.50744485546264e+01
   1.04558370000000e+08   1.96856262846268e-06   2.49983885810460e+01
   1.04958373000000e+08   1.82558710548619e-06   2.50784517111300e+01
   1.05358375000000e+08   1.91500453183835e-06   2.50304138330826e+01
   1.49110108000000e+08   2.15225067222491e-04   2.51705243106959e+01
   1.49510111000000e+08   1.66039910709515e-06   2.50864580241371e+01
   1.49910113000000e+08   1.83382064733451e-06   2.50224075200738e+01
   1.50310116000000e+08   1.73009698301030e-06   2.49703664855106e+01
   1.50710118000000e+08   1.74120975771075e-06   2.50464264590994e+01
   1.51110121000000e+08   1.75369302723993e-06   2.50103980505602e+01
   1.51510124000000e+08   1.50956452671380e-06   2.49903822680362e+01
   1.51910126000000e+08   1.66189681749529e-06   2.50704453981228e+01
   1.52310129000000e+08   1.61970672252210e-06   2.49943854245411e+01
   1.52710131000000e+08   1.60371610036236e-06   2.52225653452185e+01
   1.53110134000000e+08   1.81583561698062e-06   2.52746063797306e+01
   1.53510137000000e+08   1.80998301857471e-06   2.52345748147222e+01
   1.53910139000000e+08   1.87479815849656e-06   2.51064738066536e+01
   1.54310142000000e+08   1.82931057679525e-06   2.53306505707319e+01
   1.54710144000000e+08   1.88010699275765e-06   2.51505085281844e+01
   1.55110147000000e+08   1.90255025245278e-06   2.50984674936472e+01
   1.55510150000000e+08   1.77482763774606e-06   2.49983885810460e+01
   1.55910152000000e+08   1.88927003819117e-06   2.48142433817574e+01
   1.56310155000000e+08   1.82597818820796e-06   2.49783727985210e+01
   1.56710157000000e+08   1.85373698968760e-06   2.50103980505602e+01
   1.57110160000000e+08   1.80351503331622e-06   2.48702875728593e+01
   1.57510163000000e+08   1.80137760708021e-06   2.52145590322157e+01
   1.57910165000000e+08   1.88947262813599e-06   2.52265685017198e+01
   1.58310168000000e+08   1.78224092906021e-06   2.47021549995165e+01
   1.58710170000000e+08   1.79746984940721e-06   2.50344169895869e+01
   1.93422741000000e+08   1.52300170157105e-04   2.50063948940555e+01
   1.93822744000000e+08   1.95528673430090e-06   2.49863791115312e+01
   1.94222746000000e+08   1.44317232297908e-06   2.49343380769607e+01
   1.94622749000000e+08   1.85450358003436e-06   2.50103980505602e+01
   1.95022751000000e+08   1.64584150752489e-06   2.50063948940555e+01
   1.95422754000000e+08   1.54552719777712e-06   2.49343380769607e+01
   1.95822757000000e+08   1.85036515176762e-06   2.49543538594890e+01
   1.96222759000000e+08   1.31779142975574e-06   2.49583570159945e+01
   1.96622762000000e+08   1.94588960766851e-06   2.51425022151793e+01
   1.97022764000000e+08   1.61737477810675e-06   2.50504296156035e+01
   1.97422767000000e+08   1.89080287782417e-06   2.49903822680362e+01
   1.97822770000000e+08   2.05997116609069e-06   2.50664422416190e+01
   1.98222772000000e+08   1.72640955042880e-06   2.50184043635693e+01
   1.98622775000000e+08   2.10099346986681e-06   2.51024706501504e+01
   1.99022777000000e+08   1.73246610302158e-06   2.49823759550261e+01
   1.99422780000000e+08   1.91054618881026e-06   2.49903822680362e+01
   1.99822783000000e+08   2.02423325390555e-06   2.49823759550261e+01
   2.00222785000000e+08   1.66665029155411e-06   2.49583570159945e+01
   2.00622788000000e+08   2.14474266613252e-06   2.50864580241371e+01
   2.01022790000000e+08   1.83223801286658e-06   2.49583570159945e+01
   2.01422793000000e+08   1.91858566722658e-06   2.50144012070648e+01
   2.01822796000000e+08   1.92245329344587e-06   2.49903822680362e+01
   2.02222798000000e+08   1.70412829447741e-06   2.50063948940555e+01
   2.02622801000000e+08   2.06818344850035e-06   2.50184043635693e+01
   2.03022803000000e+08   1.74475087533210e-06   2.49863791115312e+01
