   4.00003000000000e+05   1.93056098396482e-06   2.50304138330826e+01
   8.00006000000000e+05   1.65018582265475e-06   2.50464264590994e+01
   1.20000800000000e+06   2.00602448785503e-06   2.51024706501504e+01
   1.60001100000000e+06   1.68242490872217e-06   2.50944643371439e+01
   2.00001300000000e+06   1.90719538295525e-06   2.50264106765782e+01
   2.40001600000000e+06   1.88299475212261e-06   2.50624390851152e+01
   2.80001900000000e+06   1.77245465238229e-06   2.50624390851152e+01
   3.20002100000000e+06   1.97069198293320e-06   2.51425022151793e+01
   3.60002400000000e+06   1.85255350970692e-06   2.51064738066536e+01
   4.00002700000000e+06   1.97639042198716e-06   2.50224075200738e+01
   4.40002900000000e+06   2.08297092285648e-06   2.50224075200738e+01
   4.80003200000000e+06   1.86427212156559e-06   2.51144801196597e+01
   5.20003400000000e+06   2.13163366424851e-06   2.50504296156035e+01
   5.60003700000000e+06   1.87207865565142e-06   2.50103980505602e+01
   6.00004000000000e+06   2.04355546884472e-06   2.50704453981228e+01
   6.40004200000000e+06   2.07872744795168e-06   2.50464264590994e+01
   6.80004500000000e+06   1.85687406428769e-06   2.49463475464779e+01
   7.20004800000000e+06   2.17440833694127e-06   2.49743696420159e+01
   7.60005000000000e+06   1.80722997811245e-06   2.50103980505602e+01
   8.00005300000000e+06   1.87552154784498e-06   2.50464264590994e+01
   8.40005500000000e+06   1.88964281733206e-06   2.50264106765782e+01
   8.80005800000000e+06   1.67166717801592e-06   2.50264106765782e+01
   9.20006100000000e+06   2.00842350750463e-06   2.50944643371439e+01
   9.60006300000000e+06   1.63360289207048e-06   2.51024706501504e+01
   4.22021760000000e+07   2.34135007485747e-03   2.50184043635693e+01
   4.26021790000000e+07   1.80630297563766e-06   2.50184043635693e+01
   4.30021820000000e+07   1.96679616237816e-06   2.50384201460911e+01
   4.34021840000000e+07   2.10392886401678e-06   2.49463475464779e+01
   4.38021870000000e+07   8.26833684186568e-07   2.50744485546264e+01
   4.42021890000000e+07   2.20417564378295e-06   2.50944643371439e+01
   4.46021920000000e+07   1.80738811650372e-06   2.49823759550261e+01
   4.50021950000000e+07   2.00983822651324e-06   2.49823759550261e+01
   4.54021970000000e+07   1.92333004633838e-06   2.50184043635693e+01
   4.58022000000000e+07   9.51980837271549e-07   2.49143222944307e+01
   4.62022030000000e+07   2.50278276325844e-06   2.49023128249120e+01
   4.66022050000000e+07   1.79607548034255e-06   2.48302560077878e+01
   4.70022080000000e+07   1.90860714610608e-06   2.49503507029835e+01
   4.74022100000000e+07   1.75829518411774e-06   2.49063159814183e+01
   4.78022130000000e+07   1.28856811443256e-06   2.49023128249120e+01
   4.82022160000000e+07   2.42528085436788e-06   2.50344169895869e+01
   4.86022180000000e+07   1.65985295552673e-06   2.49863791115312e+01
   4.90022210000000e+07   1.88351839369716e-06   2.50624390851152e+01
   4.94022230000000e+07   1.82111477897706e-06   2.50864580241371e+01
   4.98022260000000e+07   1.32416823817039e-06   2.51264895891685e+01
   5.02022290000000e+07   2.49770778282254e-06   2.51104769631567e+01
   5.06022310000000e+07   1.74529520791111e-06   2.51104769631567e+01
   5.10022340000000e+07   1.84788348178699e-06   2.50784517111300e+01
   5.14022370000000e+07   1.62814160376001e-06   2.51184832761627e+01
   5.18022390000000e+07   1.63859567692271e-06   2.50063948940555e+01
   9.52452350000000e+07  -4.18389914557338e-03   2.49583570159945e+01
   9.56452380000000e+07   2.53249822890211e-06   2.50624390851152e+01
   9.60452410000000e+07   1.90660136922816e-06   2.50224075200738e+01
   9.64452430000000e+07   2.81960910797352e-06   2.50744485546264e+01
   9.68452460000000e+07   1.44697514770087e-06   2.51425022151793e+01
   9.72452490000000e+07   2.69940301222960e-08   2.50944643371439e+01
   9.76452510000000e+07   3.17853982778615e-06   2.51144801196597e+01
   9.80452540000000e+07   2.12731038118363e-06   2.50784517111300e+01
   9.84452560000000e+07   2.79665891866898e-06   2.50063948940555e+01
   9.88452590000000e+07   1.30856540181412e-06   2.51104769631567e+01
   9.92452620000000e+07   7.74698719396838e-07   2.51144801196597e+01
   9.96452640000000e+07   3.34352944264538e-06   2.50063948940555e+01
   1.00045267000000e+08   1.70134671861888e-06   2.50984674936472e+01
   1.00445270000000e+08   2.27280816034181e-06   2.50784517111300e+01
   1.00845272000000e+08   9.78824914454890e-07   2.51264895891685e+01
   1.01245275000000e+08   1.03197453427128e-06   2.50984674936472e+01
   1.01645277000000e+08   3.19066998599737e-06   2.51064738066536e+01
   1.02045280000000e+08   1.52542088471819e-06   2.50504296156035e+01
   1.02445283000000e+08   2.09847348742187e-06   2.50264106765782e+01
   1.02845285000000e+08   8.49657055823627e-07   2.49503507029835e+01
   1.03245288000000e+08   1.26024747260089e-06   2.50904611806405e+01
   1.03645291000000e+08   3.37883329848410e-06   2.49863791115312e+01
   1.04045293000000e+08   1.42474846143159e-06   2.50023917375508e+01
   1.04445296000000e+08   1.97708664018137e-06   2.51104769631567e+01
   1.04845298000000e+08   9.10003109311219e-07   2.50344169895869e+01
   1.48475421000000e+08   4.58652619272470e-03   2.49783727985210e+01
   1.48875424000000e+08   1.24382199828688e-06   2.51945432497076e+01
   1.49275426000000e+08   1.31912452161487e-06   2.49943854245411e+01
   1.49675429000000e+08   3.26779581882874e-06   2.49783727985210e+01
   1.50075432000000e+08   1.97558233594464e-06   2.50984674936472e+01
   1.50475434000000e+08   7.58453893467959e-07   2.49463475464779e+01
   1.50875437000000e+08   1.01426792298298e-06   2.49183254509368e+01
   1.51275439000000e+08   1.57583599502686e-06   2.49823759550261e+01
   1.51675442000000e+08   3.00847750622779e-06   2.49463475464779e+01
   1.52075445000000e+08   1.60439367391518e-06   2.50224075200738e+01
   1.52475447000000e+08   7.93119795616803e-07   2.50063948940555e+01
   1.52875450000000e+08   1.47049399856769e-06   2.49983885810460e+01
   1.53275453000000e+08   1.89443437648151e-06   2.51104769631567e+01
   1.53675455000000e+08   3.09181746160903e-06   2.50504296156035e+01
   1.54075458000000e+08   1.46050717830803e-06   2.50624390851152e+01
   1.54475460000000e+08   1.10436894829036e-06   2.51665211541937e+01
   1.54875463000000e+08   1.78402399342303e-06   2.51304927456713e+01
   1.55275466000000e+08   2.48000378633151e-06   2.50904611806405e+01
   1.55675468000000e+08   2.70240434474545e-06   2.50544327721075e+01
   1.56075471000000e+08   8.73669705470093e-07   2.50584359286114e+01
   1.56475474000000e+08   9.09854861674830e-07   2.51264895891685e+01
   1.56875476000000e+08   1.89303011666198e-06   2.51344959021740e+01
   1.57275479000000e+08   2.23674692279019e-06   2.50544327721075e+01
   1.57675481000000e+08   2.15771206057980e-06   2.50103980505602e+01
   1.58075484000000e+08   4.99494831274205e-07   2.50063948940555e+01
   1.93016703000000e+08  -2.03426182270050e-03   2.50624390851152e+01
   1.93416706000000e+08   2.94489450425317e-06   2.49583570159945e+01
   1.93816708000000e+08   1.95044390238763e-06   2.49303349204548e+01
   1.94216711000000e+08  -3.63544074843958e-07   2.49583570159945e+01
   1.94616713000000e+08   2.21841423808655e-06   2.50384201460911e+01
   1.95016716000000e+08   3.26287567986583e-06   2.50023917375508e+01
   1.95416719000000e+08   2.63513084064471e-06   2.50304138330826e+01
   1.95816721000000e+08   1.51661981817597e-06   2.49743696420159e+01
   1.96216724000000e+08   8.60299138594200e-08   2.50023917375508e+01
   1.96616727000000e+08   2.96659504783747e-06   2.50144012070648e+01
   1.97016729000000e+08   3.14330941364460e-06   2.50584359286114e+01
   1.97416732000000e+08   2.15645764001238e-06   2.50584359286114e+01
   1.97816734000000e+08   1.20268407499680e-06   2.51184832761627e+01
   1.98216737000000e+08   4.27698410021549e-07   2.49823759550261e+01
   1.98616740000000e+08   3.14728504235973e-06   2.50544327721075e+01
   1.99016742000000e+08   2.86830709228525e-06   2.50184043635693e+01
   1.99416745000000e+08   1.85230112492718e-06   2.49743696420159e+01
   1.99816748000000e+08   1.26433280911442e-06   2.50103980505602e+01
   2.00216750000000e+08   1.07723724340758e-06   2.50023917375508e+01
   2.00616753000000e+08   3.80783922082628e-06   2.50544327721075e+01
   2.01016755000000e+08   2.81690404335677e-06   2.49623601725000e+01
   2.01416758000000e+08   1.48665844790230e-06   2.49863791115312e+01
   2.01816761000000e+08   1.10030146061035e-06   2.49103191379245e+01
   2.02216763000000e+08   1.44008015467989e-06   2.48983096684056e+01
   2.02616766000000e+08   3.75084573533968e-06   2.49383412334665e+01
