   4.00002000000000e+05   1.63639685979433e-06   2.50063948940555e+01
   8.00005000000000e+05   1.79704045422113e-06   2.49183254509368e+01
   1.20000700000000e+06   1.70524435816333e-06   2.49383412334665e+01
   1.60001000000000e+06   1.67203427281493e-06   2.47221707820631e+01
   2.00001300000000e+06   1.71129568116157e-06   2.50904611806405e+01
   2.40001500000000e+06   1.66461245498795e-06   2.55067894566572e+01
   2.80001800000000e+06   1.75523484813311e-06   2.49623601725000e+01
   3.20002000000000e+06   1.52168468048330e-06   2.52065527192126e+01
   3.60002300000000e+06   1.79513494913408e-06   2.50424233025953e+01
   4.00002600000000e+06   1.83342649506812e-06   2.48582781033385e+01
   4.40002800000000e+06   1.91797857951315e-06   2.57349693768834e+01
   4.80003100000000e+06   1.84237273970211e-06   2.50424233025953e+01
   5.20003300000000e+06   1.97909571397759e-06   2.49983885810460e+01
   5.60003600000000e+06   1.91246090253117e-06   2.55147957696510e+01
   6.00003900000000e+06   1.83025622391142e-06   2.51465053716819e+01
   6.40004100000000e+06   1.84238660949632e-06   2.50584359286114e+01
   6.80004400000000e+06   1.91584740605322e-06   2.49423443899722e+01
   7.20004600000000e+06   1.81777272700856e-06   2.48222496947727e+01
   7.60004900000000e+06   1.85543865427462e-06   2.51465053716819e+01
   8.00005200000000e+06   1.63297602284729e-06   2.48662844163524e+01
   8.40005400000000e+06   1.73842818185221e-06   2.54787673611771e+01
   8.80005700000000e+06   1.56421253905137e-06   2.51985464062093e+01
   9.20005900000000e+06   1.58843920416984e-06   2.49263317639489e+01
   9.60006200000000e+06   1.71973806573078e-06   2.47181676255539e+01
   4.20673280000000e+07  -2.03572493046522e-03   2.49103191379245e+01
   4.24673310000000e+07   2.52990048466017e-06   2.51985464062093e+01
   4.28673330000000e+07   1.12576083211025e-06   2.49663633290053e+01
   4.32673360000000e+07   1.94174958778603e-06   2.50023917375508e+01
   4.36673390000000e+07   1.56537100792775e-06   2.50424233025953e+01
   4.40673410000000e+07   1.75255524936802e-06   2.50624390851152e+01
   4.44673440000000e+07   2.37227209254343e-06   2.48742907293661e+01
   4.48673460000000e+07   9.14902727799927e-07   2.46861423734780e+01
   4.52673490000000e+07   1.89768672953505e-06   2.49783727985210e+01
   4.56673520000000e+07   1.59243802499986e-06   2.51024706501504e+01
   4.60673540000000e+07   1.84621274001984e-06   2.53146379447328e+01
   4.64673570000000e+07   2.13348744182440e-06   2.51344959021740e+01
   4.68673590000000e+07   9.97816528069961e-07   2.49503507029835e+01
   4.72673620000000e+07   2.16667262975534e-06   2.47902244427099e+01
   4.76673650000000e+07   1.71181113728380e-06   2.49943854245411e+01
   4.80673670000000e+07   1.92076231542160e-06   2.48822970423795e+01
   4.84673700000000e+07   2.07099856197601e-06   2.47581991906431e+01
   4.88673720000000e+07   1.18628747713956e-06   2.49383412334665e+01
   4.92673750000000e+07   2.18799141293857e-06   2.49943854245411e+01
   4.96673780000000e+07   1.79249616394372e-06   2.53186411012327e+01
   5.00673800000000e+07   2.06321919904440e-06   2.48582781033385e+01
   5.04673830000000e+07   2.02306409846642e-06   2.50624390851152e+01
   5.08673850000000e+07   1.25335282064043e-06   2.51425022151793e+01
   5.12673880000000e+07   2.44144143835001e-06   2.50224075200738e+01
   5.16673910000000e+07   1.73165881278692e-06   2.50464264590994e+01
   9.51378980000000e+07   4.57000033929944e-03   2.50023917375508e+01
   9.55379000000000e+07   1.45007970786537e-06   2.50063948940555e+01
   9.59379030000000e+07   2.67693212663289e-06   2.50023917375508e+01
   9.63379060000000e+07   2.09064432965533e-06   2.47541960341345e+01
   9.67379080000000e+07   1.03622448932583e-06   2.48702875728593e+01
   9.71379110000000e+07   1.59463490945200e-06   2.50864580241371e+01
   9.75379130000000e+07   1.86357806342130e-06   2.50784517111300e+01
   9.79379160000000e+07   2.51390792982420e-06   2.50344169895869e+01
   9.83379190000000e+07   1.83019346877700e-06   2.50904611806405e+01
   9.87379210000000e+07   8.84262988165574e-07   2.50384201460911e+01
   9.91379240000000e+07   1.90247942555288e-06   2.51985464062093e+01
   9.95379260000000e+07   1.96034307009540e-06   2.50864580241371e+01
   9.99379290000000e+07   2.35453012464859e-06   2.49703664855106e+01
   1.00337932000000e+08   1.35170046178246e-06   2.47101613125353e+01
   1.00737934000000e+08   9.74556428445794e-07   2.49743696420159e+01
   1.01137937000000e+08   2.01613124772848e-06   2.51585148411891e+01
   1.01537939000000e+08   1.92064476323139e-06   2.50344169895869e+01
   1.01937942000000e+08   2.27732539315184e-06   2.50344169895869e+01
   1.02337945000000e+08   1.39579015012714e-06   2.51985464062093e+01
   1.02737947000000e+08   1.36222809032915e-06   2.48702875728593e+01
   1.03137950000000e+08   2.42085866375419e-06   2.49783727985210e+01
   1.03537952000000e+08   2.07204629987245e-06   2.49543538594890e+01
   1.03937955000000e+08   2.16844659917115e-06   2.48142433817574e+01
   1.04337958000000e+08   1.37534357236291e-06   2.49783727985210e+01
   1.04737960000000e+08   1.64334517194220e-06   2.50464264590994e+01
   1.48534410000000e+08  -4.17037401348352e-03   2.50224075200738e+01
   1.48934413000000e+08  -1.25496725900121e-07   2.50984674936472e+01
   1.49334415000000e+08   1.18786408620508e-06   2.49663633290053e+01
   1.49734418000000e+08   1.88846934179310e-06   2.50224075200738e+01
   1.50134420000000e+08   3.77722949451709e-06   2.50063948940555e+01
   1.50534423000000e+08   1.26816837564547e-06   2.50464264590994e+01
   1.50934426000000e+08   4.75783323850010e-08   2.49983885810460e+01
   1.51334428000000e+08   1.95807751879329e-06   2.49503507029835e+01
   1.51734431000000e+08   2.32685943046818e-06   2.51064738066536e+01
   1.52134433000000e+08   3.26868916999956e-06   2.50063948940555e+01
   1.52534436000000e+08   4.66181802494248e-07   2.50184043635693e+01
   1.52934439000000e+08   3.35468797629801e-07   2.50063948940555e+01
   1.53334441000000e+08   2.43364434027171e-06   2.50023917375508e+01
   1.53734444000000e+08   2.50116249844723e-06   2.50464264590994e+01
   1.54134446000000e+08   2.72932766165468e-06   2.51144801196597e+01
   1.54534449000000e+08   2.97718003139380e-07   2.50144012070648e+01
   1.54934452000000e+08   1.01069383617869e-06   2.49903822680362e+01
   1.55334454000000e+08   3.06107494907337e-06   2.49983885810460e+01
   1.55734457000000e+08   2.48942433245247e-06   2.50664422416190e+01
   1.56134459000000e+08   2.19660705624847e-06   2.50704453981228e+01
   1.56534462000000e+08   2.35622806599167e-07   2.50023917375508e+01
   1.56934465000000e+08   1.70621012784977e-06   2.49943854245411e+01
   1.57334467000000e+08   3.22254459206306e-06   2.49823759550261e+01
   1.57734470000000e+08   2.13532302950625e-06   2.50464264590994e+01
   1.58134472000000e+08   1.82742144261283e-06   2.50384201460911e+01
   1.92751250000000e+08   2.34392541460693e-03   2.51465053716819e+01
   1.93151253000000e+08   2.80864855994878e-06   2.50984674936472e+01
   1.93551255000000e+08   2.93739799417381e-06   2.49743696420159e+01
   1.93951258000000e+08   1.77009695789820e-07   2.48502717903243e+01
   1.94351260000000e+08   1.29513284718996e-06   2.51665211541937e+01
   1.94751263000000e+08   2.52850213655620e-06   2.49983885810460e+01
   1.95151266000000e+08   2.56255930253246e-06   2.50144012070648e+01
   1.95551268000000e+08   2.05527612706646e-06   2.51745274671980e+01
   1.95951271000000e+08   4.08659559525404e-08   2.49383412334665e+01
   1.96351273000000e+08   1.73602859376842e-06   2.50864580241371e+01
   1.96751276000000e+08   2.51121355177020e-06   2.50264106765782e+01
   1.97151279000000e+08   2.03197009795986e-06   2.48502717903243e+01
   1.97551281000000e+08   1.62908270340267e-06   2.52225653452185e+01
   1.97951284000000e+08   3.74793216906255e-07   2.49183254509368e+01
   1.98351286000000e+08   2.54935139309964e-06   2.48742907293661e+01
   1.98751289000000e+08   2.72774855147873e-06   2.49943854245411e+01
   1.99151292000000e+08   2.14741203308222e-06   2.48742907293661e+01
   1.99551294000000e+08   1.47207094869373e-06   2.51505085281844e+01
   1.99951297000000e+08   7.80527841470757e-07   2.50224075200738e+01
   2.00351299000000e+08   3.00018587040540e-06   2.49063159814183e+01
   2.00751302000000e+08   2.57495025834942e-06   2.49663633290053e+01
   2.01151305000000e+08   1.61753007432708e-06   2.52425811277244e+01
   2.01551307000000e+08   1.33159824144968e-06   2.49343380769607e+01
   2.01951310000000e+08   1.16641967906617e-06   2.48302560077878e+01
   2.02351312000000e+08   3.16066757477529e-06   2.50063948940555e+01
