   4.00002000000000e+05   1.85555938969628e-06   2.45660476781572e+01
   8.00005000000000e+05   1.50838047829893e-06   2.48462686338171e+01
   1.20000700000000e+06   1.92084439731843e-06   2.49983885810460e+01
   1.60001000000000e+06   1.66247343713621e-06   2.51665211541937e+01
   2.00001300000000e+06   1.78803202288691e-06   2.54067105442143e+01
   2.40001500000000e+06   1.85759051873902e-06   2.48382623208026e+01
   2.80001800000000e+06   1.62753110544145e-06   2.50824548676336e+01
   3.20002000000000e+06   2.00153999685426e-06   2.46381044953566e+01
   3.60002300000000e+06   1.66251243172155e-06   2.52105558757142e+01
   4.00002600000000e+06   1.84395230462542e-06   2.52465842842254e+01
   4.40002800000000e+06   1.85559872534213e-06   2.45180098000129e+01
   4.80003100000000e+06   1.71542751559173e-06   2.49103191379245e+01
   5.20003300000000e+06   2.09002018891624e-06   2.49743696420159e+01
   5.60003600000000e+06   1.81581458491564e-06   2.44899877044245e+01
   6.00003900000000e+06   2.00742010747490e-06   2.46701297474385e+01
   6.40004100000000e+06   1.99880855689116e-06   2.45900666172260e+01
   6.80004400000000e+06   1.91231015378435e-06   2.46781360604584e+01
   7.20004600000000e+06   2.25058442993031e-06   2.45980729302484e+01
   7.60004900000000e+06   2.06819208870002e-06   2.44939908609373e+01
   8.00005200000000e+06   2.20880087908881e-06   2.48983096684056e+01
   8.40005400000000e+06   2.22716835196479e-06   2.45940697737372e+01
   8.80005700000000e+06   1.96387122741726e-06   2.48983096684056e+01
   9.20005900000000e+06   2.02808837457269e-06   2.53546695097288e+01
   9.60006200000000e+06   1.79376115738705e-06   2.52625969102287e+01
   4.20644100000000e+07   1.47887811181135e-04   2.48983096684056e+01
   4.24644130000000e+07   1.68808173839352e-06   2.47742118166770e+01
   4.28644150000000e+07   1.72868442405161e-06   2.49143222944307e+01
   4.32644180000000e+07   1.96017708731233e-06   2.48702875728593e+01
   4.36644200000000e+07   1.67971870723704e-06   2.50224075200738e+01
   4.40644230000000e+07   1.99064083972189e-06   2.47942275992180e+01
   4.44644260000000e+07   1.70684575095947e-06   2.50464264590994e+01
   4.48644280000000e+07   1.88221395092114e-06   2.50824548676336e+01
   4.52644310000000e+07   1.79860433036083e-06   2.51745274671980e+01
   4.56644330000000e+07   1.73849321072339e-06   2.47221707820631e+01
   4.60644360000000e+07   1.81428026735375e-06   2.53226442577325e+01
   4.64644390000000e+07   1.77051549599128e-06   2.49503507029835e+01
   4.68644410000000e+07   1.78298091668694e-06   2.51024706501504e+01
   4.72644440000000e+07   1.83086092420126e-06   2.48863001988861e+01
   4.76644460000000e+07   1.73710884610045e-06   2.49503507029835e+01
   4.80644490000000e+07   1.88380931831489e-06   2.52946221622325e+01
   4.84644520000000e+07   1.69786892456614e-06   2.50023917375508e+01
   4.88644540000000e+07   1.99061992134375e-06   2.52225653452185e+01
   4.92644570000000e+07   1.85921578577108e-06   2.50544327721075e+01
   4.96644590000000e+07   1.97559279513371e-06   2.50944643371439e+01
   5.00644620000000e+07   1.95606821762340e-06   2.48182465382651e+01
   5.04644650000000e+07   1.92072093341267e-06   2.52185621887171e+01
   5.08644670000000e+07   2.02168553187221e-06   2.50704453981228e+01
   5.12644700000000e+07   1.79590608695435e-06   2.50464264590994e+01
   5.16644720000000e+07   1.89865033917158e-06   2.50144012070648e+01
   9.57079620000000e+07   2.01225222554058e-04   2.49943854245411e+01
   9.61079650000000e+07   1.49278127992147e-06   2.49823759550261e+01
   9.65079670000000e+07   2.01560396817513e-06   2.50063948940555e+01
   9.69079700000000e+07   1.60219110512116e-06   2.50304138330826e+01
   9.73079720000000e+07   1.89120021332201e-06   2.50144012070648e+01
   9.77079750000000e+07   1.98694669961696e-06   2.50384201460911e+01
   9.81079780000000e+07   1.54590679812827e-06   2.50824548676336e+01
   9.85079800000000e+07   2.09647373594635e-06   2.50944643371439e+01
   9.89079830000000e+07   1.52774873640737e-06   2.50344169895869e+01
   9.93079850000000e+07   1.89711442999396e-06   2.49983885810460e+01
   9.97079880000000e+07   1.76147659658454e-06   2.50784517111300e+01
   1.00107991000000e+08   1.60493880230206e-06   2.50504296156035e+01
   1.00507993000000e+08   1.95818802239955e-06   2.50704453981228e+01
   1.00907996000000e+08   1.64493098964158e-06   2.50023917375508e+01
   1.01307998000000e+08   2.00606586986396e-06   2.49783727985210e+01
   1.01708001000000e+08   1.98378666027565e-06   2.50384201460911e+01
   1.02108004000000e+08   1.77231629550079e-06   2.51024706501504e+01
   1.02508006000000e+08   2.20472657019855e-06   2.50464264590994e+01
   1.02908009000000e+08   1.60120566761179e-06   2.49903822680362e+01
   1.03308011000000e+08   1.89176307685557e-06   2.50224075200738e+01
   1.03708014000000e+08   1.65234666837932e-06   2.50224075200738e+01
   1.04108017000000e+08   1.57169779413380e-06   2.50704453981228e+01
   1.04508019000000e+08   1.83027918865264e-06   2.49423443899722e+01
   1.04908022000000e+08   1.54415488395898e-06   2.51064738066536e+01
   1.05308024000000e+08   1.75370507804473e-06   2.51064738066536e+01
   1.48980596000000e+08   1.97525194380432e-04   2.51425022151793e+01
   1.49380599000000e+08   1.98303609977302e-06   2.51144801196597e+01
   1.49780601000000e+08   1.97346912500507e-06   2.49943854245411e+01
   1.50180604000000e+08   2.13010252991808e-06   2.49943854245411e+01
   1.50580606000000e+08   1.93362620848347e-06   2.50023917375508e+01
   1.50980609000000e+08   2.21974596570362e-06   2.49503507029835e+01
   1.51380611000000e+08   2.02091428036510e-06   2.49263317639489e+01
   1.51780614000000e+08   2.15742488762771e-06   2.48662844163524e+01
   1.52180617000000e+08   2.20962283492554e-06   2.50304138330826e+01
   1.52580619000000e+08   2.06823597181938e-06   2.50144012070648e+01
   1.52980622000000e+08   2.03732338377449e-06   2.49263317639489e+01
   1.53380624000000e+08   1.91309231922787e-06   2.51184832761627e+01
   1.53780627000000e+08   1.90725734228181e-06   2.50504296156035e+01
   1.54180630000000e+08   1.92693664757826e-06   2.50584359286114e+01
   1.54580632000000e+08   1.83282372745452e-06   2.51184832761627e+01
   1.54980635000000e+08   1.98300790543726e-06   2.51425022151793e+01
   1.55380637000000e+08   1.81621237516083e-06   2.51184832761627e+01
   1.55780640000000e+08   1.86426689197106e-06   2.51224864326656e+01
   1.56180643000000e+08   1.90136779565364e-06   2.51505085281844e+01
   1.56580645000000e+08   1.78224217961542e-06   2.50944643371439e+01
   1.56980648000000e+08   1.92051243175229e-06   2.51064738066536e+01
   1.57380650000000e+08   1.56347050506156e-06   2.51625179976914e+01
   1.57780653000000e+08   1.78551636054181e-06   2.50384201460911e+01
   1.58180656000000e+08   1.66152233305183e-06   2.50664422416190e+01
   1.58580658000000e+08   1.68299868619215e-06   2.50544327721075e+01
   1.93892391000000e+08   1.59550050739199e-04   2.51384990586767e+01
   1.94292394000000e+08   1.58731688770786e-06   2.53826916052223e+01
   1.94692397000000e+08   2.11583278542093e-06   2.52145590322157e+01
   1.95092399000000e+08   1.63967843036517e-06   2.53066316317329e+01
   1.95492402000000e+08   1.75719776507322e-06   2.50424233025953e+01
   1.95892404000000e+08   1.87084322078590e-06   2.48342591642952e+01
   1.96292407000000e+08   1.62147546234337e-06   2.51465053716819e+01
   1.96692410000000e+08   2.02713067665172e-06   2.51344959021740e+01
   1.97092412000000e+08   1.58224077040359e-06   2.50704453981228e+01
   1.97492415000000e+08   2.13728117159917e-06   2.51064738066536e+01
   1.97892417000000e+08   1.96038354260963e-06   2.51505085281844e+01
   1.98292420000000e+08   1.78475272605283e-06   2.50023917375508e+01
   1.98692423000000e+08   2.12188774639799e-06   2.51304927456713e+01
   1.99092425000000e+08   1.72128522990533e-06   2.51344959021740e+01
   1.99492428000000e+08   2.05819560505915e-06   2.52145590322157e+01
   1.99892430000000e+08   1.73688601989852e-06   2.50304138330826e+01
   2.00292433000000e+08   1.78262678218744e-06   2.49263317639489e+01
   2.00692436000000e+08   1.98065004042292e-06   2.50023917375508e+01
   2.01092438000000e+08   1.67674545537011e-06   2.49143222944307e+01
   2.01492441000000e+08   1.90875925909495e-06   2.51665211541937e+01
   2.01892443000000e+08   1.75802188095986e-06   2.50704453981228e+01
   2.02292446000000e+08   1.80684719452984e-06   2.50224075200738e+01
   2.02692448000000e+08   1.95056827578810e-06   2.50304138330826e+01
   2.03092451000000e+08   1.86933277745993e-06   2.50304138330826e+01
   2.03492454000000e+08   2.22831658902578e-06   2.50344169895869e+01
