   4.00003000000000e+05   2.45403202825401e-06   2.50424233025953e+01
   8.00005000000000e+05   2.43656609200116e-06   2.50864580241371e+01
   1.20000800000000e+06   2.38306961364287e-06   2.50784517111300e+01
   1.60001000000000e+06   2.59186867879180e-06   2.50464264590994e+01
   2.00001300000000e+06   2.55457143794047e-06   2.50023917375508e+01
   2.40001600000000e+06   2.34049070968467e-06   2.51064738066536e+01
   2.80001800000000e+06   2.69908423433662e-06   2.50624390851152e+01
   3.20002100000000e+06   2.43991098614060e-06   2.51384990586767e+01
   3.60002300000000e+06   2.45723663283570e-06   2.50544327721075e+01
   4.00002600000000e+06   1.67713858445495e-06   2.49743696420159e+01
   4.40002900000000e+06   1.59002900090854e-06   2.51024706501504e+01
   4.80003100000000e+06   1.62205651577096e-06   2.50704453981228e+01
   5.20003400000000e+06   1.46464878980623e-06   2.51304927456713e+01
   5.60003600000000e+06   1.45917204008583e-06   2.51465053716819e+01
   6.00003900000000e+06   1.06749905626202e-06   2.50264106765782e+01
   6.40004200000000e+06   7.89948956025910e-07   2.49903822680362e+01
   6.80004400000000e+06   9.29949123928964e-07   2.49503507029835e+01
   7.20004700000000e+06   8.41894006953225e-07   2.48782938858728e+01
   7.60004900000000e+06   9.81161747404258e-07   2.50063948940555e+01
   8.00005200000000e+06   1.10444227630069e-06   2.50023917375508e+01
   8.40005500000000e+06   1.01925229500921e-06   2.47982307557260e+01
   8.80005700000000e+06   1.42627925470151e-06   2.45780571476919e+01
   9.20006000000000e+06   1.00717363693548e-06   2.50384201460911e+01
   9.60006200000000e+06   1.21485061299609e-06   2.49903822680362e+01
   4.20624040000000e+07  -2.10198736749589e-03   2.51224864326656e+01
   4.24624060000000e+07   2.91264518637036e-06   2.50304138330826e+01
   4.28624090000000e+07   1.64107098044042e-06   2.50664422416190e+01
   4.32624110000000e+07   2.11069641409267e-06   2.50344169895869e+01
   4.36624140000000e+07   2.60548085861956e-06   2.50224075200738e+01
   4.40624170000000e+07   1.78708592102339e-06   2.50864580241371e+01
   4.44624190000000e+07   2.82832957054779e-06   2.50944643371439e+01
   4.48624220000000e+07   1.73576074757875e-06   2.50384201460911e+01
   4.52624240000000e+07   2.02212731892359e-06   2.51024706501504e+01
   4.56624270000000e+07   2.44421926254290e-06   2.50464264590994e+01
   4.60624300000000e+07   1.60064530518866e-06   2.50464264590994e+01
   4.64624320000000e+07   2.47372713602090e-06   2.50664422416190e+01
   4.68624350000000e+07   1.58146588091768e-06   2.49823759550261e+01
   4.72624370000000e+07   1.77458127836871e-06   2.50664422416190e+01
   4.76624400000000e+07   2.14659826269781e-06   2.50544327721075e+01
   4.80624430000000e+07   1.60457727815810e-06   2.50584359286114e+01
   4.84624450000000e+07   2.60556043940596e-06   2.50224075200738e+01
   4.88624480000000e+07   1.70090390838595e-06   2.50344169895869e+01
   4.92624500000000e+07   1.72142483734206e-06   2.49463475464779e+01
   4.96624530000000e+07   2.13908128898765e-06   2.50023917375508e+01
   5.00624560000000e+07   1.63378797424230e-06   2.50023917375508e+01
   5.04624580000000e+07   2.68382154899882e-06   2.49663633290053e+01
   5.08624610000000e+07   1.84877160336328e-06   2.50784517111300e+01
   5.12624630000000e+07   1.69220425050298e-06   2.50504296156035e+01
   5.16624660000000e+07   2.29351212510664e-06   2.49863791115312e+01
   9.51700320000000e+07   4.70014987513423e-03   2.50784517111300e+01
   9.55700340000000e+07   2.14773695006443e-06   2.50304138330826e+01
   9.59700370000000e+07   2.55953636951745e-06   2.50344169895869e+01
   9.63700390000000e+07   1.39633436901931e-06   2.50264106765782e+01
   9.67700420000000e+07   2.14814394894347e-06   2.49783727985210e+01
   9.71700450000000e+07   1.35452285121573e-06   2.50184043635693e+01
   9.75700470000000e+07   2.22818289330462e-06   2.49663633290053e+01
   9.79700500000000e+07   2.13690350392426e-06   2.49823759550261e+01
   9.83700520000000e+07   1.39544079047482e-06   2.49863791115312e+01
   9.87700550000000e+07   1.92829179468390e-06   2.50944643371439e+01
   9.91700580000000e+07   8.43499776692624e-07   2.50344169895869e+01
   9.95700600000000e+07   1.72990223745728e-06   2.50624390851152e+01
   9.99700630000000e+07   2.52811037171341e-06   2.50544327721075e+01
   1.00370065000000e+08   1.79053370175097e-06   2.50704453981228e+01
   1.00770068000000e+08   2.15342925002915e-06   2.50624390851152e+01
   1.01170071000000e+08   1.33870764784660e-06   2.50224075200738e+01
   1.01570073000000e+08   2.17732190321840e-06   2.51184832761627e+01
   1.01970076000000e+08   2.34516642194649e-06   2.49863791115312e+01
   1.02370078000000e+08   1.46484512697498e-06   2.50144012070648e+01
   1.02770081000000e+08   2.28085104936326e-06   2.50384201460911e+01
   1.03170084000000e+08   1.14158194719494e-06   2.50184043635693e+01
   1.03570086000000e+08   1.86616534847417e-06   2.49663633290053e+01
   1.03970089000000e+08   2.28409544433816e-06   2.50784517111300e+01
   1.04370091000000e+08   1.97040981220198e-06   2.50704453981228e+01
   1.04770094000000e+08   2.39069095187006e-06   2.49183254509368e+01
   1.48559151000000e+08  -4.30204998701811e-03   2.50784517111300e+01
   1.48959153000000e+08   1.87609919066745e-06   2.50023917375508e+01
   1.49359156000000e+08   2.29968213716347e-06   2.50304138330826e+01
   1.49759158000000e+08   1.21702373689914e-06   2.49463475464779e+01
   1.50159161000000e+08   1.35080597374326e-06   2.50464264590994e+01
   1.50559164000000e+08   1.65655023920408e-06   2.50184043635693e+01
   1.50959166000000e+08   1.57461147409776e-06   2.49663633290053e+01
   1.51359169000000e+08   2.20781794268987e-06   2.50304138330826e+01
   1.51759171000000e+08   1.17386605325009e-06   2.50103980505602e+01
   1.52159174000000e+08   1.69547638506629e-06   2.50304138330826e+01
   1.52559177000000e+08   1.52907796291402e-06   2.50063948940555e+01
   1.52959179000000e+08   1.58956413542910e-06   2.50384201460911e+01
   1.53359182000000e+08   2.25466328629409e-06   2.50384201460911e+01
   1.53759184000000e+08   1.56992518896004e-06   2.50744485546264e+01
   1.54159187000000e+08   1.41777809403720e-06   2.49423443899722e+01
   1.54559189000000e+08   1.54299698351679e-06   2.50264106765782e+01
   1.54959192000000e+08   1.65315486810869e-06   2.49903822680362e+01
   1.55359195000000e+08   2.34944582189200e-06   2.49103191379245e+01
   1.55759197000000e+08   1.47631544678006e-06   2.50304138330826e+01
   1.56159200000000e+08   1.34673507545813e-06   2.49143222944307e+01
   1.56559202000000e+08   1.52333086589351e-06   2.50784517111300e+01
   1.56959205000000e+08   1.48786466525053e-06   2.50304138330826e+01
   1.57359208000000e+08   2.01280113287794e-06   2.49583570159945e+01
   1.57759210000000e+08   1.71467991094687e-06   2.49623601725000e+01
   1.58159213000000e+08   1.38358063850319e-06   2.50584359286114e+01
   1.93084249000000e+08   2.41299974732101e-03   2.49943854245411e+01
   1.93484252000000e+08   1.59806040755939e-06   2.50063948940555e+01
   1.93884254000000e+08   1.64090420184948e-06   2.49703664855106e+01
   1.94284257000000e+08   1.25592703170696e-06   2.50384201460911e+01
   1.94684260000000e+08   2.06846880246303e-06   2.49663633290053e+01
   1.95084262000000e+08   1.66737606832612e-06   2.50023917375508e+01
   1.95484265000000e+08   1.61628349815146e-06   2.49343380769607e+01
   1.95884267000000e+08   1.65723201916990e-06   2.50344169895869e+01
   1.96284270000000e+08   1.23652557704190e-06   2.50144012070648e+01
   1.96684273000000e+08   1.99437135961489e-06   2.50464264590994e+01
   1.97084275000000e+08   1.54260453655297e-06   2.50144012070648e+01
   1.97484278000000e+08   1.64139134994912e-06   2.49343380769607e+01
   1.97884280000000e+08   1.81169832558226e-06   2.50224075200738e+01
   1.98284283000000e+08   1.27350767797907e-06   2.50424233025953e+01
   1.98684286000000e+08   1.89359911928477e-06   2.49823759550261e+01
   1.99084288000000e+08   1.75712739292067e-06   2.50984674936472e+01
   1.99484291000000e+08   1.75914681221911e-06   2.49903822680362e+01
   1.99884293000000e+08   2.13819316741137e-06   2.50344169895869e+01
   2.00284296000000e+08   1.77595688910515e-06   2.49863791115312e+01
   2.00684299000000e+08   2.35779111790180e-06   2.49663633290053e+01
   2.01084301000000e+08   2.18932041207154e-06   2.50984674936472e+01
   2.01484304000000e+08   2.27404052566271e-06   2.50504296156035e+01
   2.01884306000000e+08   2.03705030799028e-06   2.49903822680362e+01
   2.02284309000000e+08   1.33852006456436e-06   2.50744485546264e+01
   2.02684312000000e+08   1.80601637111977e-06   2.50584359286114e+01
