   4.00003000000000e+05   1.78288257757231e-06   2.51465053716819e+01
   8.00005000000000e+05   1.75447382844141e-06   2.49143222944307e+01
   1.20000800000000e+06   1.73767182332085e-06   2.50304138330826e+01
   1.60001000000000e+06   1.83551162535878e-06   2.50103980505602e+01
   2.00001300000000e+06   1.60037404839386e-06   2.51705243106959e+01
   2.40001600000000e+06   1.86285581094126e-06   2.47862212862018e+01
   2.80001800000000e+06   1.75018271875160e-06   2.49263317639489e+01
   3.20002100000000e+06   1.68805456723931e-06   2.49823759550261e+01
   3.60002300000000e+06   1.84492989774299e-06   2.50184043635693e+01
   4.00002600000000e+06   1.69842678587884e-06   2.49823759550261e+01
   4.40002900000000e+06   1.69312397702015e-06   2.49903822680362e+01
   4.80003100000000e+06   1.59701869506534e-06   2.51064738066536e+01
   5.20003400000000e+06   1.65719347933191e-06   2.51745274671980e+01
   5.60003600000000e+06   1.66636937137810e-06   2.50304138330826e+01
   6.00003900000000e+06   1.59860701387515e-06   2.50184043635693e+01
   6.40004100000000e+06   1.65251788075693e-06   2.50624390851152e+01
   6.80004400000000e+06   1.89315346688090e-06   2.50224075200738e+01
   7.20004700000000e+06   1.71034491813771e-06   2.51625179976914e+01
   7.60004900000000e+06   1.73102785083756e-06   2.50904611806405e+01
   8.00005200000000e+06   1.73026069205662e-06   2.50784517111300e+01
   8.40005400000000e+06   1.91951335182239e-06   2.49383412334665e+01
   8.80005700000000e+06   1.87026785170019e-06   2.51785306237000e+01
   9.20006000000000e+06   1.77089975750278e-06   2.50664422416190e+01
   9.60006200000000e+06   1.83985241619666e-06   2.49543538594890e+01
   4.21270460000000e+07   1.35550260893069e-04   2.50103980505602e+01
   4.25270490000000e+07   1.81543873623013e-06   2.47662055036602e+01
   4.29270510000000e+07   1.60645845426188e-06   2.50224075200738e+01
   4.33270540000000e+07   1.88221599728422e-06   2.48462686338171e+01
   4.37270560000000e+07   1.69705549524224e-06   2.50464264590994e+01
   4.41270590000000e+07   1.74839908595459e-06   2.50103980505602e+01
   4.45270610000000e+07   1.90937657862378e-06   2.52345748147222e+01
   4.49270640000000e+07   1.71407941707002e-06   2.51825337802020e+01
   4.53270670000000e+07   2.02443834496080e-06   2.50584359286114e+01
   4.57270690000000e+07   1.78884590695816e-06   2.51585148411891e+01
   4.61270720000000e+07   2.03655667974090e-06   2.51705243106959e+01
   4.65270740000000e+07   2.10332837013993e-06   2.50184043635693e+01
   4.69270770000000e+07   2.05453761736862e-06   2.51745274671980e+01
   4.73270800000000e+07   2.16543298847682e-06   2.48742907293661e+01
   4.77270820000000e+07   2.02678961613856e-06   2.49063159814183e+01
   4.81270850000000e+07   2.04280468096840e-06   2.48422654773099e+01
   4.85270870000000e+07   2.01387592824176e-06   2.48943065118992e+01
   4.89270900000000e+07   1.99316309590358e-06   2.50504296156035e+01
   4.93270930000000e+07   2.15741897591215e-06   2.49623601725000e+01
   4.97270950000000e+07   1.93910227608285e-06   2.49303349204548e+01
   5.01270980000000e+07   1.99783198695513e-06   2.48342591642952e+01
   5.05271000000000e+07   1.67088342095667e-06   2.49223286074429e+01
   5.09271030000000e+07   1.70880150562880e-06   2.49423443899722e+01
   5.13271060000000e+07   1.70641442309716e-06   2.48342591642952e+01
   5.17271080000000e+07   1.61815125920839e-06   2.50504296156035e+01
   9.53586360000000e+07   2.21450172830373e-04   2.48542749468314e+01
   9.57586380000000e+07   1.53594032781257e-06   2.48102402252496e+01
   9.61586410000000e+07   1.94864128388872e-06   2.51224864326656e+01
   9.65586430000000e+07   1.83144595666818e-06   2.52265685017198e+01
   9.69586460000000e+07   1.77597428319132e-06   2.50063948940555e+01
   9.73586490000000e+07   1.95175653061597e-06   2.49103191379245e+01
   9.77586510000000e+07   1.65217488756753e-06   2.49583570159945e+01
   9.81586540000000e+07   1.99978535420087e-06   2.50264106765782e+01
   9.85586560000000e+07   1.90647358522256e-06   2.51024706501504e+01
   9.89586590000000e+07   1.83612462478777e-06   2.49503507029835e+01
   9.93586620000000e+07   2.13736598198011e-06   2.49463475464779e+01
   9.97586640000000e+07   1.74141791831062e-06   2.50704453981228e+01
   1.00158667000000e+08   2.06977642847050e-06   2.47662055036602e+01
   1.00558669000000e+08   1.88301078196673e-06   2.50023917375508e+01
   1.00958672000000e+08   1.87286912023410e-06   2.48022339122339e+01
   1.01358675000000e+08   2.02283354155952e-06   2.52826126927315e+01
   1.01758677000000e+08   1.68557619417697e-06   2.50184043635693e+01
   1.02158680000000e+08   1.85352030257491e-06   2.50304138330826e+01
   1.02558682000000e+08   1.49664958826179e-06   2.48622812598455e+01
   1.02958685000000e+08   1.48219646689540e-06   2.52505874407263e+01
   1.03358687000000e+08   1.59174612690549e-06   2.50224075200738e+01
   1.03758690000000e+08   1.39118185416010e-06   2.49543538594890e+01
   1.04158693000000e+08   1.82109067736747e-06   2.49823759550261e+01
   1.04558695000000e+08   1.59666808485781e-06   2.50784517111300e+01
   1.04958698000000e+08   1.78104960468772e-06   2.52625969102287e+01
   1.48178540000000e+08   1.76150235347450e-04   2.48702875728593e+01
   1.48578543000000e+08   1.51564063344267e-06   2.49583570159945e+01
   1.48978545000000e+08   1.77477306806395e-06   2.53866947617211e+01
   1.49378548000000e+08   1.38554457862483e-06   2.52666000667294e+01
   1.49778550000000e+08   1.69469331012806e-06   2.51585148411891e+01
   1.50178553000000e+08   1.54607562308229e-06   2.51384990586767e+01
   1.50578556000000e+08   1.47070181810705e-06   2.50224075200738e+01
   1.50978558000000e+08   1.71635315382446e-06   2.51344959021740e+01
   1.51378561000000e+08   1.29254488001607e-06   2.49583570159945e+01
   1.51778563000000e+08   1.76618914338178e-06   2.47381834080993e+01
   1.52178566000000e+08   1.43885415582190e-06   2.48863001988861e+01
   1.52578569000000e+08   1.54370593463682e-06   2.49583570159945e+01
   1.52978571000000e+08   1.67243558735208e-06   2.51384990586767e+01
   1.53378574000000e+08   1.35916150156845e-06   2.52385779712233e+01
   1.53778576000000e+08   1.80443146291509e-06   2.51184832761627e+01
   1.54178579000000e+08   1.58109219228209e-06   2.49023128249120e+01
   1.54578582000000e+08   1.83336112513643e-06   2.49143222944307e+01
   1.54978584000000e+08   1.99688633983897e-06   2.51304927456713e+01
   1.55378587000000e+08   1.68246140219708e-06   2.52345748147222e+01
   1.55778589000000e+08   2.10507869269350e-06   2.51505085281844e+01
   1.56178592000000e+08   1.53103655975428e-06   2.50904611806405e+01
   1.56578595000000e+08   1.78340746970207e-06   2.49783727985210e+01
   1.56978597000000e+08   1.83181771262753e-06   2.52986253187327e+01
   1.57378600000000e+08   1.49570371377195e-06   2.50063948940555e+01
   1.57778602000000e+08   1.87710406862607e-06   2.51144801196597e+01
   1.92821114000000e+08   1.73275082488544e-04   2.50144012070648e+01
   1.93221117000000e+08   1.51478536736249e-06   2.49903822680362e+01
   1.93621119000000e+08   1.53493147081463e-06   2.50944643371439e+01
   1.94021122000000e+08   1.79779158315796e-06   2.50144012070648e+01
   1.94421125000000e+08   1.35486436647625e-06   2.49303349204548e+01
   1.94821127000000e+08   1.73411433479487e-06   2.49663633290053e+01
   1.95221130000000e+08   1.53418034187780e-06   2.51505085281844e+01
   1.95621132000000e+08   1.49000504734431e-06   2.48662844163524e+01
   1.96021135000000e+08   1.73847524820303e-06   2.51064738066536e+01
   1.96421138000000e+08   1.22278959224786e-06   2.50584359286114e+01
   1.96821140000000e+08   1.76145431396435e-06   2.49263317639489e+01
   1.97221143000000e+08   1.36172877773788e-06   2.49663633290053e+01
   1.97621145000000e+08   1.51618405652698e-06   2.49383412334665e+01
   1.98021148000000e+08   1.69662610005616e-06   2.50184043635693e+01
   1.98421150000000e+08   1.65820472375344e-06   2.49063159814183e+01
   1.98821153000000e+08   1.98142629415088e-06   2.51224864326656e+01
   1.99221156000000e+08   1.72342242876766e-06   2.50944643371439e+01
   1.99621158000000e+08   1.81620589501108e-06   2.50464264590994e+01
   2.00021161000000e+08   1.98983343580039e-06   2.51665211541937e+01
   2.00421163000000e+08   1.82461815256829e-06   2.47822181296936e+01
   2.00821166000000e+08   2.14628880712553e-06   2.50464264590994e+01
   2.01221169000000e+08   1.96272435459832e-06   2.50704453981228e+01
   2.01621171000000e+08   2.13574662666360e-06   2.50864580241371e+01
   2.02021174000000e+08   2.09964741770818e-06   2.49663633290053e+01
   2.02421176000000e+08   2.09573795473261e-06   2.51264895891685e+01
