   4.00002000000000e+05   1.99656551558292e-06   2.50304138330826e+01
   8.00005000000000e+05   1.75602463059477e-06   2.50704453981228e+01
   1.20000700000000e+06   1.70075645655743e-06   2.49623601725000e+01
   1.60001000000000e+06   1.81402799626085e-06   2.49543538594890e+01
   2.00001300000000e+06   1.71034139384574e-06   2.49143222944307e+01
   2.40001500000000e+06   1.75639934241190e-06   2.49583570159945e+01
   2.80001800000000e+06   1.64977586791792e-06   2.49663633290053e+01
   3.20002000000000e+06   1.45287822306273e-06   2.49583570159945e+01
   3.60002300000000e+06   1.64297887295106e-06   2.49223286074429e+01
   4.00002600000000e+06   1.46734748796007e-06   2.49223286074429e+01
   4.40002800000000e+06   1.59469414029445e-06   2.49783727985210e+01
   4.80003100000000e+06   2.00760405277833e-06   2.49623601725000e+01
   5.20003300000000e+06   2.08790879696608e-06   2.50544327721075e+01
   5.60003600000000e+06   2.28869862439751e-06   2.50023917375508e+01
   6.00003900000000e+06   2.05627475224901e-06   2.49983885810460e+01
   6.40004100000000e+06   2.20527863348252e-06   2.50784517111300e+01
   6.80004400000000e+06   1.90704315627954e-06   2.50464264590994e+01
   7.20004600000000e+06   1.81580844582641e-06   2.50904611806405e+01
   7.60004900000000e+06   1.81559437351098e-06   2.49383412334665e+01
   8.00005200000000e+06   1.78179641352472e-06   2.49983885810460e+01
   8.40005400000000e+06   1.78840230091737e-06   2.48863001988861e+01
   8.80005700000000e+06   1.46928925914835e-06   2.50784517111300e+01
   9.20005900000000e+06   1.18294781259465e-06   2.50384201460911e+01
   9.60006200000000e+06   1.48223728047014e-06   2.49983885810460e+01
   4.21482680000000e+07   1.55362649820745e-04   2.49543538594890e+01
   4.25482710000000e+07   1.46661488997779e-06   2.50224075200738e+01
   4.29482730000000e+07   1.87966566045361e-06   2.50264106765782e+01
   4.33482760000000e+07   1.53374662659189e-06   2.49743696420159e+01
   4.37482780000000e+07   1.43398858654109e-06   2.49583570159945e+01
   4.41482810000000e+07   1.87244791050034e-06   2.49823759550261e+01
   4.45482840000000e+07   1.59182434344984e-06   2.50264106765782e+01
   4.49482860000000e+07   2.39630344367470e-06   2.50504296156035e+01
   4.53482890000000e+07   2.22467224375578e-06   2.50224075200738e+01
   4.57482910000000e+07   2.30923387789517e-06   2.50464264590994e+01
   4.61482940000000e+07   2.41587895288831e-06   2.50103980505602e+01
   4.65482970000000e+07   2.09771087611443e-06   2.49743696420159e+01
   4.69482990000000e+07   2.42012765738764e-06   2.50144012070648e+01
   4.73483020000000e+07   2.34981825997238e-06   2.50144012070648e+01
   4.77483040000000e+07   2.12761528928240e-06   2.49743696420159e+01
   4.81483070000000e+07   2.46390641223115e-06   2.50264106765782e+01
   4.85483100000000e+07   2.09165568776370e-06   2.50384201460911e+01
   4.89483120000000e+07   2.24027394324366e-06   2.50344169895869e+01
   4.93483150000000e+07   2.00059571398015e-06   2.49823759550261e+01
   4.97483170000000e+07   2.01080547412857e-06   2.50224075200738e+01
   5.01483200000000e+07   2.30649879995326e-06   2.50144012070648e+01
   5.05483230000000e+07   1.83345207460661e-06   2.50184043635693e+01
   5.09483250000000e+07   2.39647692978906e-06   2.50664422416190e+01
   5.13483280000000e+07   2.21508457798336e-06   2.50504296156035e+01
   5.17483300000000e+07   2.16705143429863e-06   2.49903822680362e+01
   9.54687770000000e+07   1.68325277627446e-04   2.50624390851152e+01
   9.58687800000000e+07   2.38093298321473e-06   2.50544327721075e+01
   9.62687830000000e+07   2.31251897275797e-06   2.49783727985210e+01
   9.66687850000000e+07   1.96862629309180e-06   2.50384201460911e+01
   9.70687880000000e+07   1.69448605902289e-06   2.49903822680362e+01
   9.74687900000000e+07   1.62479182108655e-06   2.49983885810460e+01
   9.78687930000000e+07   1.59042622271954e-06   2.49343380769607e+01
   9.82687960000000e+07   1.58925581672520e-06   2.50184043635693e+01
   9.86687980000000e+07   1.63494894422911e-06   2.49943854245411e+01
   9.90688010000000e+07   1.78063487510371e-06   2.50504296156035e+01
   9.94688030000000e+07   1.57068723183329e-06   2.50063948940555e+01
   9.98688060000000e+07   1.72108480001043e-06   2.50824548676336e+01
   1.00268809000000e+08   1.68378664966440e-06   2.50144012070648e+01
   1.00668811000000e+08   1.74158856225404e-06   2.50384201460911e+01
   1.01068814000000e+08   1.71113867963868e-06   2.49623601725000e+01
   1.01468816000000e+08   1.79534026756301e-06   2.49983885810460e+01
   1.01868819000000e+08   1.77327399342175e-06   2.50704453981228e+01
   1.02268822000000e+08   1.75876482444437e-06   2.50264106765782e+01
   1.02668824000000e+08   1.64883442721475e-06   2.50184043635693e+01
   1.03068827000000e+08   1.71637884704978e-06   2.50264106765782e+01
   1.03468829000000e+08   1.67638609127607e-06   2.50744485546264e+01
   1.03868832000000e+08   1.59239448294102e-06   2.49823759550261e+01
   1.04268835000000e+08   1.61484160798864e-06   2.50904611806405e+01
   1.04668837000000e+08   1.74510012129758e-06   2.49583570159945e+01
   1.05068840000000e+08   1.81854716174712e-06   2.50144012070648e+01
   1.49003116000000e+08   2.23100156290457e-04   2.50304138330826e+01
   1.49403119000000e+08   1.73320222529583e-06   2.50704453981228e+01
   1.49803121000000e+08   1.65860183187760e-06   2.50304138330826e+01
   1.50203124000000e+08   1.96190785572981e-06   2.51304927456713e+01
   1.50603127000000e+08   1.67033670095407e-06   2.50984674936472e+01
   1.51003129000000e+08   2.00722934096120e-06   2.50664422416190e+01
   1.51403132000000e+08   1.97561803361168e-06   2.50664422416190e+01
   1.51803134000000e+08   1.90138291600306e-06   2.50023917375508e+01
   1.52203137000000e+08   2.08030633075396e-06   2.50504296156035e+01
   1.52603140000000e+08   1.95065172192699e-06   2.50304138330826e+01
   1.53003142000000e+08   2.40860640587925e-06   2.50584359286114e+01
   1.53403145000000e+08   2.34750859817723e-06   2.50864580241371e+01
   1.53803147000000e+08   2.22527205551160e-06   2.50784517111300e+01
   1.54203150000000e+08   2.45280239141721e-06   2.50384201460911e+01
   1.54603153000000e+08   1.92955099009851e-06   2.50544327721075e+01
   1.55003155000000e+08   1.85490000603750e-06   2.50744485546264e+01
   1.55403158000000e+08   1.72831767031312e-06   2.49943854245411e+01
   1.55803160000000e+08   1.63517393048096e-06   2.50984674936472e+01
   1.56203163000000e+08   1.93086179933744e-06   2.50624390851152e+01
   1.56603165000000e+08   1.85725866685971e-06   2.49863791115312e+01
   1.57003168000000e+08   2.38500228988414e-06   2.49863791115312e+01
   1.57403171000000e+08   2.44323632614396e-06   2.50103980505602e+01
   1.57803173000000e+08   2.20263791561592e-06   2.50344169895869e+01
   1.58203176000000e+08   2.57548845183919e-06   2.50624390851152e+01
   1.58603178000000e+08   1.86354600373306e-06   2.50063948940555e+01
   1.93503671000000e+08   1.45850048284046e-04   2.50864580241371e+01
   1.93903674000000e+08   1.25874646528246e-06   2.50464264590994e+01
   1.94303676000000e+08   1.25679798657075e-06   2.50344169895869e+01
   1.94703679000000e+08   1.85210899417143e-06   2.50184043635693e+01
   1.95103681000000e+08   1.82971223239292e-06   2.50744485546264e+01
   1.95503684000000e+08   2.12872623706062e-06   2.50784517111300e+01
   1.95903687000000e+08   1.89594516086800e-06   2.49783727985210e+01
   1.96303689000000e+08   1.98206407731050e-06   2.49983885810460e+01
   1.96703692000000e+08   2.06722097573220e-06   2.50824548676336e+01
   1.97103694000000e+08   1.82443307039648e-06   2.49583570159945e+01
   1.97503697000000e+08   2.07599123314139e-06   2.49463475464779e+01
   1.97903700000000e+08   1.94672747966251e-06   2.50344169895869e+01
   1.98303702000000e+08   1.91915160030476e-06   2.49463475464779e+01
   1.98703705000000e+08   1.94437302525330e-06   2.49543538594890e+01
   1.99103707000000e+08   1.65413155173155e-06   2.49183254509368e+01
   1.99503710000000e+08   1.91776712199498e-06   2.49983885810460e+01
   1.99903713000000e+08   1.66659719980089e-06   2.50504296156035e+01
   2.00303715000000e+08   1.73223463661998e-06   2.49823759550261e+01
   2.00703718000000e+08   1.74394961049984e-06   2.50744485546264e+01
   2.01103720000000e+08   1.61874777404591e-06   2.50824548676336e+01
   2.01503723000000e+08   1.64821824455430e-06   2.50544327721075e+01
   2.01903726000000e+08   1.69140469097329e-06   2.50984674936472e+01
   2.02303728000000e+08   1.64121809120843e-06   2.50904611806405e+01
   2.02703731000000e+08   1.96487690118374e-06   2.50504296156035e+01
   2.03103733000000e+08   1.91662547877058e-06   2.50504296156035e+01
