   4.00002000000000e+05   2.45714477387082e-06   2.50624390851152e+01
   8.00005000000000e+05   1.95687539417122e-06   2.51024706501504e+01
   1.20000700000000e+06   1.98127258954628e-06   2.51264895891685e+01
   1.60001000000000e+06   2.06565687221882e-06   2.51224864326656e+01
   2.00001300000000e+06   1.84241719125566e-06   2.50864580241371e+01
   2.40001500000000e+06   2.09296399589221e-06   2.51064738066536e+01
   2.80001800000000e+06   1.70039777458442e-06   2.50624390851152e+01
   3.20002000000000e+06   1.73241278389469e-06   2.51865369367039e+01
   3.60002300000000e+06   1.75020920778479e-06   2.50424233025953e+01
   4.00002600000000e+06   1.68810925060825e-06   2.51184832761627e+01
   4.40002800000000e+06   1.82948440397013e-06   2.50304138330826e+01
   4.80003100000000e+06   1.72188606484269e-06   2.50144012070648e+01
   5.20003300000000e+06   1.69627332979871e-06   2.49903822680362e+01
   5.60003600000000e+06   1.81288498879439e-06   2.50184043635693e+01
   6.00003900000000e+06   1.70491443896026e-06   2.49503507029835e+01
   6.40004100000000e+06   1.64943173786014e-06   2.49903822680362e+01
   6.80004400000000e+06   1.27362420698773e-06   2.50664422416190e+01
   7.20004600000000e+06   1.10479743398173e-06   2.49703664855106e+01
   7.60004900000000e+06   1.26884719975351e-06   2.49063159814183e+01
   8.00005100000000e+06   9.97964889393188e-07   2.50344169895869e+01
   8.40005400000000e+06   1.28961107748182e-06   2.50664422416190e+01
   8.80005700000000e+06   1.11775159439276e-06   2.50624390851152e+01
   9.20005900000000e+06   1.18859918529779e-06   2.51425022151793e+01
   9.60006200000000e+06   1.18672653570684e-06   2.49983885810460e+01
   4.20780950000000e+07  -2.06918688490987e-03   2.49703664855106e+01
   4.24780980000000e+07   1.58921284310054e-06   2.50344169895869e+01
   4.28781010000000e+07   2.64908771896444e-06   2.50023917375508e+01
   4.32781030000000e+07   1.80254676251934e-06   2.50144012070648e+01
   4.36781060000000e+07   2.10204029826855e-06   2.49783727985210e+01
   4.40781080000000e+07   1.87508612725651e-06   2.50103980505602e+01
   4.44781110000000e+07   1.47684761486744e-06   2.51024706501504e+01
   4.48781130000000e+07   2.15193358599208e-06   2.50584359286114e+01
   4.52781160000000e+07   1.15262332656130e-06   2.49783727985210e+01
   4.56781190000000e+07   1.51665847170079e-06   2.49503507029835e+01
   4.60781210000000e+07   1.21216328352602e-06   2.50624390851152e+01
   4.64781240000000e+07   1.16084891033097e-06   2.50063948940555e+01
   4.68781260000000e+07   2.34628100770351e-06   2.50344169895869e+01
   4.72781290000000e+07   1.53829103055614e-06   2.50544327721075e+01
   4.76781320000000e+07   1.70926352893730e-06   2.51264895891685e+01
   4.80781340000000e+07   1.67527264238743e-06   2.49023128249120e+01
   4.84781370000000e+07   1.34882225211186e-06   2.51144801196597e+01
   4.88781390000000e+07   2.18066043089493e-06   2.50384201460911e+01
   4.92781420000000e+07   1.15918055598740e-06   2.49463475464779e+01
   4.96781450000000e+07   1.57354895691242e-06   2.49583570159945e+01
   5.00781470000000e+07   1.48129549870646e-06   2.50784517111300e+01
   5.04781500000000e+07   1.21113089335267e-06   2.50744485546264e+01
   5.08781520000000e+07   2.27611803893524e-06   2.50544327721075e+01
   5.12781550000000e+07   1.42473811592936e-06   2.50624390851152e+01
   5.16781580000000e+07   1.71498379586410e-06   2.50624390851152e+01
   9.55598110000000e+07   4.64520044624805e-03   2.50424233025953e+01
   9.59598140000000e+07   1.77474464635452e-06   2.51264895891685e+01
   9.63598160000000e+07   1.95654911294696e-06   2.50304138330826e+01
   9.67598190000000e+07   1.70968394286319e-06   2.50144012070648e+01
   9.71598220000000e+07   1.20581819373911e-06   2.51625179976914e+01
   9.75598240000000e+07   1.20137235626316e-06   2.50584359286114e+01
   9.79598270000000e+07   1.88485205399047e-06   2.50304138330826e+01
   9.83598290000000e+07   1.93134837900288e-06   2.49623601725000e+01
   9.87598320000000e+07   1.62116407409485e-06   2.50544327721075e+01
   9.91598340000000e+07   8.92794105311623e-07   2.50864580241371e+01
   9.95598370000000e+07   1.15230739083927e-06   2.50103980505602e+01
   9.99598400000000e+07   1.83493636995991e-06   2.49383412334665e+01
   1.00359842000000e+08   1.70892781170551e-06   2.50384201460911e+01
   1.00759845000000e+08   1.73658759194950e-06   2.50504296156035e+01
   1.01159847000000e+08   1.19050343982963e-06   2.50544327721075e+01
   1.01559850000000e+08   1.60764045631367e-06   2.50144012070648e+01
   1.01959853000000e+08   2.03080844585202e-06   2.49943854245411e+01
   1.02359855000000e+08   1.87973330412206e-06   2.49543538594890e+01
   1.02759858000000e+08   1.68008716627810e-06   2.49583570159945e+01
   1.03159860000000e+08   1.24304392556951e-06   2.50544327721075e+01
   1.03559863000000e+08   1.56603618961526e-06   2.51024706501504e+01
   1.03959866000000e+08   1.93316509466968e-06   2.49663633290053e+01
   1.04359868000000e+08   1.84056261787191e-06   2.50384201460911e+01
   1.04759871000000e+08   1.67402447459608e-06   2.50504296156035e+01
   1.05159873000000e+08   1.13970804704877e-06   2.50864580241371e+01
   1.48992701000000e+08  -4.23802435398102e-03   2.50344169895869e+01
   1.49392703000000e+08   3.03007891488960e-06   2.50784517111300e+01
   1.49792706000000e+08   1.00915860912210e-06   2.50864580241371e+01
   1.50192708000000e+08   2.82820883512613e-06   2.51024706501504e+01
   1.50592711000000e+08   1.38012421757594e-06   2.51344959021740e+01
   1.50992714000000e+08   1.21436619338056e-06   2.51665211541937e+01
   1.51392716000000e+08   2.89806007458537e-06   2.50304138330826e+01
   1.51792719000000e+08   9.34008085096139e-07   2.50784517111300e+01
   1.52192721000000e+08   2.63877268480428e-06   2.51264895891685e+01
   1.52592724000000e+08   1.53480152675911e-06   2.50704453981228e+01
   1.52992727000000e+08   1.85598378266150e-06   2.51184832761627e+01
   1.53392729000000e+08   3.33891398440755e-06   2.49663633290053e+01
   1.53792732000000e+08   1.43135514463211e-06   2.50344169895869e+01
   1.54192734000000e+08   3.19338028020866e-06   2.50224075200738e+01
   1.54592737000000e+08   1.65684593866899e-06   2.50184043635693e+01
   1.54992740000000e+08   1.94773974726559e-06   2.49983885810460e+01
   1.55392742000000e+08   3.21445281770139e-06   2.50224075200738e+01
   1.55792745000000e+08   1.41889688620722e-06   2.50744485546264e+01
   1.56192747000000e+08   3.07946902466938e-06   2.50063948940555e+01
   1.56592750000000e+08   1.41649661600241e-06   2.49863791115312e+01
   1.56992753000000e+08   1.65257370099425e-06   2.50063948940555e+01
   1.57392755000000e+08   2.72263719125476e-06   2.50624390851152e+01
   1.57792758000000e+08   9.27254120597354e-07   2.49463475464779e+01
   1.58192760000000e+08   2.72087572739110e-06   2.50023917375508e+01
   1.58592763000000e+08   1.16247611003928e-06   2.49663633290053e+01
   1.93614509000000e+08   2.37673777155578e-03   2.50063948940555e+01
   1.94014512000000e+08   2.19465823647624e-06   2.50504296156035e+01
   1.94414515000000e+08   1.18267803372873e-06   2.50584359286114e+01
   1.94814517000000e+08   1.99443161363888e-06   2.50664422416190e+01
   1.95214520000000e+08   2.47671232500579e-06   2.50103980505602e+01
   1.95614522000000e+08   1.62324954544601e-06   2.50664422416190e+01
   1.96014525000000e+08   2.49316758527129e-06   2.50784517111300e+01
   1.96414528000000e+08   1.62512412771321e-06   2.50544327721075e+01
   1.96814530000000e+08   2.58535510511138e-06   2.49183254509368e+01
   1.97214533000000e+08   2.89865556624136e-06   2.50464264590994e+01
   1.97614535000000e+08   2.10320627047622e-06   2.50103980505602e+01
   1.98014538000000e+08   3.02418334285903e-06   2.50744485546264e+01
   1.98414541000000e+08   1.84720579454734e-06   2.49783727985210e+01
   1.98814543000000e+08   2.15508657674945e-06   2.50304138330826e+01
   1.99214546000000e+08   2.22174367081607e-06   2.51184832761627e+01
   1.99614548000000e+08   1.77439824255998e-06   2.50584359286114e+01
   2.00014551000000e+08   2.32171078096144e-06   2.49863791115312e+01
   2.00414554000000e+08   1.36002665840351e-06   2.50384201460911e+01
   2.00814556000000e+08   1.84606324182823e-06   2.49143222944307e+01
   2.01214559000000e+08   1.80728545728925e-06   2.49463475464779e+01
   2.01614561000000e+08   1.29897921397060e-06   2.49023128249120e+01
   2.02014564000000e+08   1.92598849935166e-06   2.48782938858728e+01
   2.02414566000000e+08   1.09516338397952e-06   2.49463475464779e+01
   2.02814569000000e+08   2.02509022528830e-06   2.50144012070648e+01
   2.03214572000000e+08   1.76340574853384e-06   2.49663633290053e+01
