   4.00003000000000e+05   1.96355858861352e-06   2.49863791115312e+01
   8.00005000000000e+05   2.00331487576477e-06   2.50103980505602e+01
   1.20000800000000e+06   1.89083527857292e-06   2.50224075200738e+01
   1.60001100000000e+06   1.62813296356035e-06   2.50304138330826e+01
   2.00001300000000e+06   1.60251772740594e-06   2.50384201460911e+01
   2.40001600000000e+06   1.44724833717191e-06   2.49623601725000e+01
   2.80001800000000e+06   1.71110218616377e-06   2.50384201460911e+01
   3.20002100000000e+06   1.58514910708618e-06   2.50264106765782e+01
   3.60002400000000e+06   1.67071527812368e-06   2.51024706501504e+01
   4.00002600000000e+06   1.83297095190937e-06   2.50264106765782e+01
   4.40002900000000e+06   1.70724115378107e-06   2.50424233025953e+01
   4.80003200000000e+06   1.80175572950247e-06   2.50584359286114e+01
   5.20003400000000e+06   1.54470660618244e-06   2.50984674936472e+01
   5.60003700000000e+06   1.63181550760783e-06   2.49983885810460e+01
   6.00003900000000e+06   1.57478154960700e-06   2.50864580241371e+01
   6.40004200000000e+06   1.41618329507764e-06   2.50264106765782e+01
   6.80004500000000e+06   1.58023669882823e-06   2.51144801196597e+01
   7.20004700000000e+06   1.58298496444331e-06   2.51024706501504e+01
   7.60005000000000e+06   1.66521442679368e-06   2.49823759550261e+01
   8.00005300000000e+06   1.65253709383251e-06   2.50023917375508e+01
   8.40005500000000e+06   1.68534734257264e-06   2.49623601725000e+01
   8.80005800000000e+06   1.82440578555543e-06   2.50464264590994e+01
   9.20006100000000e+06   1.60291369866172e-06   2.49783727985210e+01
   9.60006300000000e+06   1.94512540474534e-06   2.49743696420159e+01
   4.20998620000000e+07   2.33950000256300e-03   2.50264106765782e+01
   4.24998650000000e+07   9.15003283807891e-07   2.49583570159945e+01
   4.28998670000000e+07   2.69383099293918e-06   2.50224075200738e+01
   4.32998700000000e+07   2.19477465179807e-06   2.49983885810460e+01
   4.36998730000000e+07   1.57247893639578e-06   2.49783727985210e+01
   4.40998750000000e+07   1.62319258834032e-06   2.50344169895869e+01
   4.44998780000000e+07   1.22243739042460e-06   2.49543538594890e+01
   4.48998800000000e+07   2.90742855213466e-06   2.50344169895869e+01
   4.52998830000000e+07   1.90406854017056e-06   2.49383412334665e+01
   4.56998860000000e+07   1.53445182604628e-06   2.50304138330826e+01
   4.60998880000000e+07   1.80400593308150e-06   2.50984674936472e+01
   4.64998910000000e+07   1.63358527061064e-06   2.50464264590994e+01
   4.68998940000000e+07   2.90132811642252e-06   2.50224075200738e+01
   4.72998960000000e+07   1.75292291260121e-06   2.50063948940555e+01
   4.76998990000000e+07   1.65387712058873e-06   2.49903822680362e+01
   4.80999010000000e+07   1.82136614057526e-06   2.49783727985210e+01
   4.84999040000000e+07   1.81444454483426e-06   2.49663633290053e+01
   4.88999070000000e+07   2.81749453279190e-06   2.50063948940555e+01
   4.92999090000000e+07   1.55475413521344e-06   2.48983096684056e+01
   4.96999120000000e+07   1.55722818817594e-06   2.48983096684056e+01
   5.00999150000000e+07   1.91796243598219e-06   2.50103980505602e+01
   5.04999170000000e+07   2.00817294171429e-06   2.50504296156035e+01
   5.08999200000000e+07   2.63758465735009e-06   2.50224075200738e+01
   5.12999220000000e+07   1.36538585593371e-06   2.50224075200738e+01
   5.16999250000000e+07   1.83231736627931e-06   2.50304138330826e+01
   9.51009170000000e+07  -4.17390000075102e-03   2.50103980505602e+01
   9.55009200000000e+07   1.50112839492067e-06   2.49663633290053e+01
   9.59009220000000e+07   8.02949045919377e-07   2.51064738066536e+01
   9.63009250000000e+07   1.82162330020219e-06   2.50424233025953e+01
   9.67009270000000e+07   4.31487296737032e-06   2.50984674936472e+01
   9.71009300000000e+07   2.18681657315756e-06   2.50344169895869e+01
   9.75009330000000e+07   1.06382583453524e-06   2.50264106765782e+01
   9.79009350000000e+07   9.91424258245388e-07   2.50023917375508e+01
   9.83009380000000e+07   2.24485984290368e-06   2.50144012070648e+01
   9.87009410000000e+07   3.93353093386395e-06   2.50063948940555e+01
   9.91009430000000e+07   1.36778646719904e-06   2.49983885810460e+01
   9.95009460000000e+07   5.90607555750466e-07   2.50544327721075e+01
   9.99009490000000e+07   9.73715827967681e-07   2.50063948940555e+01
   1.00300951000000e+08   2.38997677115549e-06   2.49943854245411e+01
   1.00700954000000e+08   3.19677428706200e-06   2.50224075200738e+01
   1.01100956000000e+08   5.57414921331656e-07   2.50504296156035e+01
   1.01500959000000e+08   6.48631328203919e-07   2.50864580241371e+01
   1.01900962000000e+08   1.61938021392416e-06   2.50344169895869e+01
   1.02300964000000e+08   2.66630854639516e-06   2.51184832761627e+01
   1.02700967000000e+08   2.60065849033708e-06   2.50144012070648e+01
   1.03100970000000e+08   1.03061609024735e-07   2.50784517111300e+01
   1.03500972000000e+08   1.06319487258588e-06   2.49943854245411e+01
   1.03900975000000e+08   1.87861382983101e-06   2.49503507029835e+01
   1.04300977000000e+08   2.58331238001119e-06   2.50744485546264e+01
   1.04700980000000e+08   1.97723306882835e-06   2.50424233025953e+01
   1.48254432000000e+08   4.57382481545210e-03   2.49503507029835e+01
   1.48654434000000e+08   1.73407966030936e-06   2.48622812598455e+01
   1.49054437000000e+08   1.64699258675682e-06   2.49063159814183e+01
   1.49454440000000e+08   2.87215220851067e-06   2.50384201460911e+01
   1.49854442000000e+08   1.47786317938881e-06   2.50344169895869e+01
   1.50254445000000e+08   2.85325654658664e-06   2.49703664855106e+01
   1.50654448000000e+08   2.01780198949564e-06   2.50504296156035e+01
   1.51054450000000e+08   2.16353873838671e-06   2.50904611806405e+01
   1.51454453000000e+08   2.70777763944352e-06   2.50624390851152e+01
   1.51854455000000e+08   1.40654856295441e-06   2.52025495627110e+01
   1.52254458000000e+08   2.81670918411692e-06   2.50904611806405e+01
   1.52654461000000e+08   1.91178264685732e-06   2.50784517111300e+01
   1.53054463000000e+08   1.88985541171860e-06   2.50944643371439e+01
   1.53454466000000e+08   2.36916071116866e-06   2.50784517111300e+01
   1.53854469000000e+08   1.05916740267276e-06   2.50784517111300e+01
   1.54254471000000e+08   2.48772721533896e-06   2.50664422416190e+01
   1.54654474000000e+08   1.26672489386692e-06   2.50784517111300e+01
   1.55054477000000e+08   1.75528111867607e-06   2.50464264590994e+01
   1.55454479000000e+08   2.30092291531037e-06   2.49583570159945e+01
   1.55854482000000e+08   1.24363691611507e-06   2.49903822680362e+01
   1.56254484000000e+08   2.53103485192696e-06   2.49983885810460e+01
   1.56654487000000e+08   1.58700322572258e-06   2.49583570159945e+01
   1.57054490000000e+08   1.87751777502854e-06   2.50063948940555e+01
   1.57454492000000e+08   1.99589089788788e-06   2.50304138330826e+01
   1.57854495000000e+08   1.00371141797950e-06   2.49983885810460e+01
   1.93286919000000e+08  -2.02823756262660e-03   2.50544327721075e+01
   1.93686922000000e+08   3.08413859784196e-06   2.50103980505602e+01
   1.94086924000000e+08   1.59615308348293e-06   2.50184043635693e+01
   1.94486927000000e+08   1.19054129754659e-06   2.50304138330826e+01
   1.94886930000000e+08   6.19214006292168e-07   2.49943854245411e+01
   1.95286932000000e+08   1.46811055401486e-06   2.49823759550261e+01
   1.95686935000000e+08   3.19641640089685e-06   2.50344169895869e+01
   1.96086938000000e+08   1.60819729444484e-06   2.50103980505602e+01
   1.96486940000000e+08   1.33321111661644e-06   2.50224075200738e+01
   1.96886943000000e+08   1.10279245291167e-06   2.49783727985210e+01
   1.97286945000000e+08   2.14481178772985e-06   2.50144012070648e+01
   1.97686948000000e+08   3.12196743834647e-06   2.51224864326656e+01
   1.98086951000000e+08   1.33157607251633e-06   2.49783727985210e+01
   1.98486953000000e+08   1.21937716812681e-06   2.50624390851152e+01
   1.98886956000000e+08   1.47792502502853e-06   2.50824548676336e+01
   1.99286959000000e+08   2.40248346017324e-06   2.50864580241371e+01
   1.99686961000000e+08   3.05220851259946e-06   2.50984674936472e+01
   2.00086964000000e+08   1.13414512270538e-06   2.50864580241371e+01
   2.00486966000000e+08   1.55191128214938e-06   2.50424233025953e+01
   2.00886969000000e+08   1.92546372090874e-06   2.50824548676336e+01
   2.01286972000000e+08   2.82808082374686e-06   2.50584359286114e+01
   2.01686974000000e+08   2.66153620032128e-06   2.51425022151793e+01
   2.02086977000000e+08   8.71206566444016e-07   2.50224075200738e+01
   2.02486980000000e+08   1.82419898919761e-06   2.50184043635693e+01
   2.02886982000000e+08   2.19688854485867e-06   2.50103980505602e+01
