   4.00002000000000e+05   1.59402111421514e-06   2.51585148411891e+01
   8.00005000000000e+05   1.53004418734781e-06   2.51024706501504e+01
   1.20000800000000e+06   1.60564184170653e-06   2.50664422416190e+01
   1.60001000000000e+06   1.59119815634767e-06   2.51064738066536e+01
   2.00001300000000e+06   1.31887759380334e-06   2.50744485546264e+01
   2.40001500000000e+06   1.09288305338850e-06   2.50264106765782e+01
   2.80001800000000e+06   1.06300751667732e-06   2.50023917375508e+01
   3.20002100000000e+06   1.12822783648880e-06   2.50184043635693e+01
   3.60002300000000e+06   1.07930168269377e-06   2.49543538594890e+01
   4.00002600000000e+06   1.35753543872852e-06   2.49863791115312e+01
   4.40002800000000e+06   1.73920568613539e-06   2.49583570159945e+01
   4.80003100000000e+06   1.69235420344194e-06   2.49623601725000e+01
   5.20003300000000e+06   1.70056966908305e-06   2.50063948940555e+01
   5.60003600000000e+06   1.67360349223600e-06   2.50464264590994e+01
   6.00003900000000e+06   1.91112098946178e-06   2.50103980505602e+01
   6.40004100000000e+06   2.03672857423953e-06   2.49783727985210e+01
   6.80004400000000e+06   2.01662601284625e-06   2.50504296156035e+01
   7.20004600000000e+06   2.12325949178194e-06   2.50184043635693e+01
   7.60004900000000e+06   2.09122390515404e-06   2.49503507029835e+01
   8.00005200000000e+06   1.78257744209986e-06   2.50864580241371e+01
   8.40005400000000e+06   1.49506888647011e-06   2.51104769631567e+01
   8.80005700000000e+06   1.46167974435230e-06   2.50744485546264e+01
   9.20005900000000e+06   1.47415732953959e-06   2.50664422416190e+01
   9.60006200000000e+06   1.39961821332690e-06   2.50984674936472e+01
   4.22187840000000e+07   2.37947492860258e-03   2.50544327721075e+01
   4.26187860000000e+07   3.18895445161615e-06   2.49623601725000e+01
   4.30187890000000e+07   8.63162313180510e-07   2.50584359286114e+01
   4.34187910000000e+07   1.87227306014393e-06   2.50184043635693e+01
   4.38187940000000e+07   1.12384680051036e-06   2.49863791115312e+01
   4.42187970000000e+07   8.62121169120655e-07   2.51184832761627e+01
   4.46187990000000e+07   2.92291338155337e-06   2.50504296156035e+01
   4.50188020000000e+07   7.74041552631388e-07   2.49943854245411e+01
   4.54188040000000e+07   1.61496018336038e-06   2.50504296156035e+01
   4.58188070000000e+07   9.69910161074949e-07   2.50704453981228e+01
   4.62188100000000e+07   1.40978511353751e-06   2.50344169895869e+01
   4.66188120000000e+07   3.23332756124728e-06   2.50224075200738e+01
   4.70188150000000e+07   1.19762012218416e-06   2.50023917375508e+01
   4.74188170000000e+07   2.07759148906916e-06   2.50944643371439e+01
   4.78188200000000e+07   1.43709496569500e-06   2.51064738066536e+01
   4.82188230000000e+07   1.36252617721766e-06   2.50664422416190e+01
   4.86188250000000e+07   3.03825913761102e-06   2.50504296156035e+01
   4.90188280000000e+07   1.11120448309521e-06   2.50784517111300e+01
   4.94188300000000e+07   1.97539338842034e-06   2.50744485546264e+01
   4.98188330000000e+07   1.30555667965382e-06   2.50984674936472e+01
   5.02188350000000e+07   1.42106227940531e-06   2.50344169895869e+01
   5.06188380000000e+07   3.01877525998862e-06   2.50264106765782e+01
   5.10188410000000e+07   1.07222399492457e-06   2.50384201460911e+01
   5.14188430000000e+07   1.99461806005274e-06   2.50384201460911e+01
   5.18188460000000e+07   1.36880430545716e-06   2.50464264590994e+01
   9.55212090000000e+07  -4.24899952486157e-03   2.50624390851152e+01
   9.59212110000000e+07   8.50322464884812e-07   2.50063948940555e+01
   9.63212140000000e+07   6.06877620157320e-07   2.50224075200738e+01
   9.67212160000000e+07   1.47118566928839e-06   2.50384201460911e+01
   9.71212190000000e+07   1.43711122291279e-06   2.50624390851152e+01
   9.75212220000000e+07   2.12457757697848e-06   2.51264895891685e+01
   9.79212240000000e+07   6.41441147308797e-07   2.51344959021740e+01
   9.83212270000000e+07   6.56178997360257e-07   2.51344959021740e+01
   9.87212290000000e+07   1.29411114357936e-06   2.50664422416190e+01
   9.91212320000000e+07   1.35865946049307e-06   2.50744485546264e+01
   9.95212350000000e+07   1.92239576790598e-06   2.50264106765782e+01
   9.99212370000000e+07   7.37401478545507e-07   2.50624390851152e+01
   1.00321240000000e+08   9.89678824225848e-07   2.50344169895869e+01
   1.00721242000000e+08   1.73771343270346e-06   2.51024706501504e+01
   1.01121245000000e+08   1.71758142641920e-06   2.51384990586767e+01
   1.01521248000000e+08   2.22280186790158e-06   2.50384201460911e+01
   1.01921250000000e+08   1.13725639039330e-06   2.50023917375508e+01
   1.02321253000000e+08   1.55874010943080e-06   2.49903822680362e+01
   1.02721255000000e+08   2.23836809709610e-06   2.50184043635693e+01
   1.03121258000000e+08   2.24532254833321e-06   2.50424233025953e+01
   1.03521261000000e+08   2.63688957602426e-06   2.49983885810460e+01
   1.03921263000000e+08   1.53517873968667e-06   2.49703664855106e+01
   1.04321266000000e+08   1.51360563904746e-06   2.50144012070648e+01
   1.04721268000000e+08   2.17962156057183e-06   2.49743696420159e+01
   1.05121271000000e+08   2.10581174542313e-06   2.49943854245411e+01
   1.48401023000000e+08   4.65844990685582e-03   2.49543538594890e+01
   1.48801026000000e+08   1.42300109473581e-06   2.50144012070648e+01
   1.49201029000000e+08   1.53486530507507e-06   2.50344169895869e+01
   1.49601031000000e+08   1.20436243378208e-06   2.49983885810460e+01
   1.50001034000000e+08   1.36396033667552e-06   2.50704453981228e+01
   1.50401036000000e+08   2.65101198237971e-06   2.49863791115312e+01
   1.50801039000000e+08   1.69082250067731e-06   2.50864580241371e+01
   1.51201042000000e+08   1.85129624696856e-06   2.49983885810460e+01
   1.51601044000000e+08   1.44178238770110e-06   2.50824548676336e+01
   1.52001047000000e+08   1.85057376711484e-06   2.50264106765782e+01
   1.52401049000000e+08   2.93899347525439e-06   2.50424233025953e+01
   1.52801052000000e+08   1.98669454221090e-06   2.49823759550261e+01
   1.53201055000000e+08   2.08450501304469e-06   2.50504296156035e+01
   1.53601057000000e+08   1.90013167866709e-06   2.50384201460911e+01
   1.54001060000000e+08   1.73108435319591e-06   2.49623601725000e+01
   1.54401062000000e+08   2.40760641645466e-06   2.50944643371439e+01
   1.54801065000000e+08   1.51388474023406e-06   2.50424233025953e+01
   1.55201068000000e+08   1.73523028479394e-06   2.50504296156035e+01
   1.55601070000000e+08   1.35510867949051e-06   2.50584359286114e+01
   1.56001073000000e+08   1.46455329286255e-06   2.50344169895869e+01
   1.56401075000000e+08   2.23811480282166e-06   2.50344169895869e+01
   1.56801078000000e+08   1.40561553507723e-06   2.49783727985210e+01
   1.57201080000000e+08   1.48010497014184e-06   2.50424233025953e+01
   1.57601083000000e+08   1.25343069612427e-06   2.51064738066536e+01
   1.58001086000000e+08   1.54938368268631e-06   2.50824548676336e+01
   1.92863563000000e+08  -2.06538802012801e-03   2.50864580241371e+01
   1.93263565000000e+08   2.15646241485956e-06   2.50704453981228e+01
   1.93663568000000e+08   1.26559655200253e-07   2.49423443899722e+01
   1.94063570000000e+08   5.19266393439466e-07   2.50544327721075e+01
   1.94463573000000e+08   3.02689591080707e-06   2.50304138330826e+01
   1.94863576000000e+08   2.06186086870730e-06   2.49663633290053e+01
   1.95263578000000e+08   2.12745453609386e-06   2.50544327721075e+01
   1.95663581000000e+08   3.94864059671818e-07   2.50023917375508e+01
   1.96063583000000e+08   7.67612277741136e-07   2.49623601725000e+01
   1.96463586000000e+08   3.02053490486287e-06   2.51024706501504e+01
   1.96863589000000e+08   1.97991926143004e-06   2.50944643371439e+01
   1.97263591000000e+08   2.07956009035115e-06   2.50184043635693e+01
   1.97663594000000e+08   4.48896201987736e-07   2.49663633290053e+01
   1.98063596000000e+08   1.18685125016782e-06   2.50023917375508e+01
   1.98463599000000e+08   3.40740530191397e-06   2.50344169895869e+01
   1.98863602000000e+08   2.38181110034930e-06   2.50103980505602e+01
   1.99263604000000e+08   2.59488751908066e-06   2.50224075200738e+01
   1.99663607000000e+08   9.36744072532747e-07   2.49943854245411e+01
   2.00063609000000e+08   1.35702214265621e-06   2.49743696420159e+01
   2.00463612000000e+08   3.00307669931499e-06   2.49743696420159e+01
   2.00863615000000e+08   1.98145676222339e-06   2.50344169895869e+01
   2.01263617000000e+08   2.09441236620478e-06   2.50264106765782e+01
   2.01663620000000e+08   6.59764680221997e-07   2.50344169895869e+01
   2.02063622000000e+08   9.91267597783008e-07   2.50504296156035e+01
   2.02463625000000e+08   2.41265092881804e-06   2.50584359286114e+01
