   4.00003000000000e+05   1.89932507055346e-06   2.50624390851152e+01
   8.00005000000000e+05   1.59982789682545e-06   2.50304138330826e+01
   1.20000800000000e+06   1.86581337402458e-06   2.50264106765782e+01
   1.60001000000000e+06   1.72950672094885e-06   2.49663633290053e+01
   2.00001300000000e+06   1.88654928479082e-06   2.50144012070648e+01
   2.40001600000000e+06   2.21234563468897e-06   2.50984674936472e+01
   2.80001800000000e+06   1.98639963855385e-06   2.50184043635693e+01
   3.20002100000000e+06   2.16251214624208e-06   2.50344169895869e+01
   3.60002300000000e+06   2.07891775971802e-06   2.50224075200738e+01
   4.00002600000000e+06   1.68620522345009e-06   2.50304138330826e+01
   4.40002900000000e+06   1.90915716302698e-06   2.50784517111300e+01
   4.80003100000000e+06   1.39490873607429e-06   2.50904611806405e+01
   5.20003400000000e+06   1.83789597940631e-06   2.50744485546264e+01
   5.60003600000000e+06   1.74276590314548e-06   2.50344169895869e+01
   6.00003900000000e+06   1.78071024947712e-06   2.49983885810460e+01
   6.40004200000000e+06   2.33439959629322e-06   2.49783727985210e+01
   6.80004400000000e+06   1.87895534509153e-06   2.50544327721075e+01
   7.20004700000000e+06   2.26857696361549e-06   2.50144012070648e+01
   7.60004900000000e+06   2.03422996492009e-06   2.49623601725000e+01
   8.00005200000000e+06   1.79084975115984e-06   2.50103980505602e+01
   8.40005500000000e+06   2.16623038795660e-06   2.50264106765782e+01
   8.80005700000000e+06   1.68226586083620e-06   2.50544327721075e+01
   9.20006000000000e+06   1.96579776456929e-06   2.50304138330826e+01
   9.60006200000000e+06   1.98731231648708e-06   2.49863791115312e+01
   4.21262280000000e+07  -2.05278699286282e-03   2.50304138330826e+01
   4.25262310000000e+07   1.62361448019510e-06   2.51144801196597e+01
   4.29262330000000e+07   2.38326447288273e-06   2.50344169895869e+01
   4.33262360000000e+07   2.08986506322617e-07   2.49863791115312e+01
   4.37262380000000e+07   1.53034295635734e-06   2.49583570159945e+01
   4.41262410000000e+07   2.60476713265234e-06   2.50904611806405e+01
   4.45262440000000e+07   1.48437868574547e-06   2.50023917375508e+01
   4.49262460000000e+07   2.10259327104723e-06   2.50184043635693e+01
   4.53262490000000e+07   1.27714130826462e-07   2.51505085281844e+01
   4.57262510000000e+07   1.90032540103857e-06   2.50864580241371e+01
   4.61262540000000e+07   2.30081354857248e-06   2.49943854245411e+01
   4.65262570000000e+07   1.14067859158240e-06   2.51505085281844e+01
   4.69262590000000e+07   1.81124801201804e-06   2.50184043635693e+01
   4.73262620000000e+07   3.04156543506906e-07   2.50584359286114e+01
   4.77262640000000e+07   1.98761836145422e-06   2.50504296156035e+01
   4.81262670000000e+07   2.35969855566509e-06   2.50424233025953e+01
   4.85262700000000e+07   1.42451881401939e-06   2.50704453981228e+01
   4.89262720000000e+07   1.90509524600202e-06   2.50224075200738e+01
   4.93262750000000e+07   5.57682653834490e-07   2.50224075200738e+01
   4.97262770000000e+07   2.20358515434782e-06   2.49343380769607e+01
   5.01262800000000e+07   2.50691550718329e-06   2.50264106765782e+01
   5.05262830000000e+07   1.12986140266003e-06   2.49943854245411e+01
   5.09262850000000e+07   1.91557546713739e-06   2.50264106765782e+01
   5.13262880000000e+07   7.03931618772913e-07   2.50063948940555e+01
   5.17262900000000e+07   2.59467947216763e-06   2.50664422416190e+01
   9.54086890000000e+07   4.61377529427409e-03   2.49663633290053e+01
   9.58086920000000e+07   2.29520423999929e-06   2.50224075200738e+01
   9.62086950000000e+07   1.15800821731682e-06   2.49783727985210e+01
   9.66086970000000e+07   3.55807378582540e-06   2.50544327721075e+01
   9.70087000000000e+07   2.24856921704486e-06   2.50023917375508e+01
   9.74087020000000e+07   1.22658411783050e-06   2.49383412334665e+01
   9.78087050000000e+07   2.78152879218396e-06   2.50624390851152e+01
   9.82087080000000e+07   1.21254640816915e-06   2.50023917375508e+01
   9.86087100000000e+07   2.66173037744011e-06   2.50304138330826e+01
   9.90087130000000e+07   2.31890680879587e-06   2.50384201460911e+01
   9.94087160000000e+07   8.51742811391887e-07   2.51224864326656e+01
   9.98087180000000e+07   2.40887152358482e-06   2.50544327721075e+01
   1.00208721000000e+08   7.46582770716486e-07   2.50864580241371e+01
   1.00608723000000e+08   3.01811496683513e-06   2.50344169895869e+01
   1.01008726000000e+08   1.58591763010918e-06   2.50103980505602e+01
   1.01408729000000e+08   4.87028671614098e-07   2.50264106765782e+01
   1.01808731000000e+08   2.27897294280410e-06   2.50944643371439e+01
   1.02208734000000e+08   1.22495339383022e-06   2.50063948940555e+01
   1.02608736000000e+08   2.68414532911265e-06   2.50584359286114e+01
   1.03008739000000e+08   1.28824581224762e-06   2.50264106765782e+01
   1.03408742000000e+08   8.01561611751822e-07   2.49823759550261e+01
   1.03808744000000e+08   2.61055060946092e-06   2.50144012070648e+01
   1.04208747000000e+08   8.93989806627360e-07   2.48983096684056e+01
   1.04608749000000e+08   2.78305333267781e-06   2.49543538594890e+01
   1.05008752000000e+08   1.36926655613934e-06   2.50464264590994e+01
   1.48778321000000e+08  -4.21112403273582e-03   2.50984674936472e+01
   1.49178324000000e+08   1.84179498319281e-06   2.50744485546264e+01
   1.49578327000000e+08   1.04768287201296e-06   2.49903822680362e+01
   1.49978329000000e+08   1.98165253095794e-06   2.50544327721075e+01
   1.50378332000000e+08   3.00630722449569e-06   2.50624390851152e+01
   1.50778334000000e+08   2.58756062976317e-06   2.51545116846868e+01
   1.51178337000000e+08   1.81401264853776e-06   2.50304138330826e+01
   1.51578340000000e+08   1.40963777539582e-06   2.51024706501504e+01
   1.51978342000000e+08   2.17288084058964e-06   2.50664422416190e+01
   1.52378345000000e+08   2.96692201118276e-06   2.50584359286114e+01
   1.52778348000000e+08   2.05016840482131e-06   2.50063948940555e+01
   1.53178350000000e+08   1.63951358445047e-06   2.50504296156035e+01
   1.53578353000000e+08   1.38118684844812e-06   2.49583570159945e+01
   1.53978355000000e+08   2.22827065954334e-06   2.49703664855106e+01
   1.54378358000000e+08   2.47741172643146e-06   2.50103980505602e+01
   1.54778361000000e+08   1.83257111530111e-06   2.49583570159945e+01
   1.55178363000000e+08   1.55203474605514e-06   2.50144012070648e+01
   1.55578366000000e+08   1.38012035222346e-06   2.49903822680362e+01
   1.55978368000000e+08   1.63879985848325e-06   2.49903822680362e+01
   1.56378371000000e+08   2.05721084967081e-06   2.50984674936472e+01
   1.56778374000000e+08   9.70380142462091e-07   2.49303349204548e+01
   1.57178376000000e+08   8.30118494832277e-07   2.50504296156035e+01
   1.57578379000000e+08   7.88767977155658e-07   2.50344169895869e+01
   1.57978381000000e+08   2.01325019588694e-06   2.50464264590994e+01
   1.58378384000000e+08   1.94393737729115e-06   2.50984674936472e+01
   1.93438999000000e+08   2.36856238916516e-03   2.50504296156035e+01
   1.93839002000000e+08   3.25828432323760e-06   2.49863791115312e+01
   1.94239005000000e+08   1.35660707201168e-06   2.51505085281844e+01
   1.94639007000000e+08   1.61019977440446e-06   2.50224075200738e+01
   1.95039010000000e+08   1.58144200668175e-06   2.50103980505602e+01
   1.95439013000000e+08   1.20857635010907e-06   2.51064738066536e+01
   1.95839015000000e+08   3.14990916194802e-06   2.49743696420159e+01
   1.96239018000000e+08   1.27921600778791e-06   2.50304138330826e+01
   1.96639020000000e+08   1.79578717052209e-06   2.51104769631567e+01
   1.97039023000000e+08   1.78558104835247e-06   2.50704453981228e+01
   1.97439026000000e+08   1.48460435411835e-06   2.50744485546264e+01
   1.97839028000000e+08   3.22669484376092e-06   2.50264106765782e+01
   1.98239031000000e+08   1.21405457775836e-06   2.50704453981228e+01
   1.98639033000000e+08   1.86884028607892e-06   2.50424233025953e+01
   1.99039036000000e+08   1.70390455878078e-06   2.49423443899722e+01
   1.99439039000000e+08   1.77159540726279e-06   2.50264106765782e+01
   1.99839041000000e+08   2.97681731353805e-06   2.50704453981228e+01
   2.00239044000000e+08   1.08898007056268e-06   2.50504296156035e+01
   2.00639046000000e+08   1.74398678609577e-06   2.50944643371439e+01
   2.01039049000000e+08   1.79633082098007e-06   2.49543538594890e+01
   2.01439052000000e+08   1.67915356996673e-06   2.50063948940555e+01
   2.01839054000000e+08   2.77272442872345e-06   2.50944643371439e+01
   2.02239057000000e+08   7.57974191856192e-07   2.50664422416190e+01
   2.02639060000000e+08   1.65615290370624e-06   2.50504296156035e+01
   2.03039062000000e+08   1.52579252699070e-06   2.49343380769607e+01
