   4.00002000000000e+05   2.19894786823716e-06   2.51024706501504e+01
   8.00005000000000e+05   2.13518637792731e-06   2.49743696420159e+01
   1.20000800000000e+06   1.78340917500464e-06   2.50063948940555e+01
   1.60001000000000e+06   1.56325870648288e-06   2.50504296156035e+01
   2.00001300000000e+06   1.67908422099572e-06   2.50504296156035e+01
   2.40001500000000e+06   1.56736109602207e-06   2.49823759550261e+01
   2.80001800000000e+06   1.60328340825799e-06   2.50704453981228e+01
   3.20002000000000e+06   1.38412849537417e-06   2.51064738066536e+01
   3.60002300000000e+06   1.37481481488066e-06   2.49703664855106e+01
   4.00002600000000e+06   1.33532705604011e-06   2.50023917375508e+01
   4.40002800000000e+06   1.37946551603818e-06   2.50224075200738e+01
   4.80003100000000e+06   1.44235309562646e-06   2.50584359286114e+01
   5.20003300000000e+06   1.55561531300918e-06   2.49383412334665e+01
   5.60003600000000e+06   1.54175995703554e-06   2.49583570159945e+01
   6.00003900000000e+06   1.62436799655552e-06   2.49903822680362e+01
   6.40004100000000e+06   1.43847580602596e-06   2.50744485546264e+01
   6.80004400000000e+06   1.69081681633543e-06   2.50704453981228e+01
   7.20004600000000e+06   1.60976776442112e-06   2.49903822680362e+01
   7.60004900000000e+06   1.83338238457509e-06   2.49823759550261e+01
   8.00005200000000e+06   1.76952812580566e-06   2.50544327721075e+01
   8.40005400000000e+06   1.75880427377706e-06   2.50063948940555e+01
   8.80005700000000e+06   1.89708032394265e-06   2.49943854245411e+01
   9.20005900000000e+06   1.81506823082600e-06   2.51024706501504e+01
   9.60006200000000e+06   1.92560173672973e-06   2.50144012070648e+01
   4.24770350000000e+07  -2.07241228781641e-03   2.49623601725000e+01
   4.28770380000000e+07   1.79543565081985e-06   2.50103980505602e+01
   4.32770400000000e+07   2.28058956963650e-06   2.50584359286114e+01
   4.36770430000000e+07   1.86512011168816e-06   2.49823759550261e+01
   4.40770450000000e+07   1.97824715542083e-06   2.50304138330826e+01
   4.44770480000000e+07   1.85979570233030e-06   2.50584359286114e+01
   4.48770510000000e+07   2.03838590095984e-06   2.50824548676336e+01
   4.52770530000000e+07   2.02399564841471e-06   2.50384201460911e+01
   4.56770560000000e+07   1.61828324962698e-06   2.49543538594890e+01
   4.60770580000000e+07   1.71666897585965e-06   2.50023917375508e+01
   4.64770610000000e+07   1.72944623955118e-06   2.50224075200738e+01
   4.68770630000000e+07   1.82148880867317e-06   2.50264106765782e+01
   4.72770660000000e+07   1.89225897884171e-06   2.49623601725000e+01
   4.76770690000000e+07   1.49554466588597e-06   2.50824548676336e+01
   4.80770710000000e+07   1.66748714036657e-06   2.50944643371439e+01
   4.84770740000000e+07   1.61935531650670e-06   2.49903822680362e+01
   4.88770760000000e+07   1.79111430043122e-06   2.50103980505602e+01
   4.92770790000000e+07   1.89271054296114e-06   2.50544327721075e+01
   4.96770820000000e+07   1.60185322783946e-06   2.50384201460911e+01
   5.00770840000000e+07   1.73837099737284e-06   2.50704453981228e+01
   5.04770870000000e+07   1.75505738297943e-06   2.49863791115312e+01
   5.08770890000000e+07   1.79598498561973e-06   2.49383412334665e+01
   5.12770920000000e+07   1.84391547009000e-06   2.50304138330826e+01
   5.16770950000000e+07   1.51358653965872e-06   2.49743696420159e+01
   5.20770970000000e+07   1.75140314695454e-06   2.50144012070648e+01
   9.60419130000000e+07   4.63969958946109e-03   2.51425022151793e+01
   9.64419160000000e+07   1.38113341563439e-06   2.50264106765782e+01
   9.68419190000000e+07   2.12612894756603e-06   2.49023128249120e+01
   9.72419210000000e+07   1.16490127766156e-06   2.48943065118992e+01
   9.76419240000000e+07   1.75238164956681e-06   2.50664422416190e+01
   9.80419260000000e+07   1.86179556749266e-06   2.49263317639489e+01
   9.84419290000000e+07   1.20026709282683e-06   2.49903822680362e+01
   9.88419320000000e+07   1.86086424491805e-06   2.50384201460911e+01
   9.92419340000000e+07   1.39262056109146e-06   2.50224075200738e+01
   9.96419370000000e+07   1.98805651052680e-06   2.49543538594890e+01
   1.00041939000000e+08   1.97128156287363e-06   2.50584359286114e+01
   1.00441942000000e+08   1.46290665270499e-06   2.49703664855106e+01
   1.00841945000000e+08   2.05305559575208e-06   2.50664422416190e+01
   1.01241947000000e+08   1.45185788369417e-06   2.51104769631567e+01
   1.01641950000000e+08   1.87555144748330e-06   2.49503507029835e+01
   1.02041952000000e+08   1.95547931980400e-06   2.50224075200738e+01
   1.02441955000000e+08   1.37174220071756e-06   2.50384201460911e+01
   1.02841957000000e+08   1.94618291970983e-06   2.50063948940555e+01
   1.03241960000000e+08   1.11819906578603e-06   2.50824548676336e+01
   1.03641963000000e+08   1.64303537530941e-06   2.50824548676336e+01
   1.04041965000000e+08   1.58562363594683e-06   2.50063948940555e+01
   1.04441968000000e+08   1.01664704743598e-06   2.50304138330826e+01
   1.04841970000000e+08   1.71548526850529e-06   2.50424233025953e+01
   1.05241973000000e+08   1.44789032674453e-06   2.49903822680362e+01
   1.05641976000000e+08   1.86136776392232e-06   2.49343380769607e+01
   1.49234955000000e+08  -4.22935001552105e-03   2.51024706501504e+01
   1.49634958000000e+08   1.34388915284944e-06   2.51064738066536e+01
   1.50034960000000e+08   1.81498535312130e-06   2.51344959021740e+01
   1.50434963000000e+08   1.59713522407401e-06   2.50984674936472e+01
   1.50834965000000e+08   4.54991550213890e-07   2.50984674936472e+01
   1.51234968000000e+08   3.56488772013108e-06   2.51545116846868e+01
   1.51634971000000e+08   1.21062112157233e-06   2.51384990586767e+01
   1.52034973000000e+08   2.01413763534219e-06   2.51344959021740e+01
   1.52434976000000e+08   1.49778907143627e-06   2.50824548676336e+01
   1.52834978000000e+08   7.46815771890397e-07   2.50144012070648e+01
   1.53234981000000e+08   3.45857870343025e-06   2.50304138330826e+01
   1.53634984000000e+08   1.31368142319843e-06   2.49743696420159e+01
   1.54034986000000e+08   1.94182621271466e-06   2.50704453981228e+01
   1.54434989000000e+08   1.62148683102714e-06   2.50504296156035e+01
   1.54834991000000e+08   9.88382339528471e-07   2.50344169895869e+01
   1.55234994000000e+08   3.49211154571094e-06   2.50704453981228e+01
   1.55634997000000e+08   1.20462982522440e-06   2.50464264590994e+01
   1.56034999000000e+08   1.98291490960401e-06   2.50063948940555e+01
   1.56435002000000e+08   1.70059831816616e-06   2.50023917375508e+01
   1.56835004000000e+08   1.16577064090961e-06   2.49623601725000e+01
   1.57235007000000e+08   3.26493545799167e-06   2.50424233025953e+01
   1.57635010000000e+08   1.00157274118828e-06   2.50344169895869e+01
   1.58035012000000e+08   1.89815091289347e-06   2.51625179976914e+01
   1.58435015000000e+08   1.49703305396542e-06   2.51264895891685e+01
   1.58835017000000e+08   1.30023045130656e-06   2.51505085281844e+01
   1.93668194000000e+08   2.37486232072115e-03   2.50344169895869e+01
   1.94068197000000e+08   2.61011405200406e-06   2.50264106765782e+01
   1.94468200000000e+08   1.10031828626234e-06   2.50304138330826e+01
   1.94868202000000e+08   1.56380940552481e-06   2.50184043635693e+01
   1.95268205000000e+08   1.11339636532648e-06   2.50063948940555e+01
   1.95668207000000e+08   1.20613242415857e-06   2.50384201460911e+01
   1.96068210000000e+08   3.36904008690908e-06   2.50864580241371e+01
   1.96468213000000e+08   1.62063065545226e-06   2.50824548676336e+01
   1.96868215000000e+08   2.04941238735046e-06   2.50464264590994e+01
   1.97268218000000e+08   9.15124360290065e-07   2.49783727985210e+01
   1.97668220000000e+08   1.22872256724804e-06   2.50144012070648e+01
   1.98068223000000e+08   3.01051932183327e-06   2.50864580241371e+01
   1.98468226000000e+08   1.30303101286700e-06   2.49903822680362e+01
   1.98868228000000e+08   1.73541081949224e-06   2.50224075200738e+01
   1.99268231000000e+08   1.00990007467772e-06   2.50824548676336e+01
   1.99668233000000e+08   1.47390892379917e-06   2.49743696420159e+01
   2.00068236000000e+08   2.98010900223744e-06   2.50904611806405e+01
   2.00468239000000e+08   1.25745191326132e-06   2.50224075200738e+01
   2.00868241000000e+08   1.82857911568135e-06   2.49983885810460e+01
   2.01268244000000e+08   1.37061806526617e-06   2.49663633290053e+01
   2.01668246000000e+08   1.88214812624210e-06   2.50784517111300e+01
   2.02068249000000e+08   3.23757808473601e-06   2.50504296156035e+01
   2.02468252000000e+08   1.63299125688354e-06   2.49663633290053e+01
   2.02868254000000e+08   2.10565553970810e-06   2.50544327721075e+01
   2.03268257000000e+08   1.35995139771694e-06   2.50144012070648e+01
