   4.00002000000000e+05   2.60404340224341e-06   2.50224075200738e+01
   8.00005000000000e+05   2.57293572758499e-06   2.50664422416190e+01
   1.20000700000000e+06   2.53422649620916e-06   2.50103980505602e+01
   1.60001000000000e+06   2.63034712588706e-06   2.50544327721075e+01
   2.00001200000000e+06   2.57018655247521e-06   2.50304138330826e+01
   2.40001500000000e+06   2.47879415837815e-06   2.50304138330826e+01
   2.80001800000000e+06   2.55516238212294e-06   2.50624390851152e+01
   3.20002000000000e+06   2.41159568759031e-06   2.50184043635693e+01
   3.60002300000000e+06   2.60158026321733e-06   2.49783727985210e+01
   4.00002500000000e+06   2.36471532844007e-06   2.50784517111300e+01
   4.40002800000000e+06   2.49091317527927e-06   2.51024706501504e+01
   4.80003100000000e+06   2.40768190451490e-06   2.50504296156035e+01
   5.20003300000000e+06   2.36374762607738e-06   2.51184832761627e+01
   5.60003600000000e+06   2.52759059549135e-06   2.50304138330826e+01
   6.00003800000000e+06   2.08655774258659e-06   2.49943854245411e+01
   6.40004100000000e+06   1.68397593824920e-06   2.49903822680362e+01
   6.80004400000000e+06   1.57088300056785e-06   2.49823759550261e+01
   7.20004600000000e+06   1.40680538152083e-06   2.50184043635693e+01
   7.60004900000000e+06   1.71364354173420e-06   2.50103980505602e+01
   8.00005100000000e+06   1.42361284360959e-06   2.50384201460911e+01
   8.40005400000000e+06   1.71344402133400e-06   2.51184832761627e+01
   8.80005700000000e+06   1.64121274792706e-06   2.50464264590994e+01
   9.20005900000000e+06   1.62770220413222e-06   2.51064738066536e+01
   9.60006200000000e+06   1.70645660091395e-06   2.50224075200738e+01
   4.23467280000000e+07   2.39575048908591e-03   2.50504296156035e+01
   4.27467300000000e+07   2.76900800599833e-06   2.50584359286114e+01
   4.31467330000000e+07   2.23941242438741e-06   2.50704453981228e+01
   4.35467350000000e+07   1.92924517250503e-06   2.50664422416190e+01
   4.39467380000000e+07   2.82304858956195e-06   2.50704453981228e+01
   4.43467410000000e+07   1.51812298554432e-06   2.51264895891685e+01
   4.47467430000000e+07   2.66621873379336e-06   2.51625179976914e+01
   4.51467460000000e+07   2.41780639953504e-06   2.50464264590994e+01
   4.55467480000000e+07   2.02704131879727e-06   2.50664422416190e+01
   4.59467510000000e+07   2.87003058474511e-06   2.50063948940555e+01
   4.63467540000000e+07   1.01395721685549e-06   2.50584359286114e+01
   4.67467560000000e+07   2.04548632609658e-06   2.50824548676336e+01
   4.71467590000000e+07   1.78310767751100e-06   2.50304138330826e+01
   4.75467610000000e+07   1.51459244079888e-06   2.49943854245411e+01
   4.79467640000000e+07   2.25264739128761e-06   2.50384201460911e+01
   4.83467670000000e+07   6.29026601473015e-07   2.49583570159945e+01
   4.87467690000000e+07   1.51639494561095e-06   2.50264106765782e+01
   4.91467720000000e+07   1.43517036121921e-06   2.50424233025953e+01
   4.95467740000000e+07   1.12709460609040e-06   2.49023128249120e+01
   4.99467770000000e+07   1.96902874449734e-06   2.48742907293661e+01
   5.03467790000000e+07   1.01394118701137e-06   2.50824548676336e+01
   5.07467820000000e+07   1.86544878033601e-06   2.49903822680362e+01
   5.11467850000000e+07   1.95525603885471e-06   2.50304138330826e+01
   5.15467870000000e+07   1.53809605762945e-06   2.50063948940555e+01
   5.19467900000000e+07   2.29998431677814e-06   2.51184832761627e+01
   9.59602160000000e+07  -4.29782364517450e-03   2.48782938858728e+01
   9.63602180000000e+07   1.12089787762670e-06   2.50224075200738e+01
   9.67602210000000e+07   2.47755110649450e-06   2.50023917375508e+01
   9.71602230000000e+07   2.15779209611355e-06   2.50224075200738e+01
   9.75602260000000e+07   1.21745006254059e-06   2.50023917375508e+01
   9.79602290000000e+07   1.94902554540022e-06   2.49743696420159e+01
   9.83602310000000e+07   9.53868834585592e-07   2.49743696420159e+01
   9.87602340000000e+07   2.28049157158239e-06   2.50023917375508e+01
   9.91602360000000e+07   2.13271005122806e-06   2.50744485546264e+01
   9.95602390000000e+07   1.37648237341637e-06   2.50424233025953e+01
   9.99602420000000e+07   1.91766503121471e-06   2.50103980505602e+01
   1.00360244000000e+08   1.00072918485239e-06   2.50224075200738e+01
   1.00760247000000e+08   2.12319605452649e-06   2.50144012070648e+01
   1.01160249000000e+08   2.24386417357891e-06   2.51104769631567e+01
   1.01560252000000e+08   1.42570468142367e-06   2.49743696420159e+01
   1.01960255000000e+08   1.93564392247936e-06   2.50063948940555e+01
   1.02360257000000e+08   8.27655071589106e-07   2.49663633290053e+01
   1.02760260000000e+08   1.89178285836533e-06   2.50464264590994e+01
   1.03160262000000e+08   2.11794554161315e-06   2.49023128249120e+01
   1.03560265000000e+08   1.35855066218937e-06   2.49543538594890e+01
   1.03960268000000e+08   1.89070590295159e-06   2.49823759550261e+01
   1.04360270000000e+08   8.49578270845086e-07   2.48903033553927e+01
   1.04760273000000e+08   1.85634416993707e-06   2.49943854245411e+01
   1.05160275000000e+08   2.12551344702661e-06   2.50103980505602e+01
   1.05560278000000e+08   1.54075166847178e-06   2.49383412334665e+01
   1.48888036000000e+08   4.69617499038577e-03   2.51144801196597e+01
   1.49288038000000e+08   1.56079909174878e-06   2.49743696420159e+01
   1.49688041000000e+08   2.84963743979461e-06   2.50944643371439e+01
   1.50088044000000e+08   1.48452613757399e-06   2.50544327721075e+01
   1.50488046000000e+08   9.53697849581658e-07   2.50184043635693e+01
   1.50888049000000e+08   2.84870293398853e-06   2.50384201460911e+01
   1.51288051000000e+08   1.10563564703625e-06   2.49143222944307e+01
   1.51688054000000e+08   2.26784550250159e-06   2.48903033553927e+01
   1.52088057000000e+08   1.23137749596935e-06   2.49103191379245e+01
   1.52488059000000e+08   9.29746022393374e-07   2.49103191379245e+01
   1.52888062000000e+08   2.72910278908967e-06   2.50063948940555e+01
   1.53288064000000e+08   1.17459126158792e-06   2.49703664855106e+01
   1.53688067000000e+08   2.20763445213379e-06   2.49023128249120e+01
   1.54088070000000e+08   1.29612988075678e-06   2.50144012070648e+01
   1.54488072000000e+08   1.04674552403594e-06   2.49983885810460e+01
   1.54888075000000e+08   2.69228303295677e-06   2.49383412334665e+01
   1.55288077000000e+08   1.35162997594307e-06   2.50544327721075e+01
   1.55688080000000e+08   2.27042960432300e-06   2.50224075200738e+01
   1.56088083000000e+08   1.55288989844848e-06   2.51264895891685e+01
   1.56488085000000e+08   1.25470717193821e-06   2.51064738066536e+01
   1.56888088000000e+08   2.89000013253826e-06   2.50864580241371e+01
   1.57288090000000e+08   1.62529329372774e-06   2.50824548676336e+01
   1.57688093000000e+08   2.49441450250742e-06   2.50544327721075e+01
   1.58088095000000e+08   1.65010453656578e-06   2.51505085281844e+01
   1.58488098000000e+08   1.26560451008118e-06   2.50664422416190e+01
   1.93388976000000e+08  -2.09051207639277e-03   2.50864580241371e+01
   1.93788978000000e+08   2.29701686293993e-06   2.50103980505602e+01
   1.94188981000000e+08   1.94538279174594e-06   2.50384201460911e+01
   1.94588984000000e+08   2.20038145926083e-06   2.49423443899722e+01
   1.94988986000000e+08   2.64025902652065e-06   2.50424233025953e+01
   1.95388989000000e+08   1.95663710655936e-06   2.49943854245411e+01
   1.95788991000000e+08   2.57754345511785e-06   2.48782938858728e+01
   1.96188994000000e+08   1.53846701778093e-06   2.49903822680362e+01
   1.96588997000000e+08   1.70668158716580e-06   2.50103980505602e+01
   1.96988999000000e+08   2.25797452912957e-06   2.50184043635693e+01
   1.97389002000000e+08   1.56508463078353e-06   2.50304138330826e+01
   1.97789004000000e+08   2.12826853385195e-06   2.50063948940555e+01
   1.98189007000000e+08   1.67867779055086e-06   2.50103980505602e+01
   1.98589010000000e+08   2.00792601390276e-06   2.50824548676336e+01
   1.98989012000000e+08   2.47208822656830e-06   2.50464264590994e+01
   1.99389015000000e+08   1.95141205949767e-06   2.50344169895869e+01
   1.99789017000000e+08   2.34536264542839e-06   2.50464264590994e+01
   2.00189020000000e+08   1.53396604218869e-06   2.50464264590994e+01
   2.00589023000000e+08   1.57461261096614e-06   2.49783727985210e+01
   2.00989025000000e+08   2.30299792747246e-06   2.50144012070648e+01
   2.01389028000000e+08   1.71116505498503e-06   2.51024706501504e+01
   2.01789030000000e+08   2.10897360375384e-06   2.50103980505602e+01
   2.02189033000000e+08   1.61352568284201e-06   2.50584359286114e+01
   2.02589035000000e+08   2.07397988560842e-06   2.49703664855106e+01
   2.02989038000000e+08   2.63238825937151e-06   2.50264106765782e+01
