   4.00002000000000e+05   2.16808348341146e-06   2.49983885810460e+01
   8.00005000000000e+05   1.75569084603922e-06   2.50504296156035e+01
   1.20000700000000e+06   2.38964412346832e-06   2.50304138330826e+01
   1.60001000000000e+06   1.80162385277072e-06   2.49983885810460e+01
   2.00001300000000e+06   2.20134597839206e-06   2.50424233025953e+01
   2.40001500000000e+06   2.09202380574425e-06   2.49943854245411e+01
   2.80001800000000e+06   1.83849533641478e-06   2.50184043635693e+01
   3.20002000000000e+06   2.40996268985327e-06   2.50103980505602e+01
   3.60002300000000e+06   1.77384367816558e-06   2.50664422416190e+01
   4.00002600000000e+06   2.13854377761891e-06   2.49503507029835e+01
   4.40002800000000e+06   2.20093670577626e-06   2.49823759550261e+01
   4.80003100000000e+06   1.71254282577138e-06   2.50144012070648e+01
   5.20003300000000e+06   2.43924205278745e-06   2.50224075200738e+01
   5.60003600000000e+06   1.60959109507530e-06   2.50304138330826e+01
   6.00003900000000e+06   2.28908993449295e-06   2.50023917375508e+01
   6.40004100000000e+06   2.10311873161118e-06   2.50063948940555e+01
   6.80004400000000e+06   1.67910684467643e-06   2.49463475464779e+01
   7.20004600000000e+06   2.30681484936213e-06   2.48863001988861e+01
   7.60004900000000e+06   1.64671871516475e-06   2.49183254509368e+01
   8.00005200000000e+06   2.05094943339645e-06   2.49823759550261e+01
   8.40005400000000e+06   1.89005334050307e-06   2.51104769631567e+01
   8.80005700000000e+06   1.24466896522790e-06   2.49263317639489e+01
   9.20005900000000e+06   1.88880665064062e-06   2.50784517111300e+01
   9.60006200000000e+06   1.13164992399106e-06   2.49943854245411e+01
   4.20695370000000e+07   2.36054975539446e-03   2.50784517111300e+01
   4.24695390000000e+07   9.56794792728033e-07   2.51304927456713e+01
   4.28695420000000e+07   1.66175072990882e-06   2.50984674936472e+01
   4.32695450000000e+07   1.66120173616946e-06   2.51064738066536e+01
   4.36695470000000e+07   8.41456937905605e-07   2.50103980505602e+01
   4.40695500000000e+07   2.86058207166207e-06   2.50504296156035e+01
   4.44695520000000e+07   1.10308019429795e-06   2.49303349204548e+01
   4.48695550000000e+07   1.74268518549070e-06   2.50224075200738e+01
   4.52695580000000e+07   2.08473352358851e-06   2.50704453981228e+01
   4.56695600000000e+07   4.36033531059365e-07   2.49943854245411e+01
   4.60695630000000e+07   3.59705768460117e-06   2.50504296156035e+01
   4.64695650000000e+07   9.02799285995570e-07   2.51024706501504e+01
   4.68695680000000e+07   1.87035743692832e-06   2.50784517111300e+01
   4.72695710000000e+07   1.74408808106818e-06   2.48863001988861e+01
   4.76695730000000e+07   1.05556023299869e-06   2.49743696420159e+01
   4.80695760000000e+07   3.11387657347950e-06   2.49903822680362e+01
   4.84695780000000e+07   7.78653657107498e-07   2.50384201460911e+01
   4.88695810000000e+07   2.24718155550363e-06   2.50544327721075e+01
   4.92695840000000e+07   2.06018262360885e-06   2.49863791115312e+01
   4.96695860000000e+07   1.45503736348473e-06   2.50544327721075e+01
   5.00695890000000e+07   3.38723270942864e-06   2.50624390851152e+01
   5.04695910000000e+07   1.10603048142366e-06   2.50224075200738e+01
   5.08695940000000e+07   2.20013180296519e-06   2.50704453981228e+01
   5.12695970000000e+07   2.30461569117324e-06   2.50824548676336e+01
   5.16695990000000e+07   1.37098174946004e-06   2.50824548676336e+01
   9.52891540000000e+07  -4.21860022470355e-03   2.50784517111300e+01
   9.56891570000000e+07   3.68808787243324e-06   2.49383412334665e+01
   9.60891590000000e+07   8.69416282966995e-07   2.50704453981228e+01
   9.64891620000000e+07   2.74058652394160e-06   2.51144801196597e+01
   9.68891640000000e+07  -9.36915185434373e-08   2.50304138330826e+01
   9.72891670000000e+07   2.51823007602070e-06   2.49743696420159e+01
   9.76891700000000e+07   3.33039633915178e-06   2.50304138330826e+01
   9.80891720000000e+07   6.74442560466559e-07   2.50664422416190e+01
   9.84891750000000e+07   3.06214133161120e-06   2.49663633290053e+01
   9.88891780000000e+07   3.08499068069068e-07   2.50144012070648e+01
   9.92891800000000e+07   2.76216292149911e-06   2.49543538594890e+01
   9.96891830000000e+07   3.37515189130499e-06   2.49663633290053e+01
   1.00089185000000e+08   1.12147745312541e-06   2.50144012070648e+01
   1.00489188000000e+08   2.97170231533528e-06   2.49303349204548e+01
   1.00889191000000e+08   3.80874467964532e-07   2.49503507029835e+01
   1.01289193000000e+08   3.17469584842911e-06   2.49903822680362e+01
   1.01689196000000e+08   3.37759206558985e-06   2.49143222944307e+01
   1.02089198000000e+08   8.09275150004396e-07   2.49623601725000e+01
   1.02489201000000e+08   2.52801532951707e-06   2.50984674936472e+01
   1.02889204000000e+08   7.49934692123588e-09   2.49343380769607e+01
   1.03289206000000e+08   2.60582419286948e-06   2.50103980505602e+01
   1.03689209000000e+08   2.04881598619977e-06   2.50103980505602e+01
   1.04089211000000e+08   3.08246313807103e-07   2.51024706501504e+01
   1.04489214000000e+08   2.10064536076970e-06   2.50464264590994e+01
   1.04889217000000e+08   4.70066254365520e-07   2.50544327721075e+01
   1.48107838000000e+08   4.61767474189401e-03   2.50304138330826e+01
   1.48507840000000e+08   2.15487466448394e-06   2.50944643371439e+01
   1.48907843000000e+08   2.18864374801342e-06   2.50384201460911e+01
   1.49307845000000e+08   1.37861127313954e-06   2.51104769631567e+01
   1.49707848000000e+08   1.51706080941949e-06   2.50744485546264e+01
   1.50107851000000e+08   1.65158212439565e-06   2.50904611806405e+01
   1.50507853000000e+08   2.50797324952146e-06   2.51144801196597e+01
   1.50907856000000e+08   1.99359760699735e-06   2.50224075200738e+01
   1.51307858000000e+08   1.23066593005206e-06   2.50384201460911e+01
   1.51707861000000e+08   1.78295317709853e-06   2.50304138330826e+01
   1.52107864000000e+08   2.08886558539234e-06   2.50624390851152e+01
   1.52507866000000e+08   1.89710306131019e-06   2.49343380769607e+01
   1.52907869000000e+08   1.95151164916751e-06   2.51024706501504e+01
   1.53307871000000e+08   1.21846187539632e-06   2.49623601725000e+01
   1.53707874000000e+08   1.72839884271525e-06   2.50144012070648e+01
   1.54107877000000e+08   1.48535707467090e-06   2.50664422416190e+01
   1.54507879000000e+08   2.33542482419580e-06   2.49503507029835e+01
   1.54907882000000e+08   1.80294648544077e-06   2.49503507029835e+01
   1.55307884000000e+08   1.26791007915017e-06   2.50784517111300e+01
   1.55707887000000e+08   1.71397971371334e-06   2.50063948940555e+01
   1.56107890000000e+08   2.22729408960731e-06   2.50624390851152e+01
   1.56507892000000e+08   2.08567234949442e-06   2.51785306237000e+01
   1.56907895000000e+08   1.62670721692848e-06   2.50784517111300e+01
   1.57307897000000e+08   1.35204561502178e-06   2.51665211541937e+01
   1.57707900000000e+08   2.09814311347145e-06   2.51785306237000e+01
   1.92890336000000e+08  -2.04552430659533e-03   2.50784517111300e+01
   1.93290339000000e+08   1.26695306335023e-06   2.50744485546264e+01
   1.93690342000000e+08   1.22606036256911e-06   2.50984674936472e+01
   1.94090344000000e+08   1.96064593183110e-06   2.51825337802020e+01
   1.94490347000000e+08   3.86129249818623e-06   2.50103980505602e+01
   1.94890349000000e+08   7.62892852890218e-07   2.50464264590994e+01
   1.95290352000000e+08   8.70229314386961e-07   2.51304927456713e+01
   1.95690355000000e+08   1.11135705083143e-06   2.50624390851152e+01
   1.96090357000000e+08   1.67171492648777e-06   2.50784517111300e+01
   1.96490360000000e+08   3.29089084516454e-06   2.50063948940555e+01
   1.96890362000000e+08   9.65904519034666e-07   2.49943854245411e+01
   1.97290365000000e+08   1.09293807781796e-06   2.50103980505602e+01
   1.97690368000000e+08   1.55625730258180e-06   2.49543538594890e+01
   1.98090370000000e+08   1.88965850611567e-06   2.49823759550261e+01
   1.98490373000000e+08   3.19145215144090e-06   2.49383412334665e+01
   1.98890375000000e+08   1.83172190304504e-07   2.50023917375508e+01
   1.99290378000000e+08   7.71034422086814e-07   2.49863791115312e+01
   1.99690381000000e+08   1.03935633433139e-06   2.49743696420159e+01
   2.00090383000000e+08   1.76599166934466e-06   2.49183254509368e+01
   2.00490386000000e+08   2.73106638815079e-06   2.50344169895869e+01
   2.00890389000000e+08   2.12772292229602e-07   2.49623601725000e+01
   2.01290391000000e+08   1.11890835796657e-06   2.50304138330826e+01
   2.01690394000000e+08   1.45459137002035e-06   2.51505085281844e+01
   2.02090396000000e+08   2.03397257791949e-06   2.49823759550261e+01
   2.02490399000000e+08   2.55598774856480e-06   2.51064738066536e+01
