   4.00002000000000e+05   2.21261348087864e-06   2.50344169895869e+01
   8.00005000000000e+05   1.80454685505538e-06   2.49623601725000e+01
   1.20000700000000e+06   2.28595308726653e-06   2.50704453981228e+01
   1.60001000000000e+06   2.03309377866390e-06   2.49743696420159e+01
   2.00001200000000e+06   2.19708908844041e-06   2.49463475464779e+01
   2.40001500000000e+06   2.10956090995751e-06   2.51144801196597e+01
   2.80001800000000e+06   1.01580462796846e-06   2.49983885810460e+01
   3.20002000000000e+06   1.53778830735973e-06   2.50464264590994e+01
   3.60002300000000e+06   1.23360268844408e-06   2.50784517111300e+01
   4.00002500000000e+06   1.08732376702392e-06   2.49343380769607e+01
   4.40002800000000e+06   1.51493702560401e-06   2.50144012070648e+01
   4.80003100000000e+06   1.09743712073396e-06   2.49983885810460e+01
   5.20003300000000e+06   1.58452917276009e-06   2.50384201460911e+01
   5.60003600000000e+06   1.20990227969742e-06   2.50063948940555e+01
   6.00003800000000e+06   1.16033777430857e-06   2.50344169895869e+01
   6.40004100000000e+06   1.70501164120651e-06   2.49903822680362e+01
   6.80004400000000e+06   1.08691472178180e-06   2.50023917375508e+01
   7.20004600000000e+06   1.64193943419377e-06   2.49903822680362e+01
   7.60004900000000e+06   1.57284864599205e-06   2.49703664855106e+01
   8.00005100000000e+06   1.24255575428833e-06   2.49423443899722e+01
   8.40005400000000e+06   1.82339988441527e-06   2.49543538594890e+01
   8.80005600000000e+06   1.05840683772840e-06   2.49543538594890e+01
   9.20005900000000e+06   1.67704808973212e-06   2.49783727985210e+01
   9.60006200000000e+06   1.55645068389276e-06   2.49543538594890e+01
   4.23383600000000e+07  -2.07886192947626e-03   2.50744485546264e+01
   4.27383620000000e+07   1.18282878247555e-06   2.49983885810460e+01
   4.31383650000000e+07   2.05715377887827e-06   2.49503507029835e+01
   4.35383670000000e+07   1.92701281775953e-06   2.49823759550261e+01
   4.39383700000000e+07   1.56466205680772e-06   2.50023917375508e+01
   4.43383730000000e+07   6.21991432581126e-07   2.50424233025953e+01
   4.47383750000000e+07   8.65743686517817e-07   2.50063948940555e+01
   4.51383780000000e+07   1.71479825894494e-06   2.49943854245411e+01
   4.55383800000000e+07   1.59943533617479e-06   2.50103980505602e+01
   4.59383830000000e+07   1.37853510295827e-06   2.50384201460911e+01
   4.63383850000000e+07   4.17445619405044e-07   2.49263317639489e+01
   4.67383880000000e+07   1.55481075125863e-06   2.51665211541937e+01
   4.71383910000000e+07   2.63855372395483e-06   2.49663633290053e+01
   4.75383930000000e+07   2.57116676039004e-06   2.49703664855106e+01
   4.79383960000000e+07   2.25426538236206e-06   2.49863791115312e+01
   4.83383980000000e+07   1.35221978325717e-06   2.50624390851152e+01
   4.87384010000000e+07   1.47456819377112e-06   2.50023917375508e+01
   4.91384040000000e+07   2.21745540329721e-06   2.50464264590994e+01
   4.95384060000000e+07   2.12747409022995e-06   2.50544327721075e+01
   4.99384090000000e+07   1.84683790394047e-06   2.50264106765782e+01
   5.03384110000000e+07   1.15797047328670e-06   2.50304138330826e+01
   5.07384140000000e+07   1.41505995543412e-06   2.50304138330826e+01
   5.11384170000000e+07   2.30418254432152e-06   2.50424233025953e+01
   5.15384190000000e+07   2.31096123570751e-06   2.50744485546264e+01
   5.19384220000000e+07   2.17949582292931e-06   2.50264106765782e+01
   9.56768780000000e+07   4.68542519956827e-03   2.49583570159945e+01
   9.60768800000000e+07   2.87575812762952e-06   2.50264106765782e+01
   9.64768830000000e+07   2.32975708058802e-06   2.49863791115312e+01
   9.68768850000000e+07   1.84774009426292e-07   2.50904611806405e+01
   9.72768880000000e+07   3.75032436750189e-06   2.50344169895869e+01
   9.76768910000000e+07   1.56475186940952e-06   2.49503507029835e+01
   9.80768930000000e+07   2.36346318160940e-06   2.49943854245411e+01
   9.84768960000000e+07   2.07553352993273e-06   2.49863791115312e+01
   9.88768980000000e+07   3.59780273129218e-07   2.49903822680362e+01
   9.92769010000000e+07   3.45084049513389e-06   2.50063948940555e+01
   9.96769040000000e+07   1.62654509949789e-06   2.50023917375508e+01
   1.00076906000000e+08   2.43069985117472e-06   2.50344169895869e+01
   1.00476909000000e+08   2.02346700461931e-06   2.49743696420159e+01
   1.00876911000000e+08  -1.63351941750989e-07   2.50384201460911e+01
   1.01276914000000e+08   3.03600336337695e-06   2.49543538594890e+01
   1.01676916000000e+08   1.14381577986933e-06   2.50704453981228e+01
   1.02076919000000e+08   2.02641172108997e-06   2.50944643371439e+01
   1.02476922000000e+08   1.51212327637040e-06   2.49903822680362e+01
   1.02876924000000e+08  -3.66125391337846e-07   2.49983885810460e+01
   1.03276927000000e+08   2.26128440772300e-06   2.50144012070648e+01
   1.03676929000000e+08   7.62977720114577e-07   2.50744485546264e+01
   1.04076932000000e+08   1.36742698941816e-06   2.50184043635693e+01
   1.04476935000000e+08   1.39517430852720e-06   2.50103980505602e+01
   1.04876937000000e+08  -4.76837783480732e-07   2.50584359286114e+01
   1.05276940000000e+08   2.12276972888503e-06   2.50144012070648e+01
   1.49044624000000e+08  -4.28137462586164e-03   2.49943854245411e+01
   1.49444627000000e+08   1.08308938706614e-06   2.50144012070648e+01
   1.49844629000000e+08   1.40340614507295e-06   2.50144012070648e+01
   1.50244632000000e+08   1.53023552229570e-06   2.49463475464779e+01
   1.50644635000000e+08   2.17368756239011e-06   2.49983885810460e+01
   1.51044637000000e+08   1.82110636615107e-06   2.49943854245411e+01
   1.51444640000000e+08   1.52847940171341e-06   2.50304138330826e+01
   1.51844642000000e+08   1.81615507699462e-06   2.49863791115312e+01
   1.52244645000000e+08   2.08305050364288e-06   2.49903822680362e+01
   1.52644648000000e+08   2.70792224910110e-06   2.49943854245411e+01
   1.53044650000000e+08   2.34838398682768e-06   2.50624390851152e+01
   1.53444653000000e+08   2.09032282327826e-06   2.50103980505602e+01
   1.53844655000000e+08   2.52118502430676e-06   2.49623601725000e+01
   1.54244658000000e+08   2.58506611316989e-06   2.50624390851152e+01
   1.54644660000000e+08   2.54747442340886e-06   2.50144012070648e+01
   1.55044663000000e+08   1.89299282737920e-06   2.50384201460911e+01
   1.55444666000000e+08   1.66303459536721e-06   2.50464264590994e+01
   1.55844668000000e+08   1.86825411674363e-06   2.50624390851152e+01
   1.56244671000000e+08   2.10680445889011e-06   2.50384201460911e+01
   1.56644673000000e+08   2.21074765249796e-06   2.50344169895869e+01
   1.57044676000000e+08   1.70126520515623e-06   2.50384201460911e+01
   1.57444679000000e+08   1.47950026985200e-06   2.50304138330826e+01
   1.57844681000000e+08   1.67361054081994e-06   2.50584359286114e+01
   1.58244684000000e+08   1.91035746865964e-06   2.49783727985210e+01
   1.58644686000000e+08   2.21259597310564e-06   2.50103980505602e+01
   1.93311586000000e+08   2.39503732882440e-03   2.50103980505602e+01
   1.93711589000000e+08   2.13950465877133e-06   2.50224075200738e+01
   1.94111591000000e+08   8.98093674095435e-07   2.51024706501504e+01
   1.94511594000000e+08   2.30748150897853e-06   2.49463475464779e+01
   1.94911596000000e+08   1.45949286434188e-06   2.51184832761627e+01
   1.95311599000000e+08   8.31280999591399e-07   2.50144012070648e+01
   1.95711601000000e+08   2.26897532229486e-06   2.49703664855106e+01
   1.96111604000000e+08   1.21467701319489e-06   2.50424233025953e+01
   1.96511607000000e+08   2.28177054850676e-06   2.49943854245411e+01
   1.96911609000000e+08   1.10232906536112e-06   2.49743696420159e+01
   1.97311612000000e+08   3.60763266371578e-07   2.50944643371439e+01
   1.97711614000000e+08   1.79452058546303e-06   2.49863791115312e+01
   1.98111617000000e+08   8.25815845928446e-07   2.49863791115312e+01
   1.98511620000000e+08   2.25634062189783e-06   2.50744485546264e+01
   1.98911622000000e+08   1.78164498265687e-06   2.50144012070648e+01
   1.99311625000000e+08   1.14737940748455e-06   2.50264106765782e+01
   1.99711627000000e+08   2.56269299825362e-06   2.50944643371439e+01
   2.00111630000000e+08   1.68685448898032e-06   2.49743696420159e+01
   2.00511633000000e+08   2.65288213086023e-06   2.49583570159945e+01
   2.00911635000000e+08   2.05566493605147e-06   2.49743696420159e+01
   2.01311638000000e+08   1.35626191877236e-06   2.50023917375508e+01
   2.01711640000000e+08   2.57287956628716e-06   2.49663633290053e+01
   2.02111643000000e+08   1.80857364284748e-06   2.51064738066536e+01
   2.02511645000000e+08   2.48855235440715e-06   2.50504296156035e+01
   2.02911648000000e+08   1.69396662386134e-06   2.49903822680362e+01
