   4.00003000000000e+05   1.83291035682487e-06   2.50424233025953e+01
   8.00005000000000e+05   1.76274124896736e-06   2.50304138330826e+01
   1.20000800000000e+06   2.39361315834685e-06   2.51304927456713e+01
   1.60001100000000e+06   2.25085636884614e-06   2.50424233025953e+01
   2.00001300000000e+06   2.40609074353415e-06   2.51264895891685e+01
   2.40001600000000e+06   2.35768266065861e-06   2.50023917375508e+01
   2.80001800000000e+06   2.27776695282955e-06   2.50424233025953e+01
   3.20002100000000e+06   2.07110497285612e-06   2.50664422416190e+01
   3.60002300000000e+06   2.01075181394117e-06   2.49743696420159e+01
   4.00002600000000e+06   1.99161559066852e-06   2.49863791115312e+01
   4.40002900000000e+06   2.04513321477862e-06   2.50744485546264e+01
   4.80003100000000e+06   1.86349222985882e-06   2.50023917375508e+01
   5.20003400000000e+06   1.78573213815980e-06   2.50144012070648e+01
   5.60003600000000e+06   1.62867706876568e-06   2.50664422416190e+01
   6.00003900000000e+06   1.69274892414251e-06   2.51024706501504e+01
   6.40004200000000e+06   1.65759888659522e-06   2.50103980505602e+01
   6.80004400000000e+06   1.73457078744832e-06   2.50344169895869e+01
   7.20004700000000e+06   2.07775678973121e-06   2.50103980505602e+01
   7.60004900000000e+06   2.18185846279084e-06   2.50944643371439e+01
   8.00005200000000e+06   2.17972115024168e-06   2.50424233025953e+01
   8.40005400000000e+06   2.21585173676431e-06   2.50464264590994e+01
   8.80005700000000e+06   2.22565154217591e-06   2.50664422416190e+01
   9.20006000000000e+06   2.75575280284102e-06   2.50944643371439e+01
   9.60006200000000e+06   2.76485752692679e-06   2.50464264590994e+01
   4.22179270000000e+07  -2.09309952333570e-03   2.49583570159945e+01
   4.26179300000000e+07   1.51579092744214e-06   2.49783727985210e+01
   4.30179320000000e+07   1.49525965298380e-06   2.50384201460911e+01
   4.34179350000000e+07   2.66532788373297e-06   2.50304138330826e+01
   4.38179370000000e+07   1.97932581613713e-06   2.49743696420159e+01
   4.42179400000000e+07   1.95871371033718e-06   2.49663633290053e+01
   4.46179420000000e+07   1.50859943914838e-06   2.49143222944307e+01
   4.50179450000000e+07   1.48099331909179e-06   2.49423443899722e+01
   4.54179480000000e+07   2.47511025008862e-06   2.48782938858728e+01
   4.58179500000000e+07   2.06424510906800e-06   2.49063159814183e+01
   4.62179530000000e+07   1.85623366633081e-06   2.49823759550261e+01
   4.66179550000000e+07   1.61587058755686e-06   2.50184043635693e+01
   4.70179580000000e+07   1.58119917159638e-06   2.50624390851152e+01
   4.74179610000000e+07   2.80356084658706e-06   2.48863001988861e+01
   4.78179630000000e+07   2.14526608033339e-06   2.51104769631567e+01
   4.82179660000000e+07   2.08716301131062e-06   2.50344169895869e+01
   4.86179680000000e+07   1.91315257325186e-06   2.49623601725000e+01
   4.90179710000000e+07   1.61574155299604e-06   2.50464264590994e+01
   4.94179740000000e+07   2.52214681495389e-06   2.50744485546264e+01
   4.98179760000000e+07   1.97722829398117e-06   2.50784517111300e+01
   5.02179790000000e+07   2.00385011339677e-06   2.51425022151793e+01
   5.06179810000000e+07   1.86409431535139e-06   2.50224075200738e+01
   5.10179840000000e+07   1.71839735685353e-06   2.51024706501504e+01
   5.14179860000000e+07   2.66993606601318e-06   2.50504296156035e+01
   5.18179890000000e+07   2.29054830924724e-06   2.51144801196597e+01
   9.56298300000000e+07   4.68269968405366e-03   2.50424233025953e+01
   9.60298330000000e+07   1.02352612429968e-06   2.50744485546264e+01
   9.64298360000000e+07   1.98585485122749e-06   2.49623601725000e+01
   9.68298380000000e+07   2.28859994422237e-06   2.50184043635693e+01
   9.72298410000000e+07   1.89021534424683e-06   2.49583570159945e+01
   9.76298430000000e+07   2.14678266274859e-06   2.50304138330826e+01
   9.80298460000000e+07   1.48784931752743e-06   2.49743696420159e+01
   9.84298480000000e+07   2.32054026128026e-06   2.51144801196597e+01
   9.88298510000000e+07   2.47413026954746e-06   2.51625179976914e+01
   9.92298540000000e+07   1.93399341696932e-06   2.50744485546264e+01
   9.96298560000000e+07   1.97657413991692e-06   2.50264106765782e+01
   1.00029859000000e+08   1.37691313284449e-06   2.50584359286114e+01
   1.00429861000000e+08   1.97311715055548e-06   2.50704453981228e+01
   1.00829864000000e+08   2.44413604377769e-06   2.50824548676336e+01
   1.01229867000000e+08   2.66476149590744e-06   2.49703664855106e+01
   1.01629869000000e+08   2.80486665360513e-06   2.50224075200738e+01
   1.02029872000000e+08   2.23456913772679e-06   2.50184043635693e+01
   1.02429874000000e+08   2.86846648123174e-06   2.49743696420159e+01
   1.02829877000000e+08   3.02973421639763e-06   2.50624390851152e+01
   1.03229880000000e+08   2.36890491578379e-06   2.51264895891685e+01
   1.03629882000000e+08   2.41979751081089e-06   2.49663633290053e+01
   1.04029885000000e+08   1.86268277957424e-06   2.49263317639489e+01
   1.04429887000000e+08   2.35341258303379e-06   2.50264106765782e+01
   1.04829890000000e+08   2.49291588261258e-06   2.49743696420159e+01
   1.05229892000000e+08   2.14687293009774e-06   2.49863791115312e+01
   1.48528257000000e+08  -4.30002482607961e-03   2.51905400932058e+01
   1.48928260000000e+08   2.87989269054378e-06   2.50784517111300e+01
   1.49328263000000e+08   2.46639979195606e-06   2.50984674936472e+01
   1.49728265000000e+08   2.76909577223705e-06   2.50063948940555e+01
   1.50128268000000e+08   1.31891431465192e-06   2.49783727985210e+01
   1.50528270000000e+08   3.41853342433751e-06   2.50384201460911e+01
   1.50928273000000e+08   2.73493105851230e-06   2.50023917375508e+01
   1.51328276000000e+08   2.57605597653310e-06   2.50504296156035e+01
   1.51728278000000e+08   2.75079855782678e-06   2.50904611806405e+01
   1.52128281000000e+08   1.41395605623984e-06   2.50264106765782e+01
   1.52528283000000e+08   3.01178602057917e-06   2.51104769631567e+01
   1.52928286000000e+08   2.68060716734908e-06   2.50824548676336e+01
   1.53328289000000e+08   1.82727114861336e-06   2.50704453981228e+01
   1.53728291000000e+08   2.27067152991367e-06   2.51064738066536e+01
   1.54128294000000e+08   8.75354430718289e-07   2.51104769631567e+01
   1.54528296000000e+08   2.36751043303229e-06   2.50103980505602e+01
   1.54928299000000e+08   2.23058964365919e-06   2.50184043635693e+01
   1.55328301000000e+08   1.67481016433157e-06   2.50424233025953e+01
   1.55728304000000e+08   2.15003501580213e-06   2.49743696420159e+01
   1.56128307000000e+08   7.31594127501012e-07   2.50384201460911e+01
   1.56528309000000e+08   2.08917981581180e-06   2.49583570159945e+01
   1.56928312000000e+08   1.99193527805619e-06   2.50904611806405e+01
   1.57328314000000e+08   1.63166942002135e-06   2.49663633290053e+01
   1.57728317000000e+08   2.01198031390959e-06   2.50624390851152e+01
   1.58128320000000e+08   6.50056733775273e-07   2.50584359286114e+01
   1.93046416000000e+08   2.40443786606193e-03   2.51144801196597e+01
   1.93446419000000e+08   2.38724692280812e-06   2.52105558757142e+01
   1.93846421000000e+08   1.55216446273698e-06   2.50984674936472e+01
   1.94246424000000e+08   1.81446330316248e-06   2.50264106765782e+01
   1.94646427000000e+08   2.19406842916214e-06   2.49703664855106e+01
   1.95046429000000e+08   2.19174808080425e-06   2.50304138330826e+01
   1.95446432000000e+08   2.67567429546034e-06   2.50584359286114e+01
   1.95846434000000e+08   1.84037730832642e-06   2.50544327721075e+01
   1.96246437000000e+08   1.90719788406568e-06   2.49503507029835e+01
   1.96646439000000e+08   2.51486085289798e-06   2.50184043635693e+01
   1.97046442000000e+08   2.16024159271910e-06   2.49903822680362e+01
   1.97446445000000e+08   2.36633309214085e-06   2.49303349204548e+01
   1.97846447000000e+08   1.64185564699437e-06   2.49663633290053e+01
   1.98246450000000e+08   1.73811065451446e-06   2.49343380769607e+01
   1.98646452000000e+08   2.42268606598373e-06   2.49263317639489e+01
   1.99046455000000e+08   1.72555223798554e-06   2.49943854245411e+01
   1.99446458000000e+08   1.91119261216954e-06   2.50224075200738e+01
   1.99846460000000e+08   1.42614203468838e-06   2.49063159814183e+01
   2.00246463000000e+08   1.04572245618328e-06   2.49823759550261e+01
   2.00646465000000e+08   1.98014458874241e-06   2.49503507029835e+01
   2.01046468000000e+08   1.51806477788341e-06   2.50464264590994e+01
   2.01446471000000e+08   2.10290545510361e-06   2.50103980505602e+01
   2.01846473000000e+08   1.32522677631641e-06   2.50023917375508e+01
   2.02246476000000e+08   1.16043224807072e-06   2.50984674936472e+01
   2.02646478000000e+08   2.07865036827570e-06   2.50424233025953e+01
