   4.00002000000000e+05   1.58054342591640e-06   2.50464264590994e+01
   8.00005000000000e+05   1.87011312391405e-06   2.50944643371439e+01
   1.20000800000000e+06   1.52951884047070e-06   2.50424233025953e+01
   1.60001000000000e+06   1.84040356998594e-06   2.50344169895869e+01
   2.00001300000000e+06   1.69474685662863e-06   2.55468210216236e+01
   2.40001500000000e+06   1.67126665928663e-06   2.50224075200738e+01
   2.80001800000000e+06   1.97323765860347e-06   2.51144801196597e+01
   3.20002100000000e+06   1.61895991368510e-06   2.50624390851152e+01
   3.60002300000000e+06   1.83828956323850e-06   2.49943854245411e+01
   4.00002600000000e+06   1.86227669018990e-06   2.49983885810460e+01
   4.40002800000000e+06   1.85043609235436e-06   2.49983885810460e+01
   4.80003100000000e+06   2.11738461075583e-06   2.49983885810460e+01
   5.20003400000000e+06   1.71037356722081e-06   2.49463475464779e+01
   5.60003600000000e+06   2.03966078515805e-06   2.49983885810460e+01
   6.00003900000000e+06   2.03360741579672e-06   2.50344169895869e+01
   6.40004100000000e+06   1.98186626221286e-06   2.50824548676336e+01
   6.80004400000000e+06   2.20762922253925e-06   2.50544327721075e+01
   7.20004700000000e+06   2.04887055588188e-06   2.50584359286114e+01
   7.60004900000000e+06   2.14513056562282e-06   2.51184832761627e+01
   8.00005200000000e+06   2.23637948693067e-06   2.50023917375508e+01
   8.40005400000000e+06   2.22486141865375e-06   2.50304138330826e+01
   8.80005700000000e+06   2.59066382568562e-06   2.51064738066536e+01
   9.20006000000000e+06   2.22703943109082e-06   2.49543538594890e+01
   9.60006200000000e+06   2.39220094044867e-06   2.49423443899722e+01
   4.24618300000000e+07  -2.09864974021912e-03   2.49343380769607e+01
   4.28618330000000e+07   1.99068858819373e-06   2.49383412334665e+01
   4.32618350000000e+07   3.08838025375735e-06   2.50984674936472e+01
   4.36618380000000e+07   1.80502320290543e-06   2.50544327721075e+01
   4.40618410000000e+07   2.02555156647577e-06   2.50504296156035e+01
   4.44618430000000e+07   1.91602157428861e-06   2.49663633290053e+01
   4.48618460000000e+07   1.52102336414828e-06   2.49823759550261e+01
   4.52618480000000e+07   2.34120307140984e-06   2.50664422416190e+01
   4.56618510000000e+07   1.39965743528592e-06   2.50304138330826e+01
   4.60618540000000e+07   1.67868108746916e-06   2.50144012070648e+01
   4.64618560000000e+07   1.57469992245751e-06   2.50584359286114e+01
   4.68618590000000e+07   1.22683866266016e-06   2.49783727985210e+01
   4.72618610000000e+07   2.16497278415773e-06   2.49983885810460e+01
   4.76618640000000e+07   1.37229164920427e-06   2.49383412334665e+01
   4.80618670000000e+07   1.27644011627126e-06   2.49223286074429e+01
   4.84618690000000e+07   1.68261817634630e-06   2.50384201460911e+01
   4.88618720000000e+07   1.21173695788457e-06   2.50424233025953e+01
   4.92618740000000e+07   2.01523926079972e-06   2.50224075200738e+01
   4.96618770000000e+07   1.44982402616733e-06   2.50023917375508e+01
   5.00618800000000e+07   1.28080205286096e-06   2.50704453981228e+01
   5.04618820000000e+07   1.55051611727686e-06   2.51184832761627e+01
   5.08618850000000e+07   9.80900381364336e-07   2.50264106765782e+01
   5.12618870000000e+07   1.83990073310270e-06   2.49903822680362e+01
   5.16618900000000e+07   1.26392694710376e-06   2.50224075200738e+01
   5.20618930000000e+07   1.26191628169181e-06   2.50504296156035e+01
   9.58616490000000e+07   4.70607494935393e-03   2.50864580241371e+01
   9.62616520000000e+07   1.93466848941171e-06   2.50544327721075e+01
   9.66616550000000e+07   2.08200526685687e-06   2.50304138330826e+01
   9.70616570000000e+07   1.80989252385189e-06   2.49983885810460e+01
   9.74616600000000e+07   2.04672073778056e-06   2.49743696420159e+01
   9.78616620000000e+07   2.45663045461697e-06   2.50424233025953e+01
   9.82616650000000e+07   1.67220173352689e-06   2.49303349204548e+01
   9.86616680000000e+07   1.47616754020419e-06   2.50544327721075e+01
   9.90616700000000e+07   1.46253375987726e-06   2.46661265909285e+01
   9.94616730000000e+07   1.62102685408172e-06   2.47942275992180e+01
   9.98616750000000e+07   1.85393787432986e-06   2.50904611806405e+01
   1.00261678000000e+08   9.38684308948723e-07   2.51104769631567e+01
   1.00661681000000e+08   9.28829081203730e-07   2.50144012070648e+01
   1.01061683000000e+08   6.61950480207452e-07   2.49983885810460e+01
   1.01461686000000e+08   6.56395968690049e-07   2.49703664855106e+01
   1.01861688000000e+08   1.24242910715111e-06   2.49703664855106e+01
   1.02261691000000e+08   7.21965591310436e-07   2.49943854245411e+01
   1.02661694000000e+08   5.70719578263379e-07   2.50023917375508e+01
   1.03061696000000e+08   4.00140805822957e-07   2.49703664855106e+01
   1.03461699000000e+08   4.76083755529544e-07   2.50904611806405e+01
   1.03861701000000e+08   1.22163851301593e-06   2.49983885810460e+01
   1.04261704000000e+08   1.39063376991544e-06   2.50504296156035e+01
   1.04661707000000e+08   1.39552582822944e-06   2.51064738066536e+01
   1.05061709000000e+08   1.44557373005227e-06   2.50304138330826e+01
   1.05461712000000e+08   1.32911577566119e-06   2.50384201460911e+01
   1.48891594000000e+08  -4.30194986984134e-03   2.49263317639489e+01
   1.49291596000000e+08   1.49314678310475e-06   2.49983885810460e+01
   1.49691599000000e+08   1.41435737077700e-06   2.50464264590994e+01
   1.50091602000000e+08   1.77567039827409e-06   2.49783727985210e+01
   1.50491604000000e+08   8.37585901081184e-07   2.50464264590994e+01
   1.50891607000000e+08   1.09270627035585e-06   2.50224075200738e+01
   1.51291609000000e+08   1.37304152758588e-06   2.50063948940555e+01
   1.51691612000000e+08   1.52002712638932e-06   2.51104769631567e+01
   1.52091615000000e+08   2.16598277802404e-06   2.49983885810460e+01
   1.52491617000000e+08   1.77959338998335e-06   2.50704453981228e+01
   1.52891620000000e+08   1.94187646229693e-06   2.50384201460911e+01
   1.53291622000000e+08   2.20158244701452e-06   2.50704453981228e+01
   1.53691625000000e+08   2.22878406930249e-06   2.50184043635693e+01
   1.54091628000000e+08   2.89675858766714e-06   2.49863791115312e+01
   1.54491630000000e+08   2.39143332692038e-06   2.50704453981228e+01
   1.54891633000000e+08   2.43154386225797e-06   2.50424233025953e+01
   1.55291635000000e+08   2.60636670645908e-06   2.50023917375508e+01
   1.55691638000000e+08   2.89003310172120e-06   2.50504296156035e+01
   1.56091641000000e+08   3.10479981635581e-06   2.49943854245411e+01
   1.56491643000000e+08   2.51884443969175e-06   2.50464264590994e+01
   1.56891646000000e+08   2.38607708524796e-06   2.49503507029835e+01
   1.57291648000000e+08   2.69183829004760e-06   2.50184043635693e+01
   1.57691651000000e+08   2.80705830846273e-06   2.49543538594890e+01
   1.58091654000000e+08   2.83145891444292e-06   2.50504296156035e+01
   1.58491656000000e+08   2.16959938370564e-06   2.49863791115312e+01
   1.93661673000000e+08   2.41771270520985e-03   2.49863791115312e+01
   1.94061676000000e+08   1.58774457759137e-06   2.50544327721075e+01
   1.94461679000000e+08   2.73511068371590e-06   2.49983885810460e+01
   1.94861681000000e+08   1.03024297004595e-06   2.50304138330826e+01
   1.95261684000000e+08   2.15362615563208e-06   2.51144801196597e+01
   1.95661686000000e+08   1.49456241160806e-06   2.49463475464779e+01
   1.96061689000000e+08   1.30331989112165e-06   2.49903822680362e+01
   1.96461692000000e+08   2.86649969893915e-06   2.50224075200738e+01
   1.96861694000000e+08   1.09961990801821e-06   2.50904611806405e+01
   1.97261697000000e+08   2.19221192310215e-06   2.50424233025953e+01
   1.97661699000000e+08   1.69081272360927e-06   2.49743696420159e+01
   1.98061702000000e+08   1.19885567073652e-06   2.49943854245411e+01
   1.98461704000000e+08   2.67359041572490e-06   2.50264106765782e+01
   1.98861707000000e+08   1.17625052098447e-06   2.51064738066536e+01
   1.99261710000000e+08   2.12157215173647e-06   2.49903822680362e+01
   1.99661712000000e+08   1.57884346663195e-06   2.50344169895869e+01
   2.00061715000000e+08   8.69330222030840e-07   2.50464264590994e+01
   2.00461717000000e+08   2.31437593356532e-06   2.50464264590994e+01
   2.00861720000000e+08   7.77913840011024e-07   2.50424233025953e+01
   2.01261723000000e+08   1.62604771958286e-06   2.49863791115312e+01
   2.01661725000000e+08   1.11976783045975e-06   2.50063948940555e+01
   2.02061728000000e+08   9.09095319912012e-07   2.49743696420159e+01
   2.02461730000000e+08   2.41139150602976e-06   2.50704453981228e+01
   2.02861733000000e+08   1.12839711619017e-06   2.49503507029835e+01
   2.03261736000000e+08   1.89859838428674e-06   2.49983885810460e+01
