   4.00003000000000e+05   1.54833549004252e-06   2.50704453981228e+01
   8.00005000000000e+05   1.85174133093824e-06   2.51344959021740e+01
   1.20000800000000e+06   1.80547601758008e-06   2.50023917375508e+01
   1.60001000000000e+06   1.68847691384144e-06   2.50864580241371e+01
   2.00001300000000e+06   2.00526164917392e-06   2.50023917375508e+01
   2.40001600000000e+06   1.80763697699149e-06   2.50464264590994e+01
   2.80001800000000e+06   1.87223884040577e-06   2.50704453981228e+01
   3.20002100000000e+06   1.91507001545688e-06   2.50304138330826e+01
   3.60002400000000e+06   1.75235800270457e-06   2.50984674936472e+01
   4.00002600000000e+06   2.16971534428012e-06   2.50944643371439e+01
   4.40002900000000e+06   1.84158966476389e-06   2.50224075200738e+01
   4.80003100000000e+06   2.02950309358130e-06   2.51104769631567e+01
   5.20003400000000e+06   2.01837087843160e-06   2.49903822680362e+01
   5.60003700000000e+06   1.89710954145994e-06   2.51425022151793e+01
   6.00003900000000e+06   2.09237646231486e-06   2.51264895891685e+01
   6.40004200000000e+06   1.82403709914070e-06   2.50904611806405e+01
   6.80004500000000e+06   1.99766805053514e-06   2.50864580241371e+01
   7.20004700000000e+06   1.97989334083104e-06   2.50984674936472e+01
   7.60005000000000e+06   1.73203545728029e-06   2.50424233025953e+01
   8.00005200000000e+06   2.06190429707931e-06   2.51024706501504e+01
   8.40005500000000e+06   1.75568652593938e-06   2.50144012070648e+01
   8.80005800000000e+06   1.95603684005619e-06   2.51785306237000e+01
   9.20006000000000e+06   1.85021281140507e-06   2.51384990586767e+01
   9.60006300000000e+06   1.75626360032766e-06   2.50304138330826e+01
   4.23158270000000e+07   2.33723758719862e-03   2.50224075200738e+01
   4.27158300000000e+07   1.89151842278079e-06   2.50304138330826e+01
   4.31158330000000e+07   1.85842532118841e-06   2.49823759550261e+01
   4.35158350000000e+07   2.58505679084919e-06   2.50624390851152e+01
   4.39158380000000e+07   1.36811775064416e-06   2.50544327721075e+01
   4.43158410000000e+07   9.54642246142612e-07   2.49863791115312e+01
   4.47158430000000e+07   2.11108817893546e-06   2.51304927456713e+01
   4.51158460000000e+07   1.83914289664244e-06   2.51024706501504e+01
   4.55158480000000e+07   2.43591489379469e-06   2.50744485546264e+01
   4.59158510000000e+07   1.11980352812679e-06   2.51224864326656e+01
   4.63158540000000e+07   1.37157803692389e-06   2.49783727985210e+01
   4.67158560000000e+07   2.27409009312396e-06   2.50584359286114e+01
   4.71158590000000e+07   1.97808276425349e-06   2.49903822680362e+01
   4.75158620000000e+07   2.19096250475559e-06   2.49983885810460e+01
   4.79158640000000e+07   1.18675495741627e-06   2.50704453981228e+01
   4.83158670000000e+07   1.57647832565999e-06   2.50264106765782e+01
   4.87158690000000e+07   2.60826300291228e-06   2.50504296156035e+01
   4.91158720000000e+07   1.96078303815739e-06   2.50103980505602e+01
   4.95158750000000e+07   2.22418816520076e-06   2.50824548676336e+01
   4.99158770000000e+07   1.36661049054965e-06   2.50224075200738e+01
   5.03158800000000e+07   2.18240256799618e-06   2.49943854245411e+01
   5.07158830000000e+07   2.83076337836974e-06   2.51224864326656e+01
   5.11158850000000e+07   2.17388605960878e-06   2.50304138330826e+01
   5.15158880000000e+07   2.26490942623059e-06   2.50464264590994e+01
   5.19158900000000e+07   1.48350045492407e-06   2.50224075200738e+01
   9.55461310000000e+07  -4.17819945141673e-03   2.50304138330826e+01
   9.59461340000000e+07   2.87926081909973e-06   2.50264106765782e+01
   9.63461360000000e+07   3.12721067530219e-06   2.50744485546264e+01
   9.67461390000000e+07   8.33174226499978e-07   2.49263317639489e+01
   9.71461420000000e+07   1.95514030565391e-06   2.50344169895869e+01
   9.75461440000000e+07   1.20871072795126e-06   2.50264106765782e+01
   9.79461470000000e+07   3.12560314341681e-06   2.50344169895869e+01
   9.83461490000000e+07   2.71817543762154e-06   2.51264895891685e+01
   9.87461520000000e+07   8.14224335954350e-07   2.50304138330826e+01
   9.91461550000000e+07   2.18558238884725e-06   2.50344169895869e+01
   9.95461570000000e+07   1.44002888191608e-06   2.49903822680362e+01
   9.99461600000000e+07   3.26011900142475e-06   2.49343380769607e+01
   1.00346163000000e+08   2.26099314204475e-06   2.50464264590994e+01
   1.00746165000000e+08   7.26578832654923e-07   2.50624390851152e+01
   1.01146168000000e+08   2.21569143832312e-06   2.49823759550261e+01
   1.01546170000000e+08   1.64840878369432e-06   2.50304138330826e+01
   1.01946173000000e+08   2.93831453745952e-06   2.50384201460911e+01
   1.02346176000000e+08   1.44751254538278e-06   2.50704453981228e+01
   1.02746178000000e+08   4.74301174335778e-07   2.51024706501504e+01
   1.03146181000000e+08   2.20506035475410e-06   2.51985464062093e+01
   1.03546184000000e+08   1.52204711412196e-06   2.50864580241371e+01
   1.03946186000000e+08   2.64764457824640e-06   2.50984674936472e+01
   1.04346189000000e+08   9.95042000795365e-07   2.50023917375508e+01
   1.04746191000000e+08   8.04726425940316e-07   2.50584359286114e+01
   1.05146194000000e+08   2.35215543398226e-06   2.50184043635693e+01
   1.48946811000000e+08   4.58032358437777e-03   2.50424233025953e+01
   1.49346814000000e+08   3.46857814292889e-06   2.49623601725000e+01
   1.49746817000000e+08   6.89320586388931e-07   2.49903822680362e+01
   1.50146819000000e+08   1.75803791080398e-06   2.50344169895869e+01
   1.50546822000000e+08   9.78196339929127e-07   2.50824548676336e+01
   1.50946825000000e+08   3.35709819410113e-06   2.50784517111300e+01
   1.51346827000000e+08   2.73544037554529e-06   2.50424233025953e+01
   1.51746830000000e+08   1.57240037879092e-07   2.50984674936472e+01
   1.52146832000000e+08   1.45641615745262e-06   2.50144012070648e+01
   1.52546835000000e+08   8.35883611216559e-07   2.50224075200738e+01
   1.52946838000000e+08   2.68223629973363e-06   2.50304138330826e+01
   1.53346840000000e+08   1.81929988229967e-06   2.49663633290053e+01
   1.53746843000000e+08   8.38040890016600e-08   2.49983885810460e+01
   1.54146846000000e+08   1.76349215053051e-06   2.50784517111300e+01
   1.54546848000000e+08   1.15600585104403e-06   2.49703664855106e+01
   1.54946851000000e+08   3.13679174723802e-06   2.49863791115312e+01
   1.55346853000000e+08   1.51695223848947e-06   2.50264106765782e+01
   1.55746856000000e+08   2.23290655299024e-07   2.51224864326656e+01
   1.56146859000000e+08   1.97624171960342e-06   2.50904611806405e+01
   1.56546861000000e+08   1.66783831900830e-06   2.51384990586767e+01
   1.56946864000000e+08   2.88826299765788e-06   2.49663633290053e+01
   1.57346867000000e+08   1.10843041056796e-06   2.50063948940555e+01
   1.57746869000000e+08   5.31092723576876e-07   2.50384201460911e+01
   1.58146872000000e+08   2.43785370912519e-06   2.50063948940555e+01
   1.58546874000000e+08   1.71214048805268e-06   2.50504296156035e+01
   1.93546070000000e+08  -2.02768761664629e-03   2.50224075200738e+01
   1.93946073000000e+08   1.14735769329855e-06   2.50544327721075e+01
   1.94346075000000e+08   1.74673732544761e-06   2.50304138330826e+01
   1.94746078000000e+08   2.76109176411410e-06   2.49703664855106e+01
   1.95146081000000e+08   2.52038603321125e-06   2.49823759550261e+01
   1.95546083000000e+08   1.73857404206501e-06   2.50544327721075e+01
   1.95946086000000e+08   1.26606278172403e-06   2.50864580241371e+01
   1.96346088000000e+08   2.40775011661754e-06   2.50344169895869e+01
   1.96746091000000e+08   2.79025584859482e-06   2.50184043635693e+01
   1.97146094000000e+08   2.66735310106014e-06   2.49623601725000e+01
   1.97546096000000e+08   1.47386242588254e-06   2.50144012070648e+01
   1.97946099000000e+08   1.36336348077748e-06   2.51384990586767e+01
   1.98346102000000e+08   2.17310139305482e-06   2.50984674936472e+01
   1.98746104000000e+08   2.75428624263441e-06   2.50264106765782e+01
   1.99146107000000e+08   1.88931994671293e-06   2.50664422416190e+01
   1.99546109000000e+08   1.33790547351964e-06   2.50544327721075e+01
   1.99946112000000e+08   1.50435255363845e-06   2.50784517111300e+01
   2.00346115000000e+08   2.71514522864891e-06   2.50504296156035e+01
   2.00746117000000e+08   2.55637087320792e-06   2.51344959021740e+01
   2.01146120000000e+08   1.76771652604657e-06   2.51024706501504e+01
   2.01546123000000e+08   1.29114732771995e-06   2.49943854245411e+01
   2.01946125000000e+08   1.72616717009078e-06   2.49343380769607e+01
   2.02346128000000e+08   2.30552473112766e-06   2.50864580241371e+01
   2.02746130000000e+08   1.96875544133945e-06   2.49943854245411e+01
   2.03146133000000e+08   1.33422577164310e-06   2.50424233025953e+01
