   4.00003000000000e+05   1.59323269599554e-06   2.49823759550261e+01
   8.00005000000000e+05   1.79568405656028e-06   2.50744485546264e+01
   1.20000800000000e+06   1.44083503528236e-06   2.50144012070648e+01
   1.60001100000000e+06   1.88844887816231e-06   2.50304138330826e+01
   2.00001300000000e+06   1.65408505381492e-06   2.50103980505602e+01
   2.40001600000000e+06   1.62398760039650e-06   2.50744485546264e+01
   2.80001800000000e+06   1.85664998753055e-06   2.50304138330826e+01
   3.20002100000000e+06   1.64435209626390e-06   2.50904611806405e+01
   3.60002400000000e+06   2.16817784348677e-06   2.50944643371439e+01
   4.00002600000000e+06   1.87617149549624e-06   2.50464264590994e+01
   4.40002900000000e+06   1.94125823327340e-06   2.49983885810460e+01
   4.80003100000000e+06   2.09570066544984e-06   2.50384201460911e+01
   5.20003400000000e+06   1.74281581166724e-06   2.50624390851152e+01
   5.60003700000000e+06   1.89473007594643e-06   2.50184043635693e+01
   6.00003900000000e+06   1.72636612205679e-06   2.49503507029835e+01
   6.40004200000000e+06   1.73497028299607e-06   2.50704453981228e+01
   6.80004400000000e+06   1.90975606528809e-06   2.50144012070648e+01
   7.20004700000000e+06   1.67285918450943e-06   2.49863791115312e+01
   7.60004900000000e+06   2.04706407203048e-06   2.50224075200738e+01
   8.00005200000000e+06   1.86801128165826e-06   2.49503507029835e+01
   8.40005500000000e+06   1.83475492576690e-06   2.49983885810460e+01
   8.80005700000000e+06   1.99943337975128e-06   2.49783727985210e+01
   9.20006000000000e+06   1.78616983248503e-06   2.50264106765782e+01
   9.60006200000000e+06   2.08829146686185e-06   2.50544327721075e+01
   4.20345400000000e+07  -2.04417458735406e-03   2.50224075200738e+01
   4.24345430000000e+07   1.52189909385925e-06   2.50224075200738e+01
   4.28345450000000e+07   2.16691387322498e-06   2.50264106765782e+01
   4.32345480000000e+07   1.13531370971032e-06   2.50544327721075e+01
   4.36345500000000e+07   3.16165323965834e-06   2.50224075200738e+01
   4.40345530000000e+07   1.85786348083639e-06   2.50584359286114e+01
   4.44345560000000e+07   1.46628428865370e-06   2.50344169895869e+01
   4.48345580000000e+07   2.20204424294934e-06   2.50944643371439e+01
   4.52345610000000e+07   1.19590947633696e-06   2.50784517111300e+01
   4.56345630000000e+07   3.18440856972302e-06   2.51344959021740e+01
   4.60345660000000e+07   1.47368621128408e-06   2.51144801196597e+01
   4.64345690000000e+07   1.53780433720385e-06   2.49903822680362e+01
   4.68345710000000e+07   2.04369507628144e-06   2.50904611806405e+01
   4.72345740000000e+07   1.55071245444560e-06   2.51104769631567e+01
   4.76345760000000e+07   3.14288581648725e-06   2.51144801196597e+01
   4.80345790000000e+07   1.42364888233715e-06   2.50544327721075e+01
   4.84345820000000e+07   1.62267861014698e-06   2.51184832761627e+01
   4.88345840000000e+07   2.34375897889549e-06   2.50103980505602e+01
   4.92345870000000e+07   1.45109629556828e-06   2.50304138330826e+01
   4.96345890000000e+07   2.69357815341209e-06   2.50624390851152e+01
   5.00345920000000e+07   8.49475156883273e-07   2.51144801196597e+01
   5.04345940000000e+07   1.56931037054164e-06   2.49983885810460e+01
   5.08345970000000e+07   1.98025031750149e-06   2.50464264590994e+01
   5.12346000000000e+07   1.53121243329224e-06   2.49703664855106e+01
   5.16346020000000e+07   2.57485726251616e-06   2.50344169895869e+01
   9.53242650000000e+07   4.58814948797226e-03   2.50464264590994e+01
   9.57242680000000e+07   3.07327718473971e-06   2.49663633290053e+01
   9.61242700000000e+07   1.11109181943903e-06   2.49903822680362e+01
   9.65242730000000e+07   1.94853782886639e-06   2.51144801196597e+01
   9.69242760000000e+07   1.59101762164937e-06   2.51384990586767e+01
   9.73242780000000e+07   2.81255984191375e-06   2.50744485546264e+01
   9.77242810000000e+07   2.67135374087957e-06   2.50344169895869e+01
   9.81242830000000e+07   8.62042440985533e-07   2.49663633290053e+01
   9.85242860000000e+07   1.94911444850732e-06   2.51024706501504e+01
   9.89242890000000e+07   1.71831618445140e-06   2.50584359286114e+01
   9.93242910000000e+07   2.68883059106884e-06   2.50264106765782e+01
   9.97242940000000e+07   1.95858206097910e-06   2.50784517111300e+01
   1.00124296000000e+08   6.56662791698182e-07   2.50224075200738e+01
   1.00524299000000e+08   1.92567085832707e-06   2.50704453981228e+01
   1.00924302000000e+08   1.75728951035126e-06   2.50464264590994e+01
   1.01324304000000e+08   2.48416813519725e-06   2.49863791115312e+01
   1.01724307000000e+08   1.67369603332190e-06   2.50384201460911e+01
   1.02124309000000e+08   7.08161451257183e-07   2.50063948940555e+01
   1.02524312000000e+08   2.17453680306789e-06   2.49783727985210e+01
   1.02924315000000e+08   1.76239075244666e-06   2.49543538594890e+01
   1.03324317000000e+08   2.64437539954088e-06   2.50304138330826e+01
   1.03724320000000e+08   1.42869225783215e-06   2.50264106765782e+01
   1.04124322000000e+08   1.03206741641770e-06   2.50704453981228e+01
   1.04524325000000e+08   2.37512449530186e-06   2.50544327721075e+01
   1.04924328000000e+08   1.97599024431838e-06   2.49983885810460e+01
   1.48443452000000e+08  -4.19462611898780e-03   2.51304927456713e+01
   1.48843454000000e+08   5.07139884575736e-06   2.50184043635693e+01
   1.49243457000000e+08   1.05696472019190e-06   2.49783727985210e+01
   1.49643459000000e+08  -1.12985389932874e-06   2.50184043635693e+01
   1.50043462000000e+08   1.79583128101513e-06   2.49503507029835e+01
   1.50443464000000e+08   1.23143399832770e-06   2.50344169895869e+01
   1.50843467000000e+08   4.82408404423040e-06   2.50144012070648e+01
   1.51243470000000e+08   2.74212830220222e-08   2.50304138330826e+01
   1.51643472000000e+08  -7.78960099978576e-07   2.50624390851152e+01
   1.52043475000000e+08   2.34722006098309e-06   2.50784517111300e+01
   1.52443477000000e+08   1.68345093243261e-06   2.50304138330826e+01
   1.52843480000000e+08   4.21074128098553e-06   2.49503507029835e+01
   1.53243483000000e+08  -4.78232664136158e-07   2.51264895891685e+01
   1.53643485000000e+08   1.21271241937393e-07   2.50624390851152e+01
   1.54043488000000e+08   3.08952439809218e-06   2.50103980505602e+01
   1.54443490000000e+08   2.06649247047608e-06   2.50544327721075e+01
   1.54843493000000e+08   3.75660738427541e-06   2.51104769631567e+01
   1.55243496000000e+08  -6.50290417070210e-07   2.49983885810460e+01
   1.55643498000000e+08   1.10302391931327e-06   2.51465053716819e+01
   1.56043501000000e+08   3.78454569727182e-06   2.50464264590994e+01
   1.56443503000000e+08   2.31167723541148e-06   2.50904611806405e+01
   1.56843506000000e+08   3.40203928317351e-06   2.49703664855106e+01
   1.57243509000000e+08  -6.03731166393118e-07   2.51024706501504e+01
   1.57643511000000e+08   2.16417151932546e-06   2.50464264590994e+01
   1.58043514000000e+08   3.97604480895097e-06   2.50184043635693e+01
   1.92734073000000e+08   2.35239882022142e-03   2.49583570159945e+01
   1.93134076000000e+08   2.27142868425290e-06   2.48983096684056e+01
   1.93534078000000e+08   3.78943838086343e-07   2.49583570159945e+01
   1.93934081000000e+08   4.36383587043565e-08   2.49783727985210e+01
   1.94334084000000e+08   2.76020296041679e-06   2.51625179976914e+01
   1.94734086000000e+08   3.93003529097768e-06   2.50464264590994e+01
   1.95134089000000e+08   1.64307004979491e-06   2.50584359286114e+01
   1.95534091000000e+08   2.23930143761208e-07   2.50144012070648e+01
   1.95934094000000e+08   7.69506812048348e-07   2.51224864326656e+01
   1.96334097000000e+08   3.22316236633924e-06   2.51905400932058e+01
   1.96734099000000e+08   3.52047254637000e-06   2.51064738066536e+01
   1.97134102000000e+08   1.09373183931893e-06   2.51945432497076e+01
   1.97534104000000e+08   4.93071297569259e-07   2.50824548676336e+01
   1.97934107000000e+08   1.56056671585247e-06   2.50704453981228e+01
   1.98334110000000e+08   3.76790831069229e-06   2.49983885810460e+01
   1.98734112000000e+08   2.97218912237440e-06   2.48983096684056e+01
   1.99134115000000e+08   6.37713583273580e-07   2.49743696420159e+01
   1.99534117000000e+08   5.56708471322054e-07   2.50264106765782e+01
   1.99934120000000e+08   2.02230899049027e-06   2.49823759550261e+01
   2.00334123000000e+08   3.48325761478918e-06   2.48903033553927e+01
   2.00734125000000e+08   2.14251826946565e-06   2.49743696420159e+01
   2.01134128000000e+08   8.68714025159534e-08   2.49023128249120e+01
   2.01534130000000e+08   9.01082046311785e-07   2.48943065118992e+01
   2.01934133000000e+08   2.28358999265765e-06   2.49343380769607e+01
   2.02334136000000e+08   3.12407019009697e-06   2.50344169895869e+01
