   4.00003000000000e+05   1.82586620667280e-06   2.50184043635693e+01
   8.00006000000000e+05   2.05660967367294e-06   2.50544327721075e+01
   1.20000800000000e+06   1.67169650922006e-06   2.50544327721075e+01
   1.60001100000000e+06   2.00174554265686e-06   2.50904611806405e+01
   2.00001300000000e+06   1.92617221728142e-06   2.49823759550261e+01
   2.40001600000000e+06   1.71854435393470e-06   2.50224075200738e+01
   2.80001900000000e+06   2.28987278205750e-06   2.51344959021740e+01
   3.20002100000000e+06   1.93368487089174e-06   2.50744485546264e+01
   3.60002400000000e+06   2.26153792937112e-06   2.49103191379245e+01
   4.00002600000000e+06   2.10213238460710e-06   2.50023917375508e+01
   4.40002900000000e+06   1.99280839296989e-06   2.50384201460911e+01
   4.80003200000000e+06   2.38922734752123e-06   2.49663633290053e+01
   5.20003400000000e+06   1.95138773051440e-06   2.50384201460911e+01
   5.60003700000000e+06   2.22427684093418e-06   2.49903822680362e+01
   6.00003900000000e+06   2.18927789319423e-06   2.49903822680362e+01
   6.40004200000000e+06   1.94553399524011e-06   2.50063948940555e+01
   6.80004500000000e+06   2.25369558393140e-06   2.50304138330826e+01
   7.20004700000000e+06   1.76505591298337e-06   2.50824548676336e+01
   7.60005000000000e+06   2.11933297578071e-06   2.51264895891685e+01
   8.00005300000000e+06   2.05803416974959e-06   2.50784517111300e+01
   8.40005500000000e+06   1.76287301201228e-06   2.50184043635693e+01
   8.80005800000000e+06   1.98374641513510e-06   2.49783727985210e+01
   9.20006000000000e+06   1.55881252794643e-06   2.50944643371439e+01
   9.60006300000000e+06   1.80821655249019e-06   2.50224075200738e+01
   4.22366270000000e+07   2.35382514074445e-03   2.50784517111300e+01
   4.26366300000000e+07   2.03109470930940e-06   2.50144012070648e+01
   4.30366320000000e+07   1.08390815967141e-06   2.50784517111300e+01
   4.34366350000000e+07   3.43943247571588e-06   2.49783727985210e+01
   4.38366370000000e+07   8.51192965001246e-07   2.50023917375508e+01
   4.42366400000000e+07   3.66044923794107e-06   2.50063948940555e+01
   4.46366430000000e+07   1.68347537510272e-06   2.49263317639489e+01
   4.50366450000000e+07   1.24155599223741e-06   2.49903822680362e+01
   4.54366480000000e+07   3.14361545861175e-06   2.49863791115312e+01
   4.58366510000000e+07   8.80738639352785e-07   2.50384201460911e+01
   4.62366530000000e+07   3.51006974597112e-06   2.49943854245411e+01
   4.66366560000000e+07   1.34493495806964e-06   2.50424233025953e+01
   4.70366580000000e+07   1.12039197119884e-06   2.49983885810460e+01
   4.74366610000000e+07   2.97144379146630e-06   2.49703664855106e+01
   4.78366640000000e+07   8.37894219785085e-07   2.50063948940555e+01
   4.82366660000000e+07   3.26878966916411e-06   2.49663633290053e+01
   4.86366690000000e+07   1.09509494450322e-06   2.49703664855106e+01
   4.90366710000000e+07   1.35335506001866e-06   2.50264106765782e+01
   4.94366740000000e+07   2.96141297440045e-06   2.50424233025953e+01
   4.98366770000000e+07   8.68828067268623e-07   2.50304138330826e+01
   5.02366790000000e+07   3.15283455165627e-06   2.50264106765782e+01
   5.06366820000000e+07   9.00066993381188e-07   2.50344169895869e+01
   5.10366850000000e+07   1.41442012591142e-06   2.49223286074429e+01
   5.14366870000000e+07   2.71060093837150e-06   2.49943854245411e+01
   5.18366900000000e+07   8.17631871541380e-07   2.50144012070648e+01
   9.55190050000000e+07  -4.20812517404556e-03   2.49783727985210e+01
   9.59190070000000e+07   1.59491969498049e-06   2.49303349204548e+01
   9.63190100000000e+07   4.34796532999826e-07   2.50264106765782e+01
   9.67190120000000e+07   7.55776397909358e-07   2.50464264590994e+01
   9.71190150000000e+07   3.08439598484256e-06   2.50664422416190e+01
   9.75190180000000e+07   3.14555927616311e-06   2.50464264590994e+01
   9.79190200000000e+07   1.06728805349121e-06   2.49983885810460e+01
   9.83190230000000e+07   2.82328471712390e-07   2.49663633290053e+01
   9.87190250000000e+07   1.30827072553075e-06   2.50704453981228e+01
   9.91190280000000e+07   3.50492587131157e-06   2.51224864326656e+01
   9.95190310000000e+07   3.04861987387994e-06   2.50784517111300e+01
   9.99190330000000e+07   8.20639002085954e-07   2.51264895891685e+01
   1.00319036000000e+08   7.02187435308588e-07   2.50584359286114e+01
   1.00719039000000e+08   1.95968891603115e-06   2.50704453981228e+01
   1.01119041000000e+08   3.61984234586998e-06   2.50504296156035e+01
   1.01519044000000e+08   2.53260918725573e-06   2.49903822680362e+01
   1.01919046000000e+08   7.83184191277542e-07   2.50344169895869e+01
   1.02319049000000e+08   1.10292887711694e-06   2.49663633290053e+01
   1.02719052000000e+08   2.57491660704545e-06   2.49663633290053e+01
   1.03119054000000e+08   3.70314660358417e-06   2.50184043635693e+01
   1.03519057000000e+08   2.46121135205613e-06   2.50464264590994e+01
   1.03919059000000e+08   9.70552719081752e-07   2.51064738066536e+01
   1.04319062000000e+08   1.60518402481102e-06   2.50904611806405e+01
   1.04719065000000e+08   2.98418831334857e-06   2.50504296156035e+01
   1.05119067000000e+08   3.62138894161035e-06   2.49543538594890e+01
   1.49139204000000e+08   4.60792519152164e-03   2.49823759550261e+01
   1.49539206000000e+08  -1.05186597920692e-06   2.50784517111300e+01
   1.49939209000000e+08   2.03161994249967e-06   2.50304138330826e+01
   1.50339212000000e+08   1.92398397302895e-06   2.50544327721075e+01
   1.50739214000000e+08   2.50806192525488e-06   2.49023128249120e+01
   1.51139217000000e+08   2.31434751185589e-06   2.50904611806405e+01
   1.51539219000000e+08  -2.86322631382063e-07   2.49623601725000e+01
   1.51939222000000e+08   2.31219064517063e-06   2.49903822680362e+01
   1.52339225000000e+08   2.42297755903564e-06   2.49423443899722e+01
   1.52739227000000e+08   2.31220974455937e-06   2.50584359286114e+01
   1.53139230000000e+08   2.39350902120350e-06   2.50424233025953e+01
   1.53539232000000e+08  -4.44012641764857e-07   2.49183254509368e+01
   1.53939235000000e+08   3.35128038386756e-06   2.49863791115312e+01
   1.54339238000000e+08   2.22558901441516e-06   2.49743696420159e+01
   1.54739240000000e+08   2.56181829172419e-06   2.49983885810460e+01
   1.55139243000000e+08   1.44134480706271e-06   2.50264106765782e+01
   1.55539246000000e+08   1.46677024304154e-07   2.50664422416190e+01
   1.55939248000000e+08   3.13769942295039e-06   2.49623601725000e+01
   1.56339251000000e+08   2.08096867027052e-06   2.49583570159945e+01
   1.56739253000000e+08   1.96066571334086e-06   2.50023917375508e+01
   1.57139256000000e+08   1.35263701395161e-06   2.49863791115312e+01
   1.57539259000000e+08   1.51946323967422e-07   2.50063948940555e+01
   1.57939261000000e+08   3.14743647322757e-06   2.49143222944307e+01
   1.58339264000000e+08   1.97888448383310e-06   2.49863791115312e+01
   1.58739266000000e+08   2.09759923563979e-06   2.50063948940555e+01
   1.93896728000000e+08  -2.03774869441986e-03   2.50744485546264e+01
   1.94296731000000e+08   1.72071736415091e-07   2.49943854245411e+01
   1.94696734000000e+08   1.24436223813973e-06   2.50744485546264e+01
   1.95096736000000e+08   1.88991771210567e-06   2.50304138330826e+01
   1.95496739000000e+08   3.19346054311609e-06   2.49823759550261e+01
   1.95896741000000e+08  -9.46992997796769e-07   2.50424233025953e+01
   1.96296744000000e+08   1.83132067377301e-06   2.50144012070648e+01
   1.96696747000000e+08   6.26175619800051e-07   2.50023917375508e+01
   1.97096749000000e+08   4.31251055488246e-06   2.50264106765782e+01
   1.97496752000000e+08  -1.21764503546729e-06   2.49263317639489e+01
   1.97896754000000e+08   4.54014434581040e-06   2.50944643371439e+01
   1.98296757000000e+08  -8.42751433083322e-07   2.50224075200738e+01
   1.98696760000000e+08   2.44235752688837e-06   2.50544327721075e+01
   1.99096762000000e+08   1.56005592089059e-06   2.50224075200738e+01
   1.99496765000000e+08   2.16155740417889e-06   2.50864580241371e+01
   1.99896768000000e+08   2.33990749620716e-06   2.50424233025953e+01
   2.00296770000000e+08  -1.05082460777339e-06   2.50023917375508e+01
   2.00696773000000e+08   2.89104286821384e-06   2.50744485546264e+01
   2.01096775000000e+08   3.19444734486751e-06   2.51104769631567e+01
   2.01496778000000e+08   9.82880123956420e-07   2.50624390851152e+01
   2.01896781000000e+08   1.65643371019542e-06   2.50344169895869e+01
   2.02296783000000e+08   6.39487609532807e-07   2.50664422416190e+01
   2.02696786000000e+08   3.44406862495816e-06   2.49823759550261e+01
   2.03096789000000e+08   2.41389852817520e-06   2.50264106765782e+01
   2.03496791000000e+08   4.16969413663537e-07   2.49743696420159e+01
