   4.00003000000000e+05   1.55515090227709e-06   2.51585148411891e+01
   8.00005000000000e+05   1.43879537972680e-06   2.51905400932058e+01
   1.20000800000000e+06   1.54351153014431e-06   2.50063948940555e+01
   1.60001000000000e+06   1.40607028242812e-06   2.50744485546264e+01
   2.00001300000000e+06   1.49553829942306e-06   2.51024706501504e+01
   2.40001500000000e+06   1.83307827228418e-06   2.49743696420159e+01
   2.80001800000000e+06   1.96310838873615e-06   2.50624390851152e+01
   3.20002100000000e+06   2.07913399208337e-06   2.50184043635693e+01
   3.60002300000000e+06   1.92149559552490e-06   2.49663633290053e+01
   4.00002600000000e+06   2.13305270335695e-06   2.50824548676336e+01
   4.40002800000000e+06   2.36176401813282e-06   2.50224075200738e+01
   4.80003100000000e+06   2.42451596932369e-06   2.51144801196597e+01
   5.20003400000000e+06   2.54831320489757e-06   2.50063948940555e+01
   5.60003600000000e+06   2.36276264331536e-06   2.50344169895869e+01
   6.00003900000000e+06   2.57938927461510e-06   2.50624390851152e+01
   6.40004100000000e+06   2.51394840233843e-06   2.51344959021740e+01
   6.80004400000000e+06   2.50810148827441e-06   2.51264895891685e+01
   7.20004700000000e+06   2.68094504463079e-06   2.51545116846868e+01
   7.60004900000000e+06   2.53876692113408e-06   2.51064738066536e+01
   8.00005200000000e+06   2.58112436313240e-06   2.51144801196597e+01
   8.40005400000000e+06   2.18227046389075e-06   2.50904611806405e+01
   8.80005700000000e+06   1.97758527065162e-06   2.51064738066536e+01
   9.20005900000000e+06   2.18497666537587e-06   2.51024706501504e+01
   9.60006200000000e+06   1.85587407486310e-06   2.51024706501504e+01
   4.21458960000000e+07   1.51262807776220e-04   2.49783727985210e+01
   4.25458990000000e+07   9.84866801445605e-07   2.50664422416190e+01
   4.29459010000000e+07   9.20769196000037e-07   2.50224075200738e+01
   4.33459040000000e+07   1.01543344044330e-06   2.50023917375508e+01
   4.37459060000000e+07   8.33261424304510e-07   2.50464264590994e+01
   4.41459090000000e+07   1.25714871046512e-06   2.50103980505602e+01
   4.45459120000000e+07   1.63122115282022e-06   2.50624390851152e+01
   4.49459140000000e+07   1.73766250100016e-06   2.49503507029835e+01
   4.53459170000000e+07   1.78452341970115e-06   2.50984674936472e+01
   4.57459190000000e+07   1.78024208707939e-06   2.50544327721075e+01
   4.61459220000000e+07   1.84004352377087e-06   2.50384201460911e+01
   4.65459240000000e+07   2.10274470191507e-06   2.50464264590994e+01
   4.69459270000000e+07   1.99571150005795e-06   2.50864580241371e+01
   4.73459300000000e+07   2.17948513636657e-06   2.49823759550261e+01
   4.77459320000000e+07   2.00567160391074e-06   2.49663633290053e+01
   4.81459350000000e+07   2.19064986595185e-06   2.50304138330826e+01
   4.85459370000000e+07   2.31468766287435e-06   2.49503507029835e+01
   4.89459400000000e+07   2.37932749769243e-06   2.50424233025953e+01
   4.93459430000000e+07   2.41974271375511e-06   2.50704453981228e+01
   4.97459450000000e+07   2.44066404775367e-06   2.49783727985210e+01
   5.01459480000000e+07   2.41079851548420e-06   2.49943854245411e+01
   5.05459500000000e+07   2.51274195761653e-06   2.49823759550261e+01
   5.09459530000000e+07   2.38639222516213e-06   2.50864580241371e+01
   5.13459560000000e+07   2.52759446084383e-06   2.49863791115312e+01
   5.17459580000000e+07   2.42623241319961e-06   2.49943854245411e+01
   9.52191280000000e+07   1.78275295183994e-04   2.50704453981228e+01
   9.56191310000000e+07   2.34401090892788e-06   2.51184832761627e+01
   9.60191340000000e+07   2.43834551838518e-06   2.50184043635693e+01
   9.64191360000000e+07   2.12640838981315e-06   2.49703664855106e+01
   9.68191390000000e+07   2.13737439480610e-06   2.51505085281844e+01
   9.72191410000000e+07   2.09517497751222e-06   2.49823759550261e+01
   9.76191440000000e+07   2.05939409170242e-06   2.50544327721075e+01
   9.80191470000000e+07   2.10609414352803e-06   2.50664422416190e+01
   9.84191490000000e+07   1.83300653588958e-06   2.50904611806405e+01
   9.88191520000000e+07   1.85841884103866e-06   2.50103980505602e+01
   9.92191540000000e+07   1.86310467142903e-06   2.50704453981228e+01
   9.96191570000000e+07   1.70863154380640e-06   2.50304138330826e+01
   1.00019160000000e+08   1.90880882655620e-06   2.50704453981228e+01
   1.00419162000000e+08   1.58865884714032e-06   2.50984674936472e+01
   1.00819165000000e+08   1.65369101523538e-06   2.50904611806405e+01
   1.01219167000000e+08   1.66696941050759e-06   2.50144012070648e+01
   1.01619170000000e+08   1.55528550749295e-06   2.51184832761627e+01
   1.02019172000000e+08   1.80042820829840e-06   2.50624390851152e+01
   1.02419175000000e+08   2.44561283579969e-06   2.49583570159945e+01
   1.02819178000000e+08   2.71960016107187e-06   2.50504296156035e+01
   1.03219180000000e+08   2.70049304162967e-06   2.50584359286114e+01
   1.03619183000000e+08   2.64357663581904e-06   2.50904611806405e+01
   1.04019185000000e+08   2.77295634987240e-06   2.49663633290053e+01
   1.04419188000000e+08   2.22741891775513e-06   2.50344169895869e+01
   1.04819191000000e+08   2.21392951971211e-06   2.50424233025953e+01
   1.48427270000000e+08   2.11775201023556e-04   2.49903822680362e+01
   1.48827273000000e+08   1.88971284842410e-06   2.49343380769607e+01
   1.49227275000000e+08   2.25408643927949e-06   2.50144012070648e+01
   1.49627278000000e+08   1.71175122432032e-06   2.49743696420159e+01
   1.50027280000000e+08   2.14941223930509e-06   2.50344169895869e+01
   1.50427283000000e+08   1.52127768160426e-06   2.49823759550261e+01
   1.50827285000000e+08   1.33356479636859e-06   2.49863791115312e+01
   1.51227288000000e+08   1.71245551428001e-06   2.50704453981228e+01
   1.51627291000000e+08   1.20369782052876e-06   2.50824548676336e+01
   1.52027293000000e+08   1.61967136591556e-06   2.50624390851152e+01
   1.52427296000000e+08   1.63635456829070e-06   2.50504296156035e+01
   1.52827298000000e+08   1.56306168719311e-06   2.50063948940555e+01
   1.53227301000000e+08   1.99277633328165e-06   2.50023917375508e+01
   1.53627304000000e+08   1.39571864110621e-06   2.50144012070648e+01
   1.54027306000000e+08   1.92014545064012e-06   2.50384201460911e+01
   1.54427309000000e+08   1.71148110439390e-06   2.50664422416190e+01
   1.54827311000000e+08   1.49260529269668e-06   2.50664422416190e+01
   1.55227314000000e+08   1.89821332696738e-06   2.50264106765782e+01
   1.55627316000000e+08   1.37676181566349e-06   2.50103980505602e+01
   1.56027319000000e+08   1.90665241461829e-06   2.49183254509368e+01
   1.56427322000000e+08   2.00644876713341e-06   2.49983885810460e+01
   1.56827324000000e+08   1.88147237167868e-06   2.49783727985210e+01
   1.57227327000000e+08   2.41817588175763e-06   2.49983885810460e+01
   1.57627329000000e+08   1.88053149940970e-06   2.50103980505602e+01
   1.58027332000000e+08   2.22089488488564e-06   2.50103980505602e+01
   1.92958245000000e+08   1.53212633449584e-04   2.51104769631567e+01
   1.93358248000000e+08   1.92555103240011e-06   2.49543538594890e+01
   1.93758250000000e+08   1.70622774930962e-06   2.50584359286114e+01
   1.94158253000000e+08   1.62669050496334e-06   2.50664422416190e+01
   1.94558256000000e+08   1.30325520331098e-06   2.49743696420159e+01
   1.94958258000000e+08   1.14815702545457e-06   2.50504296156035e+01
   1.95358261000000e+08   1.31297622374404e-06   2.48983096684056e+01
   1.95758263000000e+08   1.19805247322802e-06   2.50544327721075e+01
   1.96158266000000e+08   1.33920855205361e-06   2.49423443899722e+01
   1.96558269000000e+08   1.88687056379422e-06   2.49903822680362e+01
   1.96958271000000e+08   1.58650493631285e-06   2.50384201460911e+01
   1.97358274000000e+08   1.93063010556216e-06   2.51384990586767e+01
   1.97758276000000e+08   1.71188594322302e-06   2.50704453981228e+01
   1.98158279000000e+08   1.82636324552732e-06   2.51024706501504e+01
   1.98558281000000e+08   1.91229287338501e-06   2.50784517111300e+01
   1.98958284000000e+08   1.80528024884552e-06   2.50384201460911e+01
   1.99358287000000e+08   2.01091916096630e-06   2.50304138330826e+01
   1.99758289000000e+08   1.87518492111849e-06   2.50624390851152e+01
   2.00158292000000e+08   1.94862968783127e-06   2.49943854245411e+01
   2.00558294000000e+08   2.26975271289120e-06   2.49903822680362e+01
   2.00958297000000e+08   1.95764755517303e-06   2.50264106765782e+01
   2.01358300000000e+08   2.20175775211828e-06   2.49663633290053e+01
   2.01758302000000e+08   2.13516545954917e-06   2.50424233025953e+01
   2.02158305000000e+08   1.78147536189499e-06   2.50984674936472e+01
   2.02558307000000e+08   1.47961202401348e-06   2.49663633290053e+01
