   4.00003000000000e+05   1.69290740359429e-06   2.49943854245411e+01
   8.00005000000000e+05   2.16037278732983e-06   2.49823759550261e+01
   1.20000800000000e+06   2.28345675168384e-06   2.49823759550261e+01
   1.60001000000000e+06   1.97405870494549e-06   2.49863791115312e+01
   2.00001300000000e+06   2.43287786361179e-06   2.51104769631567e+01
   2.40001600000000e+06   2.00867748390010e-06   2.49743696420159e+01
   2.80001800000000e+06   1.93959476746386e-06   2.50464264590994e+01
   3.20002100000000e+06   1.62540732162597e-06   2.49823759550261e+01
   3.60002300000000e+06   1.46133754697075e-06   2.50023917375508e+01
   4.00002600000000e+06   1.71720046182600e-06   2.50704453981228e+01
   4.40002900000000e+06   1.35254151700792e-06   2.52185621887171e+01
   4.80003100000000e+06   1.84801524483191e-06   2.50144012070648e+01
   5.20003400000000e+06   1.67612665791239e-06   2.49503507029835e+01
   5.60003600000000e+06   1.60959689310403e-06   2.50384201460911e+01
   6.00003900000000e+06   1.84781708867376e-06   2.50304138330826e+01
   6.40004200000000e+06   1.47404864492273e-06   2.49663633290053e+01
   6.80004400000000e+06   1.78616403445631e-06   2.50664422416190e+01
   7.20004700000000e+06   1.64674156621913e-06   2.50504296156035e+01
   7.60004900000000e+06   1.57424824465124e-06   2.50504296156035e+01
   8.00005200000000e+06   1.99179248738801e-06   2.51064738066536e+01
   8.40005400000000e+06   1.41387977237173e-06   2.50384201460911e+01
   8.80005700000000e+06   2.22518997361476e-06   2.50023917375508e+01
   9.20006000000000e+06   2.02647220248764e-06   2.50584359286114e+01
   9.60006200000000e+06   2.03341323867789e-06   2.49543538594890e+01
   4.21346020000000e+07  -2.07334919832647e-03   2.49983885810460e+01
   4.25346050000000e+07   6.89803528075572e-07   2.49743696420159e+01
   4.29346070000000e+07   2.60577667177131e-06   2.50304138330826e+01
   4.33346100000000e+07   1.47520984228322e-06   2.50704453981228e+01
   4.37346130000000e+07   3.01987165585160e-06   2.50103980505602e+01
   4.41346150000000e+07   1.61990487868025e-06   2.50184043635693e+01
   4.45346180000000e+07   8.83422615061136e-07   2.50664422416190e+01
   4.49346200000000e+07   2.45183491642820e-06   2.50224075200738e+01
   4.53346230000000e+07   1.42108820000431e-06   2.49023128249120e+01
   4.57346260000000e+07   2.80810627373285e-06   2.50103980505602e+01
   4.61346280000000e+07   1.50232096984837e-06   2.50063948940555e+01
   4.65346310000000e+07   7.05011416357593e-07   2.51425022151793e+01
   4.69346330000000e+07   2.45991896008491e-06   2.50224075200738e+01
   4.73346360000000e+07   1.44640171129140e-06   2.50664422416190e+01
   4.77346390000000e+07   2.66465826825879e-06   2.50063948940555e+01
   4.81346410000000e+07   1.48584274484165e-06   2.50264106765782e+01
   4.85346440000000e+07   8.08794197837415e-07   2.50824548676336e+01
   4.89346460000000e+07   2.57284000326763e-06   2.51104769631567e+01
   4.93346490000000e+07   1.86648787803279e-06   2.50624390851152e+01
   4.97346510000000e+07   2.80036010735785e-06   2.51024706501504e+01
   5.01346540000000e+07   1.72010345522722e-06   2.50784517111300e+01
   5.05346570000000e+07   1.25905512504687e-06   2.50624390851152e+01
   5.09346590000000e+07   2.45914930019353e-06   2.50023917375508e+01
   5.13346620000000e+07   1.64413211223291e-06   2.49983885810460e+01
   5.17346640000000e+07   2.64420509665797e-06   2.49023128249120e+01
   9.54229210000000e+07   4.65317489579320e-03   2.49383412334665e+01
   9.58229240000000e+07   2.58159025179339e-06   2.49343380769607e+01
   9.62229260000000e+07  -2.79772844891113e-08   2.49743696420159e+01
   9.66229290000000e+07   2.49064441959490e-06   2.50184043635693e+01
   9.70229310000000e+07   2.67697873823636e-06   2.49263317639489e+01
   9.74229340000000e+07   1.02763885934110e-06   2.50704453981228e+01
   9.78229360000000e+07   2.98940972243145e-06   2.51224864326656e+01
   9.82229390000000e+07   7.84264670983248e-07   2.50264106765782e+01
   9.86229420000000e+07   2.76212517746899e-06   2.51625179976914e+01
   9.90229440000000e+07   2.39337373386661e-06   2.51104769631567e+01
   9.94229470000000e+07   8.44087196583132e-07   2.51425022151793e+01
   9.98229490000000e+07   2.59111106970522e-06   2.49983885810460e+01
   1.00222952000000e+08   5.95130927649734e-07   2.49183254509368e+01
   1.00622955000000e+08   2.42980900111434e-06   2.51304927456713e+01
   1.01022957000000e+08   2.32551974477246e-06   2.49663633290053e+01
   1.01422960000000e+08   7.77733418999560e-07   2.49943854245411e+01
   1.01822962000000e+08   2.44167085838853e-06   2.50264106765782e+01
   1.02222965000000e+08   7.63759317123913e-07   2.50504296156035e+01
   1.02622968000000e+08   2.41300563175173e-06   2.49863791115312e+01
   1.03022970000000e+08   1.96329392565531e-06   2.49063159814183e+01
   1.03422973000000e+08   6.02739021360321e-07   2.50063948940555e+01
   1.03822975000000e+08   2.13808061744203e-06   2.49983885810460e+01
   1.04222978000000e+08   4.23559754381131e-07   2.48702875728593e+01
   1.04622981000000e+08   2.16557646126603e-06   2.49783727985210e+01
   1.05022983000000e+08   1.97030931303743e-06   2.49983885810460e+01
   1.48483355000000e+08  -4.25540003925562e-03   2.51425022151793e+01
   1.48883358000000e+08   7.58201053940866e-07   2.49703664855106e+01
   1.49283361000000e+08   1.90834384738992e-06   2.50184043635693e+01
   1.49683363000000e+08   2.21870905647847e-07   2.50063948940555e+01
   1.50083366000000e+08   2.10765620067832e-06   2.50304138330826e+01
   1.50483368000000e+08   3.59846444553114e-06   2.50103980505602e+01
   1.50883371000000e+08   5.42686336757470e-07   2.50144012070648e+01
   1.51283374000000e+08   1.85967132892983e-06   2.50584359286114e+01
   1.51683376000000e+08   2.11421848916871e-07   2.50584359286114e+01
   1.52083379000000e+08   2.14948590837594e-06   2.51425022151793e+01
   1.52483381000000e+08   3.25926430377876e-06   2.51425022151793e+01
   1.52883384000000e+08   6.32834826319595e-07   2.49983885810460e+01
   1.53283387000000e+08   1.91950016414921e-06   2.50544327721075e+01
   1.53683389000000e+08   4.59162322385964e-07   2.50103980505602e+01
   1.54083392000000e+08   2.29232955462066e-06   2.50384201460911e+01
   1.54483394000000e+08   3.22965888699400e-06   2.50063948940555e+01
   1.54883397000000e+08   5.35580909399869e-07   2.49943854245411e+01
   1.55283400000000e+08   1.75531386048533e-06   2.50344169895869e+01
   1.55683402000000e+08   3.71574230939586e-07   2.50904611806405e+01
   1.56083405000000e+08   2.33949526773358e-06   2.49783727985210e+01
   1.56483407000000e+08   2.90124080493115e-06   2.50584359286114e+01
   1.56883410000000e+08   6.82015354414034e-07   2.50704453981228e+01
   1.57283413000000e+08   1.85709905053955e-06   2.50264106765782e+01
   1.57683415000000e+08   7.55121789097757e-07   2.50864580241371e+01
   1.58083418000000e+08   2.41844395532098e-06   2.49943854245411e+01
   1.93220609000000e+08   2.39418749697506e-03   2.50464264590994e+01
   1.93620612000000e+08   2.00908402803179e-06   2.49783727985210e+01
   1.94020615000000e+08   1.60293711815029e-06   2.49583570159945e+01
   1.94420617000000e+08   9.74835870692914e-07   2.49423443899722e+01
   1.94820620000000e+08   3.41334111908509e-06   2.49063159814183e+01
   1.95220622000000e+08   1.42029671224009e-06   2.49903822680362e+01
   1.95620625000000e+08   1.96178552869242e-06   2.50304138330826e+01
   1.96020628000000e+08   1.81422012701660e-06   2.49983885810460e+01
   1.96420630000000e+08   1.02834144399822e-06   2.49903822680362e+01
   1.96820633000000e+08   3.33426396537106e-06   2.50344169895869e+01
   1.97220635000000e+08   1.18723278319521e-06   2.50304138330826e+01
   1.97620638000000e+08   1.98348243429791e-06   2.50984674936472e+01
   1.98020641000000e+08   1.48802166677342e-06   2.50464264590994e+01
   1.98420643000000e+08   1.21924961149489e-06   2.50424233025953e+01
   1.98820646000000e+08   2.79794517155096e-06   2.49983885810460e+01
   1.99220648000000e+08   9.91143110695702e-07   2.50304138330826e+01
   1.99620651000000e+08   1.53581333961483e-06   2.51104769631567e+01
   2.00020653000000e+08   1.29929287595587e-06   2.50184043635693e+01
   2.00420656000000e+08   8.56240774282924e-07   2.50304138330826e+01
   2.00820659000000e+08   2.82065207102278e-06   2.50184043635693e+01
   2.01220661000000e+08   1.26171471492853e-06   2.49183254509368e+01
   2.01620664000000e+08   2.06468348551425e-06   2.50264106765782e+01
   2.02020666000000e+08   1.64543507708004e-06   2.49863791115312e+01
   2.02420669000000e+08   1.41556938615395e-06   2.49943854245411e+01
   2.02820672000000e+08   2.89368063022266e-06   2.50184043635693e+01
