   4.00003000000000e+05   1.79635719632643e-06   2.50824548676336e+01
   8.00005000000000e+05   1.57654051236022e-06   2.49823759550261e+01
   1.20000800000000e+06   1.68611063600110e-06   2.49983885810460e+01
   1.60001100000000e+06   1.84356099452998e-06   2.49983885810460e+01
   2.00001300000000e+06   1.95684947357222e-06   2.50384201460911e+01
   2.40001600000000e+06   2.07285529540968e-06   2.49543538594890e+01
   2.80001800000000e+06   2.11468432098627e-06   2.49103191379245e+01
   3.20002100000000e+06   1.93651635527203e-06   2.49863791115312e+01
   3.60002400000000e+06   2.28810154112580e-06   2.50544327721075e+01
   4.00002600000000e+06   2.21333107219834e-06   2.50184043635693e+01
   4.40002900000000e+06   2.55553163697186e-06   2.50784517111300e+01
   4.80003100000000e+06   2.39515975408722e-06   2.49463475464779e+01
   5.20003400000000e+06   2.41549832935561e-06   2.51425022151793e+01
   5.60003700000000e+06   2.50882453656232e-06   2.50063948940555e+01
   6.00003900000000e+06   2.19496882891690e-06   2.49503507029835e+01
   6.40004200000000e+06   2.34397271015041e-06   2.49223286074429e+01
   6.80004400000000e+06   2.26936867875338e-06   2.49983885810460e+01
   7.20004700000000e+06   2.19398771150736e-06   2.49743696420159e+01
   7.60005000000000e+06   2.17754791265179e-06   2.50784517111300e+01
   8.00005200000000e+06   1.57381100507337e-06   2.50504296156035e+01
   8.40005500000000e+06   1.75485058662161e-06   2.49783727985210e+01
   8.80005700000000e+06   1.63416757459345e-06   2.50063948940555e+01
   9.20006000000000e+06   1.65619928793603e-06   2.50424233025953e+01
   9.60006300000000e+06   1.73243211065710e-06   2.50063948940555e+01
   4.21081670000000e+07   2.37317522987723e-03   2.49783727985210e+01
   4.25081690000000e+07   3.08425978801097e-06   2.51024706501504e+01
   4.29081720000000e+07   1.58438103881053e-06   2.50744485546264e+01
   4.33081740000000e+07   3.33934690388560e-06   2.50023917375508e+01
   4.37081770000000e+07   1.78965285613231e-06   2.50304138330826e+01
   4.41081800000000e+07   9.11414645088371e-07   2.51184832761627e+01
   4.45081820000000e+07   3.04337959278200e-06   2.49943854245411e+01
   4.49081850000000e+07   1.64113362188800e-06   2.50464264590994e+01
   4.53081870000000e+07   3.21617949339270e-06   2.50144012070648e+01
   4.57081900000000e+07   1.45006004004244e-06   2.50704453981228e+01
   4.61081930000000e+07   3.68975122455595e-07   2.50704453981228e+01
   4.65081950000000e+07   2.34947492572246e-06   2.50944643371439e+01
   4.69081980000000e+07   1.05313233689230e-06   2.49703664855106e+01
   4.73082000000000e+07   2.55614190791675e-06   2.50224075200738e+01
   4.77082030000000e+07   1.36902417580131e-06   2.49983885810460e+01
   4.81082060000000e+07   9.60681745709735e-07   2.50023917375508e+01
   4.85082080000000e+07   2.78772631645552e-06   2.49743696420159e+01
   4.89082110000000e+07   1.55255634126661e-06   2.49623601725000e+01
   4.93082130000000e+07   2.99642601930827e-06   2.50304138330826e+01
   4.97082160000000e+07   1.66734412232472e-06   2.50103980505602e+01
   5.01082190000000e+07   1.25824135466246e-06   2.49583570159945e+01
   5.05082210000000e+07   2.88492151412356e-06   2.49903822680362e+01
   5.09082240000000e+07   1.72734644365846e-06   2.51024706501504e+01
   5.13082260000000e+07   3.03709407489805e-06   2.50103980505602e+01
   5.17082290000000e+07   1.38954442263639e-06   2.50504296156035e+01
   9.54528880000000e+07  -4.26412373781204e-03   2.50464264590994e+01
   9.58528910000000e+07   3.21704169436998e-06   2.50264106765782e+01
   9.62528930000000e+07   3.26869007949426e-06   2.50424233025953e+01
   9.66528960000000e+07   2.08942492463393e-06   2.50464264590994e+01
   9.70528980000000e+07   1.22566018490033e-06   2.50864580241371e+01
   9.74529010000000e+07   6.98300709700561e-07   2.51104769631567e+01
   9.78529040000000e+07   2.95582276521600e-06   2.51064738066536e+01
   9.82529060000000e+07   3.10604013975535e-06   2.50144012070648e+01
   9.86529090000000e+07   1.87414843821898e-06   2.50864580241371e+01
   9.90529110000000e+07   1.00392412605288e-06   2.50464264590994e+01
   9.94529140000000e+07   5.40264352366648e-07   2.50264106765782e+01
   9.98529170000000e+07   2.86187059828080e-06   2.49703664855106e+01
   1.00252919000000e+08   2.85309374703502e-06   2.49903822680362e+01
   1.00652922000000e+08   1.63160211741342e-06   2.49463475464779e+01
   1.01052924000000e+08   9.90059106698027e-07   2.49383412334665e+01
   1.01452927000000e+08   6.25414884325437e-07   2.49503507029835e+01
   1.01852930000000e+08   2.90208595288277e-06   2.49063159814183e+01
   1.02252932000000e+08   2.94219398710993e-06   2.49303349204548e+01
   1.02652935000000e+08   1.89866113942116e-06   2.50023917375508e+01
   1.03052937000000e+08   1.21525249596743e-06   2.49703664855106e+01
   1.03452940000000e+08   9.17229897368088e-07   2.49103191379245e+01
   1.03852943000000e+08   2.78866582448245e-06   2.49583570159945e+01
   1.04252945000000e+08   2.77420053862443e-06   2.50184043635693e+01
   1.04652948000000e+08   1.68880308137886e-06   2.49783727985210e+01
   1.05052950000000e+08   1.11617623588245e-06   2.49943854245411e+01
   1.48523984000000e+08   4.65965084731579e-03   2.48863001988861e+01
   1.48923986000000e+08   3.38921586262586e-06   2.50544327721075e+01
   1.49323989000000e+08   7.67103642829170e-08   2.50704453981228e+01
   1.49723992000000e+08   2.79025130112132e-06   2.49983885810460e+01
   1.50123994000000e+08   1.14266333639534e-06   2.49783727985210e+01
   1.50523997000000e+08   1.15453997295845e-06   2.49863791115312e+01
   1.50923999000000e+08   2.73950422524649e-06   2.50504296156035e+01
   1.51324002000000e+08  -4.47810066361853e-07   2.50304138330826e+01
   1.51724005000000e+08   2.58816407949780e-06   2.49583570159945e+01
   1.52124007000000e+08   1.33357184495253e-06   2.49863791115312e+01
   1.52524010000000e+08   1.27222824630735e-06   2.50464264590994e+01
   1.52924012000000e+08   2.82537439488806e-06   2.49103191379245e+01
   1.53324015000000e+08  -1.69172579944643e-07   2.49663633290053e+01
   1.53724017000000e+08   2.79827645499608e-06   2.51144801196597e+01
   1.54124020000000e+08   1.45266653817089e-06   2.50144012070648e+01
   1.54524023000000e+08   1.63107335993118e-06   2.49983885810460e+01
   1.54924025000000e+08   3.01032082461461e-06   2.50023917375508e+01
   1.55324028000000e+08   2.19716312699347e-07   2.51024706501504e+01
   1.55724030000000e+08   2.80466042568150e-06   2.50304138330826e+01
   1.56124033000000e+08   1.51315362018067e-06   2.50224075200738e+01
   1.56524036000000e+08   1.51079188981385e-06   2.50824548676336e+01
   1.56924038000000e+08   2.87841930912691e-06   2.50704453981228e+01
   1.57324041000000e+08   1.90700632174412e-07   2.50784517111300e+01
   1.57724043000000e+08   2.97237761515134e-06   2.51905400932058e+01
   1.58124046000000e+08   1.71892190792278e-06   2.50624390851152e+01
   1.93180526000000e+08  -2.06671259365976e-03   2.49583570159945e+01
   1.93580529000000e+08   4.11249448006856e-06   2.49663633290053e+01
   1.93980531000000e+08   9.12760299343063e-07   2.49463475464779e+01
   1.94380534000000e+08   2.20118590732454e-06   2.50144012070648e+01
   1.94780537000000e+08   1.15151476620667e-06   2.50224075200738e+01
   1.95180539000000e+08   1.80139613803476e-06   2.50103980505602e+01
   1.95580542000000e+08   3.43139367942058e-06   2.49943854245411e+01
   1.95980544000000e+08   3.84730412861245e-07   2.51184832761627e+01
   1.96380547000000e+08   1.76384457972745e-06   2.50864580241371e+01
   1.96780550000000e+08   8.16365911759931e-07   2.50744485546264e+01
   1.97180552000000e+08   1.26180691495392e-06   2.50304138330826e+01
   1.97580555000000e+08   3.00814508591429e-06   2.50664422416190e+01
   1.97980557000000e+08   3.60265431709195e-07   2.50504296156035e+01
   1.98380560000000e+08   1.74552371845493e-06   2.50304138330826e+01
   1.98780563000000e+08   6.44956230644311e-07   2.49583570159945e+01
   1.99180565000000e+08   1.25846781884320e-06   2.50584359286114e+01
   1.99580568000000e+08   2.88332103082212e-06   2.49543538594890e+01
   1.99980570000000e+08   5.85982888878789e-07   2.49903822680362e+01
   2.00380573000000e+08   1.86587112693815e-06   2.49543538594890e+01
   2.00780576000000e+08   1.06147740552842e-06   2.50504296156035e+01
   2.01180578000000e+08   1.53314203998889e-06   2.49503507029835e+01
   2.01580581000000e+08   2.91647597805422e-06   2.49583570159945e+01
   2.01980583000000e+08   5.07231447954837e-07   2.50464264590994e+01
   2.02380586000000e+08   1.79429036961665e-06   2.48662844163524e+01
   2.02780589000000e+08   8.73270323609177e-07   2.49503507029835e+01
