   4.00003000000000e+05   1.75106185906770e-06   2.50023917375508e+01
   8.00006000000000e+05   1.90973241842585e-06   2.50103980505602e+01
   1.20000800000000e+06   1.56697808506578e-06   2.50304138330826e+01
   1.60001100000000e+06   1.75129810031649e-06   2.50384201460911e+01
   2.00001300000000e+06   1.43649094752618e-06   2.49703664855106e+01
   2.40001600000000e+06   1.32122920604161e-06   2.51104769631567e+01
   2.80001900000000e+06   1.65229778303910e-06   2.50264106765782e+01
   3.20002100000000e+06   1.23413883557077e-06   2.50784517111300e+01
   3.60002400000000e+06   1.80938434368727e-06   2.50304138330826e+01
   4.00002700000000e+06   1.64505684097094e-06   2.50504296156035e+01
   4.40002900000000e+06   1.60801005222311e-06   2.50824548676336e+01
   4.80003200000000e+06   1.97065651263983e-06   2.50424233025953e+01
   5.20003400000000e+06   1.40897941491858e-06   2.50344169895869e+01
   5.60003700000000e+06   2.18493460124591e-06   2.50544327721075e+01
   6.00004000000000e+06   1.75858770035120e-06   2.49743696420159e+01
   6.40004200000000e+06   2.00311683329346e-06   2.48983096684056e+01
   6.80004500000000e+06   2.05955939236446e-06   2.51264895891685e+01
   7.20004800000000e+06   1.79494111307577e-06   2.49663633290053e+01
   7.60005000000000e+06   2.18572540688911e-06   2.50344169895869e+01
   8.00005300000000e+06   1.86760132692143e-06   2.49743696420159e+01
   8.40005500000000e+06   1.96500968741020e-06   2.50504296156035e+01
   8.80005800000000e+06   2.20120477933961e-06   2.50184043635693e+01
   9.20006100000000e+06   1.71738849985559e-06   2.49903822680362e+01
   9.60006300000000e+06   2.08340770768700e-06   2.50864580241371e+01
   4.21030380000000e+07   2.34153703786433e-03   2.50023917375508e+01
   4.25030410000000e+07   1.14202703116462e-06   2.49343380769607e+01
   4.29030440000000e+07   1.11483279852109e-06   2.49183254509368e+01
   4.33030460000000e+07   2.57189469721197e-07   2.49903822680362e+01
   4.37030490000000e+07   1.27896396406868e-06   2.49663633290053e+01
   4.41030520000000e+07   4.61546824226389e-06   2.51184832761627e+01
   4.45030540000000e+07   6.85163797697896e-07   2.49583570159945e+01
   4.49030570000000e+07   1.07388791548146e-06   2.49223286074429e+01
   4.53030590000000e+07   8.08814661468205e-07   2.50984674936472e+01
   4.57030620000000e+07   1.91447497854824e-06   2.51224864326656e+01
   4.61030650000000e+07   4.14164833273389e-06   2.50344169895869e+01
   4.65030670000000e+07  -1.40296478434720e-07   2.49663633290053e+01
   4.69030700000000e+07   1.12245982109016e-06   2.50424233025953e+01
   4.73030730000000e+07   1.10675921405345e-06   2.50304138330826e+01
   4.77030750000000e+07   2.63092852037516e-06   2.49903822680362e+01
   4.81030780000000e+07   3.65554910786159e-06   2.51024706501504e+01
   4.85030800000000e+07  -6.04919208058163e-08   2.49863791115312e+01
   4.89030830000000e+07   1.76144146735169e-06   2.49743696420159e+01
   4.93030860000000e+07   1.83162535449810e-06   2.49863791115312e+01
   4.97030880000000e+07   2.69334555014211e-06   2.50904611806405e+01
   5.01030910000000e+07   3.00020792565192e-06   2.50344169895869e+01
   5.05030940000000e+07  -5.05772277392680e-07   2.49543538594890e+01
   5.09030960000000e+07   2.08237111110066e-06   2.49903822680362e+01
   5.13030990000000e+07   1.97484723685193e-06   2.50144012070648e+01
   5.17031010000000e+07   2.79789355772664e-06   2.49823759550261e+01
   9.53043760000000e+07  -4.17484855279326e-03   2.49183254509368e+01
   9.57043780000000e+07  -1.52973697709058e-07   2.49983885810460e+01
   9.61043810000000e+07   2.25267967834952e-06   2.50063948940555e+01
   9.65043840000000e+07   3.33428806698066e-06   2.50224075200738e+01
   9.69043860000000e+07   2.28266685553535e-06   2.51184832761627e+01
   9.73043890000000e+07   3.89187533755830e-07   2.49983885810460e+01
   9.77043920000000e+07   4.75469363436787e-07   2.50224075200738e+01
   9.81043940000000e+07   2.86750218947418e-06   2.50704453981228e+01
   9.85043970000000e+07   3.33793809659255e-06   2.50944643371439e+01
   9.89043990000000e+07   2.07510333893879e-06   2.49863791115312e+01
   9.93044020000000e+07   2.96012643730137e-07   2.49463475464779e+01
   9.97044050000000e+07   1.24242876609060e-06   2.50304138330826e+01
   1.00104407000000e+08   3.79583798348904e-06   2.51264895891685e+01
   1.00504410000000e+08   3.18474030791549e-06   2.49583570159945e+01
   1.00904413000000e+08   1.42461851737608e-06   2.49423443899722e+01
   1.01304415000000e+08   4.76066702503886e-07   2.49823759550261e+01
   1.01704418000000e+08   2.03662943931704e-06   2.49823759550261e+01
   1.02104421000000e+08   3.63291383109754e-06   2.49183254509368e+01
   1.02504423000000e+08   2.15428508454352e-06   2.50224075200738e+01
   1.02904426000000e+08   9.73737314780010e-07   2.49303349204548e+01
   1.03304428000000e+08   7.32288242488721e-07   2.50224075200738e+01
   1.03704431000000e+08   2.85217106466007e-06   2.50744485546264e+01
   1.04104434000000e+08   3.44205341207271e-06   2.49503507029835e+01
   1.04504436000000e+08   1.88769058695470e-06   2.49343380769607e+01
   1.04904439000000e+08   1.01487387382804e-06   2.50023917375508e+01
   1.48877830000000e+08   4.57595055922866e-03   2.49943854245411e+01
   1.49277832000000e+08   1.50807829868427e-06   2.51264895891685e+01
   1.49677835000000e+08   7.89985904248169e-07   2.50824548676336e+01
   1.50077838000000e+08  -1.45880179047708e-07   2.50824548676336e+01
   1.50477840000000e+08   4.25512098445324e-06   2.50103980505602e+01
   1.50877843000000e+08   2.98155578093429e-06   2.51505085281844e+01
   1.51277845000000e+08   1.08752840333182e-06   2.51104769631567e+01
   1.51677848000000e+08   8.77637262419739e-07   2.50264106765782e+01
   1.52077851000000e+08   6.05233651640447e-07   2.49983885810460e+01
   1.52477853000000e+08   4.62276693724561e-06   2.49063159814183e+01
   1.52877856000000e+08   1.85897351911990e-06   2.50184043635693e+01
   1.53277859000000e+08   6.84299379827280e-07   2.49343380769607e+01
   1.53677861000000e+08   1.03604872947471e-06   2.48983096684056e+01
   1.54077864000000e+08   1.67613848134351e-06   2.49023128249120e+01
   1.54477867000000e+08   4.25879579779576e-06   2.49263317639489e+01
   1.54877869000000e+08   1.41344514759112e-06   2.48462686338171e+01
   1.55277872000000e+08   7.54035113459395e-07   2.49063159814183e+01
   1.55677874000000e+08   1.63356116900104e-06   2.48863001988861e+01
   1.56077877000000e+08   2.12103532248875e-06   2.50424233025953e+01
   1.56477880000000e+08   4.26801625508233e-06   2.50744485546264e+01
   1.56877882000000e+08   7.88576869581448e-07   2.50704453981228e+01
   1.57277885000000e+08   8.48135812248074e-07   2.50664422416190e+01
   1.57677888000000e+08   1.62994558650098e-06   2.50824548676336e+01
   1.58077890000000e+08   2.46285162575077e-06   2.50304138330826e+01
   1.58477893000000e+08   3.35098025061598e-06   2.50944643371439e+01
   1.93499696000000e+08  -2.02750018797815e-03   2.50464264590994e+01
   1.93899699000000e+08   2.80252106676926e-06   2.49223286074429e+01
   1.94299701000000e+08   1.72182706137392e-06   2.50304138330826e+01
   1.94699704000000e+08   1.61606317305996e-06   2.49623601725000e+01
   1.95099707000000e+08   1.63894583238289e-06   2.49343380769607e+01
   1.95499709000000e+08   2.54121459875023e-06   2.50304138330826e+01
   1.95899712000000e+08   2.51257779382286e-06   2.49623601725000e+01
   1.96299714000000e+08   1.43269039654115e-06   2.49863791115312e+01
   1.96699717000000e+08   1.47270702655078e-06   2.49423443899722e+01
   1.97099720000000e+08   1.85533247076819e-06   2.49583570159945e+01
   1.97499722000000e+08   2.47048501478275e-06   2.49423443899722e+01
   1.97899725000000e+08   2.23421534428780e-06   2.50624390851152e+01
   1.98299728000000e+08   1.18631351142540e-06   2.50424233025953e+01
   1.98699730000000e+08   1.64140647029853e-06   2.49383412334665e+01
   1.99099733000000e+08   1.98230941350630e-06   2.49623601725000e+01
   1.99499735000000e+08   2.46974013862200e-06   2.50063948940555e+01
   1.99899738000000e+08   1.98248744709417e-06   2.50624390851152e+01
   2.00299741000000e+08   1.24242774290906e-06   2.50784517111300e+01
   2.00699743000000e+08   1.92970333046105e-06   2.50704453981228e+01
   2.01099746000000e+08   2.11232395486149e-06   2.50424233025953e+01
   2.01499749000000e+08   2.32749630413309e-06   2.49823759550261e+01
   2.01899751000000e+08   1.69780173564504e-06   2.49943854245411e+01
   2.02299754000000e+08   1.15805016775994e-06   2.50304138330826e+01
   2.02699757000000e+08   2.11355290957727e-06   2.50384201460911e+01
   2.03099759000000e+08   2.07600533030927e-06   2.50544327721075e+01
