   4.00002000000000e+05   1.89968602626323e-06   2.50824548676336e+01
   8.00005000000000e+05   1.71680630955962e-06   2.49823759550261e+01
   1.20000800000000e+06   1.71834017237416e-06   2.49863791115312e+01
   1.60001000000000e+06   1.62477897447388e-06   2.50184043635693e+01
   2.00001300000000e+06   1.40347515298345e-06   2.49823759550261e+01
   2.40001500000000e+06   1.57552369728364e-06   2.49943854245411e+01
   2.80001800000000e+06   1.43417150866298e-06   2.50023917375508e+01
   3.20002000000000e+06   1.45051023991982e-06   2.50344169895869e+01
   3.60002300000000e+06   1.23067309232283e-06   2.50144012070648e+01
   4.00002600000000e+06   9.28254053178534e-07   2.50023917375508e+01
   4.40002800000000e+06   1.21572770694911e-06   2.49903822680362e+01
   4.80003100000000e+06   1.01650698525191e-06   2.49583570159945e+01
   5.20003300000000e+06   1.05833066754712e-06   2.51144801196597e+01
   5.60003600000000e+06   1.57258148192341e-06   2.50063948940555e+01
   6.00003900000000e+06   1.47281264162302e-06   2.50544327721075e+01
   6.40004100000000e+06   1.59430703661201e-06   2.50624390851152e+01
   6.80004400000000e+06   1.47287289564701e-06   2.50744485546264e+01
   7.20004600000000e+06   1.61601440140657e-06   2.50584359286114e+01
   7.60004900000000e+06   1.60562979090173e-06   2.50304138330826e+01
   8.00005200000000e+06   1.58452905907325e-06   2.50184043635693e+01
   8.40005400000000e+06   1.56501346282312e-06   2.51344959021740e+01
   8.80005700000000e+06   1.72051875324541e-06   2.50384201460911e+01
   9.20005900000000e+06   1.58808597916504e-06   2.50664422416190e+01
   9.60006200000000e+06   1.91134040505858e-06   2.50023917375508e+01
   4.22500590000000e+07  -2.07554944790900e-03   2.49823759550261e+01
   4.26500610000000e+07   5.08198013449146e-07   2.49263317639489e+01
   4.30500640000000e+07   1.50648497765360e-06   2.49823759550261e+01
   4.34500670000000e+07   2.25668145503732e-06   2.51184832761627e+01
   4.38500690000000e+07   2.08020037462120e-06   2.50704453981228e+01
   4.42500720000000e+07   2.93257312478090e-06   2.50344169895869e+01
   4.46500740000000e+07   1.19042408641690e-06   2.50023917375508e+01
   4.50500770000000e+07   1.85331907687214e-06   2.50824548676336e+01
   4.54500790000000e+07   2.33915488934144e-06   2.50944643371439e+01
   4.58500820000000e+07   1.83916404239426e-06   2.51144801196597e+01
   4.62500850000000e+07   2.74651301879203e-06   2.50784517111300e+01
   4.66500870000000e+07   9.87798330243095e-07   2.50103980505602e+01
   4.70500900000000e+07   1.66338850249304e-06   2.50544327721075e+01
   4.74500920000000e+07   2.05928949981171e-06   2.51425022151793e+01
   4.78500950000000e+07   1.55807151713816e-06   2.49703664855106e+01
   4.82500980000000e+07   2.13400790016749e-06   2.50103980505602e+01
   4.86501000000000e+07   7.07243088982068e-07   2.50304138330826e+01
   4.90501030000000e+07   1.38949849315395e-06   2.50464264590994e+01
   4.94501050000000e+07   2.25918279284087e-06   2.50224075200738e+01
   4.98501080000000e+07   2.10726852856169e-06   2.50063948940555e+01
   5.02501110000000e+07   2.89911895379191e-06   2.49823759550261e+01
   5.06501130000000e+07   1.18216257760650e-06   2.49823759550261e+01
   5.10501160000000e+07   2.10594316740753e-06   2.50344169895869e+01
   5.14501180000000e+07   2.30655177801964e-06   2.50384201460911e+01
   5.18501210000000e+07   2.05803416974959e-06   2.49823759550261e+01
   9.54502650000000e+07   4.65487455949187e-03   2.49903822680362e+01
   9.58502680000000e+07   2.46219542532344e-06   2.50464264590994e+01
   9.62502700000000e+07   1.38569862428994e-06   2.50544327721075e+01
   9.66502730000000e+07   1.54597694290715e-06   2.50984674936472e+01
   9.70502750000000e+07   2.97669703286374e-06   2.50904611806405e+01
   9.74502780000000e+07   1.17008447375611e-07   2.50424233025953e+01
   9.78502810000000e+07   2.53146572504193e-06   2.50584359286114e+01
   9.82502830000000e+07   1.40077668220329e-06   2.51264895891685e+01
   9.86502860000000e+07   1.64395953561325e-06   2.51384990586767e+01
   9.90502880000000e+07   3.00149258691818e-06   2.49983885810460e+01
   9.94502910000000e+07   6.92984087891091e-07   2.50103980505602e+01
   9.98502940000000e+07   3.36431594405440e-06   2.49903822680362e+01
   1.00250296000000e+08   2.28954695558059e-06   2.50184043635693e+01
   1.00650299000000e+08   2.81042161986989e-06   2.50864580241371e+01
   1.01050301000000e+08   3.63906656275503e-06   2.49503507029835e+01
   1.01450304000000e+08   1.04846697013272e-06   2.50624390851152e+01
   1.01850307000000e+08   2.90182128992456e-06   2.50103980505602e+01
   1.02250309000000e+08   1.90193566140806e-06   2.50384201460911e+01
   1.02650312000000e+08   2.17882325159735e-06   2.49943854245411e+01
   1.03050314000000e+08   3.13626765091612e-06   2.51505085281844e+01
   1.03450317000000e+08   8.01864189270418e-07   2.49903822680362e+01
   1.03850320000000e+08   2.64084042100876e-06   2.49983885810460e+01
   1.04250322000000e+08   1.59583635195304e-06   2.50584359286114e+01
   1.04650325000000e+08   1.96687483366986e-06   2.50824548676336e+01
   1.05050327000000e+08   2.89649665319303e-06   2.50464264590994e+01
   1.48650955000000e+08  -4.26534982398152e-03   2.50584359286114e+01
   1.49050957000000e+08   1.49177549246815e-06   2.49583570159945e+01
   1.49450960000000e+08   1.55054601691518e-06   2.50424233025953e+01
   1.49850963000000e+08   7.97994687218306e-07   2.50544327721075e+01
   1.50250965000000e+08   9.98866084955807e-07   2.50424233025953e+01
   1.50650968000000e+08   2.75911497737980e-06   2.50944643371439e+01
   1.51050970000000e+08   1.74846127265482e-06   2.50264106765782e+01
   1.51450973000000e+08   1.79533958544198e-06   2.50464264590994e+01
   1.51850975000000e+08   1.33127127810440e-06   2.50824548676336e+01
   1.52250978000000e+08   1.49373329350055e-06   2.50784517111300e+01
   1.52650981000000e+08   3.05277103507251e-06   2.51344959021740e+01
   1.53050983000000e+08   1.97479675989598e-06   2.51665211541937e+01
   1.53450986000000e+08   2.23253391595790e-06   2.50824548676336e+01
   1.53850988000000e+08   1.63561048793781e-06   2.50424233025953e+01
   1.54250991000000e+08   1.79171195213712e-06   2.51745274671980e+01
   1.54650994000000e+08   3.26557096741453e-06   2.51465053716819e+01
   1.55050996000000e+08   2.30257410294143e-06   2.50904611806405e+01
   1.55450999000000e+08   2.29445663535444e-06   2.51184832761627e+01
   1.55851001000000e+08   1.64559105542139e-06   2.50384201460911e+01
   1.56251004000000e+08   1.85627845894487e-06   2.50264106765782e+01
   1.56651007000000e+08   3.25572318615741e-06   2.50584359286114e+01
   1.57051009000000e+08   2.15702198147483e-06   2.50784517111300e+01
   1.57451012000000e+08   2.04592538466386e-06   2.50384201460911e+01
   1.57851014000000e+08   1.05573064956843e-06   2.50744485546264e+01
   1.58251017000000e+08   1.38778671043838e-06   2.49623601725000e+01
   1.93377149000000e+08   2.39586248062551e-03   2.49663633290053e+01
   1.93777151000000e+08   1.69966176599701e-06   2.50063948940555e+01
   1.94177154000000e+08   3.31306478074112e-06   2.50904611806405e+01
   1.94577157000000e+08  -4.40742908836000e-08   2.50784517111300e+01
   1.94977159000000e+08   2.06638424060657e-06   2.50704453981228e+01
   1.95377162000000e+08   1.21102357297787e-06   2.50784517111300e+01
   1.95777164000000e+08   1.55703048676514e-06   2.51425022151793e+01
   1.96177167000000e+08   3.07667323795613e-06   2.50504296156035e+01
   1.96577170000000e+08   1.95674289216186e-07   2.50944643371439e+01
   1.96977172000000e+08   2.22371454583481e-06   2.50944643371439e+01
   1.97377175000000e+08   8.41699943521235e-07   2.50103980505602e+01
   1.97777177000000e+08   1.42438750572182e-06   2.50824548676336e+01
   1.98177180000000e+08   2.68306371253857e-06   2.49943854245411e+01
   1.98577183000000e+08  -6.73697257980166e-08   2.49623601725000e+01
   1.98977185000000e+08   1.62693902439059e-06   2.50063948940555e+01
   1.99377188000000e+08   5.95865344621416e-07   2.49023128249120e+01
   1.99777190000000e+08   8.70060091529012e-07   2.49503507029835e+01
   2.00177193000000e+08   1.84933708169410e-06   2.48702875728593e+01
   2.00577196000000e+08  -5.92437515933852e-07   2.48422654773099e+01
   2.00977198000000e+08   1.23539439300657e-06   2.49543538594890e+01
   2.01377201000000e+08   3.67562080327843e-07   2.49543538594890e+01
   2.01777203000000e+08   1.30916555463045e-06   2.49303349204548e+01
   2.02177206000000e+08   2.31088506552624e-06   2.50264106765782e+01
   2.02577209000000e+08   1.87797041917293e-07   2.50144012070648e+01
   2.02977211000000e+08   1.64671405400441e-06   2.50144012070648e+01
