   4.00002000000000e+05   1.66687073033245e-06   2.49983885810460e+01
   8.00005000000000e+05   1.67849850640778e-06   2.49903822680362e+01
   1.20000700000000e+06   1.84039186024165e-06   2.50504296156035e+01
   1.60001000000000e+06   1.74471256286779e-06   2.50864580241371e+01
   2.00001300000000e+06   1.73885939602769e-06   2.49503507029835e+01
   2.40001500000000e+06   2.08377855415165e-06   2.50063948940555e+01
   2.80001800000000e+06   1.49197069276852e-06   2.50544327721075e+01
   3.20002100000000e+06   1.83375254891871e-06   2.50023917375508e+01
   3.60002300000000e+06   1.67910957316053e-06   2.50063948940555e+01
   4.00002600000000e+06   1.73494845512323e-06   2.49503507029835e+01
   4.40002800000000e+06   1.63861716373503e-06   2.50144012070648e+01
   4.80003100000000e+06   1.68826773006003e-06   2.49863791115312e+01
   5.20003400000000e+06   1.93730284081539e-06   2.50624390851152e+01
   5.60003600000000e+06   1.73766943589726e-06   2.50544327721075e+01
   6.00003900000000e+06   1.72478246440733e-06   2.50184043635693e+01
   6.40004200000000e+06   1.97869644580351e-06   2.50624390851152e+01
   6.80004400000000e+06   1.79276116796245e-06   2.50544327721075e+01
   7.20004700000000e+06   1.93221831068513e-06   2.50023917375508e+01
   7.60004900000000e+06   1.84706209438446e-06   2.49343380769607e+01
   8.00005200000000e+06   1.94941685549566e-06   2.49783727985210e+01
   8.40005500000000e+06   1.94492145055847e-06   2.50224075200738e+01
   8.80005700000000e+06   1.77677634383144e-06   2.49743696420159e+01
   9.20006000000000e+06   2.06737058761064e-06   2.49503507029835e+01
   9.60006300000000e+06   1.92950437849504e-06   2.50624390851152e+01
   4.23339520000000e+07   2.33736238442361e-03   2.50984674936472e+01
   4.27339540000000e+07   2.76229025075736e-06   2.50264106765782e+01
   4.31339570000000e+07   7.88350291713869e-07   2.50144012070648e+01
   4.35339600000000e+07   2.37616814047215e-06   2.50424233025953e+01
   4.39339620000000e+07   1.15300588277023e-06   2.51224864326656e+01
   4.43339650000000e+07   2.28860108109075e-06   2.51224864326656e+01
   4.47339680000000e+07   2.47041316470131e-06   2.50824548676336e+01
   4.51339700000000e+07   6.92969365445606e-07   2.50704453981228e+01
   4.55339730000000e+07   2.61627587860858e-06   2.49423443899722e+01
   4.59339750000000e+07   1.02353988040704e-06   2.50464264590994e+01
   4.63339780000000e+07   2.64688742390717e-06   2.49943854245411e+01
   4.67339810000000e+07   2.06160325433302e-06   2.49983885810460e+01
   4.71339830000000e+07   8.49631874189072e-07   2.50103980505602e+01
   4.75339860000000e+07   2.37131735048024e-06   2.49503507029835e+01
   4.79339890000000e+07   1.08684344013454e-06   2.50184043635693e+01
   4.83339910000000e+07   2.51011761065456e-06   2.49543538594890e+01
   4.87339940000000e+07   1.74323690771416e-06   2.49143222944307e+01
   4.91339960000000e+07   1.13533894818829e-06   2.49103191379245e+01
   4.95339990000000e+07   2.86275167127314e-06   2.49303349204548e+01
   4.99340020000000e+07   1.40528595693468e-06   2.50023917375508e+01
   5.03340040000000e+07   2.83239046439121e-06   2.50384201460911e+01
   5.07340070000000e+07   1.71407339166763e-06   2.50664422416190e+01
   5.11340100000000e+07   1.24571693049802e-06   2.49583570159945e+01
   5.15340120000000e+07   2.67080577032175e-06   2.50584359286114e+01
   5.19340150000000e+07   1.25138490147947e-06   2.50424233025953e+01
   9.54091890000000e+07  -4.17499989271164e-03   2.49703664855106e+01
   9.58091920000000e+07   2.32542879530229e-06   2.49903822680362e+01
   9.62091940000000e+07   1.31424110350054e-06   2.49063159814183e+01
   9.66091970000000e+07   2.67407335741154e-06   2.49903822680362e+01
   9.70092000000000e+07   1.07024254702992e-06   2.49903822680362e+01
   9.74092020000000e+07   2.06146523851203e-06   2.50063948940555e+01
   9.78092050000000e+07   2.14112674257194e-06   2.50224075200738e+01
   9.82092080000000e+07   1.37759514018398e-06   2.50704453981228e+01
   9.86092100000000e+07   2.19401454160106e-06   2.50344169895869e+01
   9.90092130000000e+07   1.32000786834396e-06   2.51024706501504e+01
   9.94092150000000e+07   2.40509461946203e-06   2.50824548676336e+01
   9.98092180000000e+07   2.28111389333208e-06   2.50063948940555e+01
   1.00209221000000e+08   1.41903774419916e-06   2.50904611806405e+01
   1.00609223000000e+08   2.55645909419400e-06   2.49903822680362e+01
   1.01009226000000e+08   1.26085217289074e-06   2.50584359286114e+01
   1.01409229000000e+08   2.20015363083803e-06   2.49863791115312e+01
   1.01809231000000e+08   1.71661065451190e-06   2.50304138330826e+01
   1.02209234000000e+08   1.38369671276450e-06   2.49503507029835e+01
   1.02609237000000e+08   2.21277855416702e-06   2.49983885810460e+01
   1.03009239000000e+08   1.17521676656906e-06   2.49423443899722e+01
   1.03409242000000e+08   2.25242547458038e-06   2.48983096684056e+01
   1.03809244000000e+08   1.74041213085729e-06   2.50304138330826e+01
   1.04209247000000e+08   1.40613121857314e-06   2.50063948940555e+01
   1.04609250000000e+08   2.09866811928805e-06   2.49063159814183e+01
   1.05009252000000e+08   1.34509764393442e-06   2.49623601725000e+01
   1.48713580000000e+08   4.57625091075897e-03   2.49383412334665e+01
   1.49113582000000e+08   2.57172200690547e-06   2.49543538594890e+01
   1.49513585000000e+08   6.86023895468679e-07   2.51184832761627e+01
   1.49913588000000e+08   3.90584727938403e-06   2.49543538594890e+01
   1.50313590000000e+08   2.06634172172926e-06   2.49823759550261e+01
   1.50713593000000e+08   3.81424683837395e-07   2.50063948940555e+01
   1.51113595000000e+08   2.69127804131131e-06   2.49343380769607e+01
   1.51513598000000e+08   8.20627462871926e-07   2.50023917375508e+01
   1.51913601000000e+08   3.73928946828528e-06   2.49863791115312e+01
   1.52313603000000e+08   1.39445182867348e-06   2.50063948940555e+01
   1.52713606000000e+08   4.34518938163819e-07   2.50584359286114e+01
   1.53113609000000e+08   2.97509131996776e-06   2.50304138330826e+01
   1.53513611000000e+08   1.39377800678631e-06   2.50384201460911e+01
   1.53913614000000e+08   3.78293520952866e-06   2.50464264590994e+01
   1.54313616000000e+08   1.13646922272892e-06   2.51104769631567e+01
   1.54713619000000e+08   9.89662339634378e-07   2.50824548676336e+01
   1.55113622000000e+08   3.26839358422149e-06   2.50704453981228e+01
   1.55513624000000e+08   1.39806581955781e-06   2.50464264590994e+01
   1.55913627000000e+08   3.51157791556034e-06   2.50264106765782e+01
   1.56313630000000e+08   8.04259741471469e-07   2.51304927456713e+01
   1.56713632000000e+08   1.41261489261524e-06   2.49863791115312e+01
   1.57113635000000e+08   2.93085190605780e-06   2.50264106765782e+01
   1.57513637000000e+08   1.45054229960806e-06   2.50504296156035e+01
   1.57913640000000e+08   2.97878432320431e-06   2.50424233025953e+01
   1.58313643000000e+08   4.59888525483620e-07   2.50264106765782e+01
   1.93291262000000e+08  -2.02893698588014e-03   2.50584359286114e+01
   1.93691265000000e+08   7.91115667198028e-07   2.50664422416190e+01
   1.94091268000000e+08   2.02425940187823e-06   2.49543538594890e+01
   1.94491270000000e+08   1.41323585012287e-06   2.50224075200738e+01
   1.94891273000000e+08   2.67926111519046e-06   2.50904611806405e+01
   1.95291275000000e+08   1.78323591626395e-06   2.50103980505602e+01
   1.95691278000000e+08   9.20358218081674e-07   2.49623601725000e+01
   1.96091281000000e+08   2.06283311854349e-06   2.49543538594890e+01
   1.96491283000000e+08   1.74773254002503e-06   2.50063948940555e+01
   1.96891286000000e+08   2.52544441536884e-06   2.50864580241371e+01
   1.97291289000000e+08   1.28716010294738e-06   2.50224075200738e+01
   1.97691291000000e+08   8.34483842027112e-07   2.49823759550261e+01
   1.98091294000000e+08   2.06173217520700e-06   2.49743696420159e+01
   1.98491296000000e+08   1.55054772221774e-06   2.51144801196597e+01
   1.98891299000000e+08   2.18877698898723e-06   2.49703664855106e+01
   1.99291302000000e+08   1.18790217129572e-06   2.50704453981228e+01
   1.99691304000000e+08   1.23332745260996e-06   2.49703664855106e+01
   2.00091307000000e+08   2.23067104343500e-06   2.50544327721075e+01
   2.00491310000000e+08   1.71584667896241e-06   2.49703664855106e+01
   2.00891312000000e+08   2.31171134146280e-06   2.51705243106959e+01
   2.01291315000000e+08   1.31903595956828e-06   2.50904611806405e+01
   2.01691317000000e+08   1.61569914780557e-06   2.50864580241371e+01
   2.02091320000000e+08   2.63944343714684e-06   2.50904611806405e+01
   2.02491323000000e+08   1.87417413144431e-06   2.51224864326656e+01
   2.02891325000000e+08   2.29208103519341e-06   2.50544327721075e+01
