   4.00003000000000e+05   2.21104005504458e-06   2.50063948940555e+01
   8.00005000000000e+05   2.10062694350199e-06   2.50624390851152e+01
   1.20000800000000e+06   2.11564156415989e-06   2.50023917375508e+01
   1.60001100000000e+06   1.70937607890664e-06   2.50304138330826e+01
   2.00001300000000e+06   1.51246854329656e-06   2.49783727985210e+01
   2.40001600000000e+06   1.69585939602257e-06   2.49823759550261e+01
   2.80001800000000e+06   1.53259088619961e-06   2.50063948940555e+01
   3.20002100000000e+06   1.64336699981504e-06   2.49423443899722e+01
   3.60002400000000e+06   1.76407593244221e-06   2.50664422416190e+01
   4.00002600000000e+06   1.59413002620568e-06   2.50784517111300e+01
   4.40002900000000e+06   1.77437084403209e-06   2.50984674936472e+01
   4.80003100000000e+06   1.54548126829468e-06   2.49103191379245e+01
   5.20003400000000e+06   1.76776802618406e-06   2.49823759550261e+01
   5.60003700000000e+06   1.66247127708630e-06   2.49903822680362e+01
   6.00003900000000e+06   1.60721299380384e-06   2.50704453981228e+01
   6.40004200000000e+06   1.74118360973807e-06   2.49503507029835e+01
   6.80004400000000e+06   1.63473578140838e-06   2.50103980505602e+01
   7.20004700000000e+06   1.63378854267648e-06   2.49103191379245e+01
   7.60004900000000e+06   2.20198330680432e-06   2.50864580241371e+01
   8.00005200000000e+06   2.00218346435577e-06   2.50864580241371e+01
   8.40005500000000e+06   2.21604250327800e-06   2.50144012070648e+01
   8.80005700000000e+06   2.04632715394837e-06   2.50704453981228e+01
   9.20006000000000e+06   2.27057284973853e-06   2.50224075200738e+01
   9.60006200000000e+06   2.63048036686087e-06   2.50664422416190e+01
   4.22017670000000e+07  -2.09802435711026e-03   2.50184043635693e+01
   4.26017700000000e+07   2.75897491519572e-06   2.50063948940555e+01
   4.30017720000000e+07   1.04026310054905e-06   2.50144012070648e+01
   4.34017750000000e+07   1.97226040654641e-06   2.50103980505602e+01
   4.38017780000000e+07   1.68816620771395e-06   2.49623601725000e+01
   4.42017800000000e+07   9.38882408263453e-07   2.49983885810460e+01
   4.46017830000000e+07   2.44024636231188e-06   2.50944643371439e+01
   4.50017850000000e+07   1.15913849185745e-06   2.50944643371439e+01
   4.54017880000000e+07   2.09053155231231e-06   2.49623601725000e+01
   4.58017910000000e+07   2.16334683500463e-06   2.50264106765782e+01
   4.62017930000000e+07   1.15222826480021e-06   2.49743696420159e+01
   4.66017960000000e+07   2.94782989840314e-06   2.50184043635693e+01
   4.70017980000000e+07   1.51471522258362e-06   2.49383412334665e+01
   4.74018010000000e+07   2.43560134549625e-06   2.49583570159945e+01
   4.78018030000000e+07   2.29499414672318e-06   2.49903822680362e+01
   4.82018060000000e+07   1.46809861689690e-06   2.49703664855106e+01
   4.86018090000000e+07   2.85450596493320e-06   2.50464264590994e+01
   4.90018110000000e+07   1.75388413481414e-06   2.51144801196597e+01
   4.94018140000000e+07   2.84747807199892e-06   2.49863791115312e+01
   4.98018160000000e+07   2.92606887342117e-06   2.50504296156035e+01
   5.02018190000000e+07   1.98790530703263e-06   2.50063948940555e+01
   5.06018220000000e+07   3.52261531588738e-06   2.50464264590994e+01
   5.10018240000000e+07   2.36289793065225e-06   2.50904611806405e+01
   5.14018270000000e+07   3.09743245452410e-06   2.49983885810460e+01
   5.18018290000000e+07   3.04839136333612e-06   2.49583570159945e+01
   9.52717830000000e+07   4.68280026689172e-03   2.51024706501504e+01
   9.56717860000000e+07   2.30041723625618e-06   2.50304138330826e+01
   9.60717880000000e+07   1.40373765589175e-06   2.49623601725000e+01
   9.64717910000000e+07   1.87826560704707e-06   2.49663633290053e+01
   9.68717930000000e+07   1.13227895326418e-06   2.50584359286114e+01
   9.72717960000000e+07   2.19318553718040e-06   2.50584359286114e+01
   9.76717990000000e+07   2.43522731580015e-06   2.49583570159945e+01
   9.80718010000000e+07   1.65070332514006e-06   2.50344169895869e+01
   9.84718040000000e+07   2.09423888009042e-06   2.49703664855106e+01
   9.88718060000000e+07   1.21207710890303e-06   2.50704453981228e+01
   9.92718090000000e+07   2.32241541198164e-06   2.50103980505602e+01
   9.96718110000000e+07   2.65338053395681e-06   2.49783727985210e+01
   1.00071814000000e+08   1.81596533366246e-06   2.51264895891685e+01
   1.00471817000000e+08   2.28035924010328e-06   2.50184043635693e+01
   1.00871819000000e+08   1.45544800034259e-06   2.50144012070648e+01
   1.01271822000000e+08   2.38518214246142e-06   2.50944643371439e+01
   1.01671824000000e+08   2.23969823309744e-06   2.49743696420159e+01
   1.02071827000000e+08   1.45813544349949e-06   2.50904611806405e+01
   1.02471830000000e+08   1.85420572051953e-06   2.50704453981228e+01
   1.02871832000000e+08   1.03380079963244e-06   2.50664422416190e+01
   1.03271835000000e+08   1.88596197858715e-06   2.50944643371439e+01
   1.03671837000000e+08   2.29061220125004e-06   2.49943854245411e+01
   1.04071840000000e+08   1.57241993292700e-06   2.51425022151793e+01
   1.04471843000000e+08   1.98078555513348e-06   2.49863791115312e+01
   1.04871845000000e+08   1.20662912195257e-06   2.50304138330826e+01
   1.48401122000000e+08  -4.28859889507294e-03   2.49703664855106e+01
   1.48801125000000e+08   1.16319279186428e-06   2.50424233025953e+01
   1.49201127000000e+08   1.81403515853162e-06   2.50464264590994e+01
   1.49601130000000e+08   3.34104834109894e-06   2.49863791115312e+01
   1.50001132000000e+08   1.75663137724769e-06   2.50984674936472e+01
   1.50401135000000e+08   1.91698222806735e-06   2.49983885810460e+01
   1.50801138000000e+08   1.39471899274213e-06   2.49423443899722e+01
   1.51201140000000e+08   1.95696702576242e-06   2.49343380769607e+01
   1.51601143000000e+08   2.77908156931517e-06   2.49263317639489e+01
   1.52001145000000e+08   1.51651408941689e-06   2.50023917375508e+01
   1.52401148000000e+08   1.45522392358544e-06   2.50063948940555e+01
   1.52801150000000e+08   1.00962711258035e-06   2.50063948940555e+01
   1.53201153000000e+08   1.40854911023780e-06   2.50384201460911e+01
   1.53601156000000e+08   2.51573419518536e-06   2.50544327721075e+01
   1.54001158000000e+08   1.27973805774673e-06   2.49823759550261e+01
   1.54401161000000e+08   1.36315497911710e-06   2.50344169895869e+01
   1.54801163000000e+08   8.53414235280070e-07   2.50744485546264e+01
   1.55201166000000e+08   1.34112906380324e-06   2.51344959021740e+01
   1.55601169000000e+08   2.96996540782857e-06   2.49903822680362e+01
   1.56001171000000e+08   2.02488740796980e-06   2.49863791115312e+01
   1.56401174000000e+08   2.19856269723095e-06   2.50544327721075e+01
   1.56801176000000e+08   1.68946985468210e-06   2.49783727985210e+01
   1.57201179000000e+08   1.84794066626637e-06   2.49623601725000e+01
   1.57601182000000e+08   2.82064070233901e-06   2.50624390851152e+01
   1.58001184000000e+08   1.85878991487698e-06   2.50344169895869e+01
   1.93065324000000e+08   2.40197475068271e-03   2.49183254509368e+01
   1.93465327000000e+08   2.61692116509948e-06   2.50384201460911e+01
   1.93865329000000e+08   1.41330963288056e-06   2.50184043635693e+01
   1.94265332000000e+08   1.91023013940139e-06   2.50504296156035e+01
   1.94665335000000e+08   1.21716027479124e-06   2.50864580241371e+01
   1.95065337000000e+08   6.46902833523200e-07   2.50704453981228e+01
   1.95465340000000e+08   3.01365957966482e-06   2.50904611806405e+01
   1.95865342000000e+08   2.22341759581468e-06   2.50984674936472e+01
   1.96265345000000e+08   2.60839351540199e-06   2.50624390851152e+01
   1.96665348000000e+08   1.92247421182401e-06   2.50864580241371e+01
   1.97065350000000e+08   1.39400310672499e-06   2.51465053716819e+01
   1.97465353000000e+08   3.40620340466558e-06   2.50264106765782e+01
   1.97865355000000e+08   2.42875853473379e-06   2.49583570159945e+01
   1.98265358000000e+08   2.84950215245772e-06   2.50264106765782e+01
   1.98665361000000e+08   2.12756049222662e-06   2.50504296156035e+01
   1.99065363000000e+08   1.70746830008284e-06   2.50464264590994e+01
   1.99465366000000e+08   3.00696115118626e-06   2.49023128249120e+01
   1.99865368000000e+08   2.10738448913617e-06   2.49503507029835e+01
   2.00265371000000e+08   2.38814391195774e-06   2.49863791115312e+01
   2.00665373000000e+08   1.82693963779457e-06   2.49023128249120e+01
   2.01065376000000e+08   1.18309844765463e-06   2.49903822680362e+01
   2.01465379000000e+08   2.59066086982784e-06   2.49623601725000e+01
   2.01865381000000e+08   1.60780439273367e-06   2.50184043635693e+01
   2.02265384000000e+08   1.95977327166474e-06   2.49183254509368e+01
   2.02665386000000e+08   1.28730414417078e-06   2.49623601725000e+01
