   4.00003000000000e+05   1.29123304759560e-06   2.50504296156035e+01
   8.00006000000000e+05   1.74461877122667e-06   2.50824548676336e+01
   1.20000800000000e+06   1.40835231832170e-06   2.50424233025953e+01
   1.60001100000000e+06   1.76654100414453e-06   2.49143222944307e+01
   2.00001300000000e+06   1.63731249358534e-06   2.50624390851152e+01
   2.40001600000000e+06   1.51031281347969e-06   2.50624390851152e+01
   2.80001900000000e+06   1.91699950846669e-06   2.49983885810460e+01
   3.20002100000000e+06   1.41875875669939e-06   2.50063948940555e+01
   3.60002400000000e+06   1.84668965630408e-06   2.50344169895869e+01
   4.00002600000000e+06   1.61145158017462e-06   2.50784517111300e+01
   4.40002900000000e+06   1.58614921019762e-06   2.50664422416190e+01
   4.80003200000000e+06   1.86811735147785e-06   2.51425022151793e+01
   5.20003400000000e+06   1.48651872677874e-06   2.51384990586767e+01
   5.60003700000000e+06   1.85661338036880e-06   2.50584359286114e+01
   6.00004000000000e+06   1.71461442732834e-06   2.50544327721075e+01
   6.40004200000000e+06   1.55173154325894e-06   2.51505085281844e+01
   6.80004500000000e+06   2.02517799152702e-06   2.51545116846868e+01
   7.20004700000000e+06   1.51974199980032e-06   2.50864580241371e+01
   7.60005000000000e+06   2.03610011340061e-06   2.51144801196597e+01
   8.00005300000000e+06   1.66915049248928e-06   2.50224075200738e+01
   8.40005500000000e+06   1.72474994997174e-06   2.49823759550261e+01
   8.80005800000000e+06   2.00606859834807e-06   2.51264895891685e+01
   9.20006000000000e+06   1.77972117398895e-06   2.50704453981228e+01
   9.60006300000000e+06   2.19532671508205e-06   2.50424233025953e+01
   4.20817360000000e+07   2.34868749976158e-03   2.50704453981228e+01
   4.24817390000000e+07   1.62449191520864e-06   2.51184832761627e+01
   4.28817420000000e+07   1.92968059309351e-06   2.50624390851152e+01
   4.32817440000000e+07   1.98754446500971e-06   2.50424233025953e+01
   4.36817470000000e+07   5.37462653937837e-07   2.50264106765782e+01
   4.40817500000000e+07   2.89111062556913e-06   2.49823759550261e+01
   4.44817520000000e+07   1.59787907705322e-06   2.49583570159945e+01
   4.48817550000000e+07   2.07745097213774e-06   2.49583570159945e+01
   4.52817570000000e+07   1.86269619462109e-06   2.50664422416190e+01
   4.56817600000000e+07   7.50496894852404e-07   2.50103980505602e+01
   4.60817630000000e+07   2.99564476335945e-06   2.50664422416190e+01
   4.64817650000000e+07   1.66754045949347e-06   2.50063948940555e+01
   4.68817680000000e+07   2.00534464056545e-06   2.49503507029835e+01
   4.72817700000000e+07   1.93338064491400e-06   2.50584359286114e+01
   4.76817730000000e+07   1.03829631825647e-06   2.50224075200738e+01
   4.80817760000000e+07   3.32482977682957e-06   2.50264106765782e+01
   4.84817780000000e+07   1.51192705288850e-06   2.50984674936472e+01
   4.88817810000000e+07   2.21365576180688e-06   2.50224075200738e+01
   4.92817840000000e+07   1.66312179317174e-06   2.50624390851152e+01
   4.96817860000000e+07   1.27980138131534e-06   2.51745274671980e+01
   5.00817890000000e+07   3.01040699923760e-06   2.50744485546264e+01
   5.04817910000000e+07   1.36849610044010e-06   2.49903822680362e+01
   5.08817940000000e+07   1.91951198758034e-06   2.50984674936472e+01
   5.12817970000000e+07   1.51251947499986e-06   2.50384201460911e+01
   5.16817990000000e+07   1.27207238165283e-06   2.50384201460911e+01
   9.50483890000000e+07  -4.19339956715703e-03   2.49863791115312e+01
   9.54483920000000e+07   6.08072411978355e-07   2.50664422416190e+01
   9.58483950000000e+07   2.23458346226835e-06   2.50704453981228e+01
   9.62483970000000e+07   3.24051461575436e-06   2.50864580241371e+01
   9.66484000000000e+07   2.15451450458204e-06   2.50944643371439e+01
   9.70484020000000e+07   4.49160069138088e-07   2.50664422416190e+01
   9.74484050000000e+07   9.01216537840810e-07   2.50584359286114e+01
   9.78484080000000e+07   2.54691508416727e-06   2.50184043635693e+01
   9.82484100000000e+07   2.85951250589278e-06   2.51264895891685e+01
   9.86484130000000e+07   1.59089972839865e-06   2.51184832761627e+01
   9.90484160000000e+07   4.20762148678477e-07   2.50944643371439e+01
   9.94484180000000e+07   1.54943700181320e-06   2.49743696420159e+01
   9.98484210000000e+07   2.91198216473276e-06   2.50944643371439e+01
   1.00248423000000e+08   2.67771088147128e-06   2.50544327721075e+01
   1.00648426000000e+08   1.41220414207055e-06   2.50184043635693e+01
   1.01048429000000e+08   7.62961121836270e-07   2.50264106765782e+01
   1.01448431000000e+08   2.27308441935747e-06   2.50504296156035e+01
   1.01848434000000e+08   3.24203415402735e-06   2.49703664855106e+01
   1.02248437000000e+08   2.59457783613470e-06   2.50784517111300e+01
   1.02648439000000e+08   1.44372324939468e-06   2.49623601725000e+01
   1.03048442000000e+08   9.13463452434371e-07   2.49983885810460e+01
   1.03448444000000e+08   2.43231033891789e-06   2.50544327721075e+01
   1.03848447000000e+08   2.86701879304019e-06   2.50824548676336e+01
   1.04248450000000e+08   2.06514732781216e-06   2.51264895891685e+01
   1.04648452000000e+08   9.67243408922513e-07   2.50704453981228e+01
   1.48225193000000e+08   4.59474977105856e-03   2.49663633290053e+01
   1.48625196000000e+08   1.52703955791367e-06   2.50864580241371e+01
   1.49025198000000e+08   1.51664426084608e-06   2.51384990586767e+01
   1.49425201000000e+08   1.81910650098871e-06   2.50384201460911e+01
   1.49825203000000e+08   6.39020925063960e-07   2.49903822680362e+01
   1.50225206000000e+08   3.00683313980699e-06   2.51384990586767e+01
   1.50625209000000e+08   1.23991640066379e-06   2.50184043635693e+01
   1.51025211000000e+08   1.57893691721256e-06   2.50944643371439e+01
   1.51425214000000e+08   1.73843886841496e-06   2.50584359286114e+01
   1.51825217000000e+08   1.12111615635513e-06   2.50063948940555e+01
   1.52225219000000e+08   3.07143454847392e-06   2.50744485546264e+01
   1.52625222000000e+08   1.35076209062390e-06   2.50864580241371e+01
   1.53025224000000e+08   1.38676080041478e-06   2.49903822680362e+01
   1.53425227000000e+08   1.62771118539240e-06   2.49783727985210e+01
   1.53825230000000e+08   9.79196556727402e-07   2.50344169895869e+01
   1.54225232000000e+08   2.78518405139039e-06   2.51304927456713e+01
   1.54625235000000e+08   8.75672185429721e-07   2.51104769631567e+01
   1.55025237000000e+08   1.48363017160591e-06   2.50544327721075e+01
   1.55425240000000e+08   1.80480003564298e-06   2.51184832761627e+01
   1.55825243000000e+08   1.38324708132131e-06   2.51024706501504e+01
   1.56225245000000e+08   2.83823260360805e-06   2.51104769631567e+01
   1.56625248000000e+08   9.71108988778724e-07   2.50624390851152e+01
   1.57025251000000e+08   1.84374641776230e-06   2.50784517111300e+01
   1.57425253000000e+08   2.14804072129482e-06   2.50184043635693e+01
   1.57825256000000e+08   1.83975043910323e-06   2.50464264590994e+01
   1.92849324000000e+08  -2.03491165302694e-03   2.50544327721075e+01
   1.93249327000000e+08   2.00520457838138e-06   2.50624390851152e+01
   1.93649329000000e+08   3.22366008731478e-06   2.50704453981228e+01
   1.94049332000000e+08   2.53345547207573e-06   2.50864580241371e+01
   1.94449335000000e+08   1.13357259579061e-06   2.49823759550261e+01
   1.94849337000000e+08   1.28332837689982e-08   2.50584359286114e+01
   1.95249340000000e+08   2.54447809311387e-06   2.50784517111300e+01
   1.95649343000000e+08   3.09680763166398e-06   2.49383412334665e+01
   1.96049345000000e+08   2.04968364414526e-06   2.49863791115312e+01
   1.96449348000000e+08   8.76581680131494e-07   2.49863791115312e+01
   1.96849350000000e+08   4.69285708959433e-07   2.49983885810460e+01
   1.97249353000000e+08   2.88257069769315e-06   2.50904611806405e+01
   1.97649356000000e+08   2.79695018434722e-06   2.51024706501504e+01
   1.98049358000000e+08   1.68839324032888e-06   2.50944643371439e+01
   1.98449361000000e+08   7.34972161353653e-07   2.50504296156035e+01
   1.98849364000000e+08   9.23671905184165e-07   2.50224075200738e+01
   1.99249366000000e+08   3.42045291290560e-06   2.50424233025953e+01
   1.99649369000000e+08   2.75409161076823e-06   2.50344169895869e+01
   2.00049371000000e+08   1.60061199494521e-06   2.50584359286114e+01
   2.00449374000000e+08   9.68709287008096e-07   2.49943854245411e+01
   2.00849377000000e+08   1.68501162534085e-06   2.50184043635693e+01
   2.01249379000000e+08   3.60561853085528e-06   2.50824548676336e+01
   2.01649382000000e+08   2.38626557802490e-06   2.49663633290053e+01
   2.02049384000000e+08   1.37441384140402e-06   2.49783727985210e+01
   2.02449387000000e+08   1.27325301946257e-06   2.50944643371439e+01
