   4.00002000000000e+05   2.18836703425040e-06   2.50184043635693e+01
   8.00005000000000e+05   1.99084979612962e-06   2.49383412334665e+01
   1.20000700000000e+06   1.88618298579968e-06   2.50144012070648e+01
   1.60001000000000e+06   2.39132509705087e-06   2.51104769631567e+01
   2.00001300000000e+06   2.44799434767629e-06   2.50824548676336e+01
   2.40001500000000e+06   2.74594344773504e-06   2.50544327721075e+01
   2.80001800000000e+06   2.72414376922825e-06   2.50624390851152e+01
   3.20002000000000e+06   2.50594371209445e-06   2.50384201460911e+01
   3.60002300000000e+06   2.78673951470410e-06   2.49823759550261e+01
   4.00002600000000e+06   1.92564766621217e-06   2.49943854245411e+01
   4.40002800000000e+06   2.34284243560978e-06   2.50344169895869e+01
   4.80003100000000e+06   2.14943838727777e-06   2.50023917375508e+01
   5.20003300000000e+06   2.01666875909723e-06   2.49383412334665e+01
   5.60003600000000e+06   2.25920075536123e-06   2.50784517111300e+01
   6.00003900000000e+06   1.33105152144708e-06   2.50344169895869e+01
   6.40004100000000e+06   1.63161769251019e-06   2.50744485546264e+01
   6.80004400000000e+06   1.52672976128088e-06   2.49823759550261e+01
   7.20004600000000e+06   1.24703910842072e-06   2.49543538594890e+01
   7.60004900000000e+06   1.72066916093172e-06   2.49903822680362e+01
   8.00005200000000e+06   1.25721192034689e-06   2.50063948940555e+01
   8.40005400000000e+06   1.53763915022864e-06   2.50264106765782e+01
   8.80005700000000e+06   1.52910070028156e-06   2.49663633290053e+01
   9.20005900000000e+06   1.33881997044227e-06   2.50264106765782e+01
   9.60006200000000e+06   1.83360430128232e-06   2.50344169895869e+01
   4.21458090000000e+07   2.39978730678558e-03   2.49823759550261e+01
   4.25458120000000e+07   1.63909351158509e-06   2.49463475464779e+01
   4.29458150000000e+07   2.58035697697778e-07   2.51384990586767e+01
   4.33458170000000e+07   4.85211899103888e-07   2.50344169895869e+01
   4.37458200000000e+07   5.54204632408073e-07   2.50264106765782e+01
   4.41458220000000e+07  -5.81634822083288e-07   2.49903822680362e+01
   4.45458250000000e+07   1.29270995330444e-06   2.50103980505602e+01
   4.49458280000000e+07   2.29993872835621e-07   2.50224075200738e+01
   4.53458300000000e+07   2.37478843700956e-07   2.49983885810460e+01
   4.57458330000000e+07   9.43355814797542e-07   2.49783727985210e+01
   4.61458350000000e+07   1.35303508841389e-07   2.50063948940555e+01
   4.65458380000000e+07   1.90746231965022e-06   2.49863791115312e+01
   4.69458410000000e+07   8.51635661547334e-07   2.49343380769607e+01
   4.73458430000000e+07   8.45775048219366e-07   2.49863791115312e+01
   4.77458460000000e+07   1.60441913976683e-06   2.50344169895869e+01
   4.81458480000000e+07   8.33440992664691e-07   2.50384201460911e+01
   4.85458510000000e+07   2.51143501373008e-06   2.49743696420159e+01
   4.89458540000000e+07   1.56874477852398e-06   2.50424233025953e+01
   4.93458560000000e+07   1.58910665959411e-06   2.49663633290053e+01
   4.97458590000000e+07   1.84947873549390e-06   2.50344169895869e+01
   5.01458610000000e+07   8.16081353605114e-07   2.50184043635693e+01
   5.05458640000000e+07   2.35274183069123e-06   2.50464264590994e+01
   5.09458670000000e+07   1.51918425217445e-06   2.49983885810460e+01
   5.13458690000000e+07   1.41241673645709e-06   2.49903822680362e+01
   5.17458720000000e+07   2.11258247873047e-06   2.50224075200738e+01
   9.53911290000000e+07  -4.27634920924902e-03   2.51064738066536e+01
   9.57911320000000e+07   2.45150590671983e-06   2.50824548676336e+01
   9.61911340000000e+07   2.34747790273104e-06   2.50344169895869e+01
   9.65911370000000e+07   2.33882065003854e-06   2.49863791115312e+01
   9.69911400000000e+07   2.42459123001026e-06   2.50544327721075e+01
   9.73911420000000e+07   1.40433576234500e-06   2.50023917375508e+01
   9.77911450000000e+07   2.51952155849722e-06   2.51024706501504e+01
   9.81911470000000e+07   2.19275898416527e-06   2.50344169895869e+01
   9.85911500000000e+07   2.38649181483197e-06   2.50304138330826e+01
   9.89911530000000e+07   2.28007047553547e-06   2.49063159814183e+01
   9.93911550000000e+07   1.42738304020895e-06   2.50384201460911e+01
   9.97911580000000e+07   2.11422957363538e-06   2.50424233025953e+01
   1.00191160000000e+08   1.84083933163492e-06   2.50464264590994e+01
   1.00591163000000e+08   1.89181412224571e-06   2.50424233025953e+01
   1.00991166000000e+08   1.93400114767428e-06   2.50264106765782e+01
   1.01391168000000e+08   9.40270069804683e-07   2.50784517111300e+01
   1.01791171000000e+08   1.87812736385240e-06   2.50824548676336e+01
   1.02191173000000e+08   1.67139842233155e-06   2.49823759550261e+01
   1.02591176000000e+08   1.82743428922549e-06   2.50424233025953e+01
   1.02991179000000e+08   1.77897220510204e-06   2.50224075200738e+01
   1.03391181000000e+08   8.91315266926540e-07   2.50824548676336e+01
   1.03791184000000e+08   1.69687621109915e-06   2.50904611806405e+01
   1.04191186000000e+08   1.49306072216859e-06   2.50063948940555e+01
   1.04591189000000e+08   1.64627033427678e-06   2.50424233025953e+01
   1.04991192000000e+08   1.56892565428279e-06   2.50384201460911e+01
   1.48313423000000e+08   4.68080025166273e-03   2.49623601725000e+01
   1.48713426000000e+08   9.26050233829301e-07   2.50224075200738e+01
   1.49113428000000e+08   1.31425338167901e-06   2.50103980505602e+01
   1.49513431000000e+08   1.78914990556223e-06   2.49223286074429e+01
   1.49913433000000e+08   1.01680666375614e-06   2.50384201460911e+01
   1.50313436000000e+08   1.64100458732719e-06   2.49143222944307e+01
   1.50713439000000e+08   1.35565960590611e-06   2.49743696420159e+01
   1.51113441000000e+08   1.92443235391693e-06   2.49583570159945e+01
   1.51513444000000e+08   2.24687960326264e-06   2.49303349204548e+01
   1.51913446000000e+08   1.31767387756554e-06   2.49783727985210e+01
   1.52313449000000e+08   1.89343256806751e-06   2.50063948940555e+01
   1.52713452000000e+08   1.58723332788213e-06   2.49663633290053e+01
   1.53113454000000e+08   2.11271526495693e-06   2.49983885810460e+01
   1.53513457000000e+08   2.43731415139337e-06   2.51104769631567e+01
   1.53913459000000e+08   1.54036331423413e-06   2.49663633290053e+01
   1.54313462000000e+08   1.85550720743777e-06   2.49743696420159e+01
   1.54713465000000e+08   1.64253185630514e-06   2.50103980505602e+01
   1.55113467000000e+08   2.11567498809018e-06   2.49663633290053e+01
   1.55513470000000e+08   2.57275769399712e-06   2.50704453981228e+01
   1.55913472000000e+08   1.40304189244489e-06   2.50304138330826e+01
   1.56313475000000e+08   1.94692006516561e-06   2.50184043635693e+01
   1.56713478000000e+08   1.53037376549037e-06   2.49783727985210e+01
   1.57113480000000e+08   2.09457471100905e-06   2.49863791115312e+01
   1.57513483000000e+08   2.33520700021472e-06   2.50464264590994e+01
   1.57913485000000e+08   1.51006804571807e-06   2.50344169895869e+01
   1.92693716000000e+08  -2.08534975536168e-03   2.50023917375508e+01
   1.93093719000000e+08   1.86129614121455e-06   2.50424233025953e+01
   1.93493721000000e+08   1.98716884369787e-06   2.50624390851152e+01
   1.93893724000000e+08   1.21585333090479e-06   2.50984674936472e+01
   1.94293727000000e+08   2.00370982383902e-06   2.50464264590994e+01
   1.94693729000000e+08   8.69676810566489e-08   2.50384201460911e+01
   1.95093732000000e+08   2.14627584682603e-06   2.51104769631567e+01
   1.95493734000000e+08   2.07210109692824e-06   2.51184832761627e+01
   1.95893737000000e+08   1.33161108806235e-06   2.50384201460911e+01
   1.96293740000000e+08   2.14766396311461e-06   2.49823759550261e+01
   1.96693742000000e+08   3.12131334112564e-07   2.50824548676336e+01
   1.97093745000000e+08   2.09997074307466e-06   2.50664422416190e+01
   1.97493747000000e+08   2.15424461202929e-06   2.49823759550261e+01
   1.97893750000000e+08   1.77677861756820e-06   2.50504296156035e+01
   1.98293753000000e+08   2.63418928625470e-06   2.50784517111300e+01
   1.98693755000000e+08   8.81712253431033e-07   2.49903822680362e+01
   1.99093758000000e+08   2.59667581303802e-06   2.49543538594890e+01
   1.99493760000000e+08   2.58860632129654e-06   2.50464264590994e+01
   1.99893763000000e+08   1.82947690063884e-06   2.50944643371439e+01
   2.00293766000000e+08   2.64515688286338e-06   2.49983885810460e+01
   2.00693768000000e+08   9.16564488306904e-07   2.49743696420159e+01
   2.01093771000000e+08   2.36046389545663e-06   2.50384201460911e+01
   2.01493773000000e+08   2.37935000768630e-06   2.50664422416190e+01
   2.01893776000000e+08   1.77362358044775e-06   2.50504296156035e+01
   2.02293779000000e+08   2.54068640970218e-06   2.50504296156035e+01
