   4.00003000000000e+05   1.86066006335750e-06   2.49943854245411e+01
   8.00006000000000e+05   2.17792921830551e-06   2.50664422416190e+01
   1.20000800000000e+06   2.12052691495046e-06   2.50584359286114e+01
   1.60001100000000e+06   2.12365648621926e-06   2.50704453981228e+01
   2.00001300000000e+06   2.20843662646075e-06   2.50464264590994e+01
   2.40001600000000e+06   2.02129103854531e-06   2.50624390851152e+01
   2.80001800000000e+06   2.02007026928186e-06   2.49783727985210e+01
   3.20002100000000e+06   1.72341822235467e-06   2.49783727985210e+01
   3.60002400000000e+06   1.91954291040020e-06   2.50264106765782e+01
   4.00002600000000e+06   1.86266277069080e-06   2.50824548676336e+01
   4.40002900000000e+06   1.65057497270027e-06   2.49783727985210e+01
   4.80003100000000e+06   1.50912376284396e-06   2.50464264590994e+01
   5.20003400000000e+06   1.44427031045780e-06   2.50504296156035e+01
   5.60003700000000e+06   1.36497180847073e-06   2.50304138330826e+01
   6.00003900000000e+06   1.42043211326381e-06   2.49743696420159e+01
   6.40004200000000e+06   1.29075147015101e-06   2.50063948940555e+01
   6.80004400000000e+06   1.33467642626783e-06   2.50544327721075e+01
   7.20004700000000e+06   1.24230427900329e-06   2.50144012070648e+01
   7.60005000000000e+06   1.18937794013618e-06   2.50304138330826e+01
   8.00005200000000e+06   1.32275602027221e-06   2.49583570159945e+01
   8.40005500000000e+06   1.17864249205013e-06   2.50264106765782e+01
   8.80005700000000e+06   1.06630511709227e-06   2.49903822680362e+01
   9.20006000000000e+06   1.28409180888411e-06   2.50184043635693e+01
   9.60006300000000e+06   1.02735145901534e-06   2.50544327721075e+01
   4.20599950000000e+07  -2.09689978510141e-03   2.49903822680362e+01
   4.24599980000000e+07   1.00117108559061e-06   2.50144012070648e+01
   4.28600010000000e+07   1.72910176843288e-06   2.50224075200738e+01
   4.32600030000000e+07   1.53296502958256e-06   2.50784517111300e+01
   4.36600060000000e+07   1.78896107172477e-06   2.50784517111300e+01
   4.40600080000000e+07   1.91018193618220e-06   2.50424233025953e+01
   4.44600110000000e+07   1.26109989651013e-06   2.50624390851152e+01
   4.48600140000000e+07   2.08759365705191e-06   2.50784517111300e+01
   4.52600160000000e+07   1.52633595007501e-06   2.50624390851152e+01
   4.56600190000000e+07   2.15557724914106e-06   2.50504296156035e+01
   4.60600210000000e+07   2.15301702155557e-06   2.49543538594890e+01
   4.64600240000000e+07   1.70628959494934e-06   2.50784517111300e+01
   4.68600260000000e+07   2.35025436268188e-06   2.49543538594890e+01
   4.72600290000000e+07   2.11126098292880e-06   2.50824548676336e+01
   4.76600320000000e+07   2.54797373600013e-06   2.51104769631567e+01
   4.80600340000000e+07   2.62969547293324e-06   2.49463475464779e+01
   4.84600370000000e+07   2.00634462999005e-06   2.50344169895869e+01
   4.88600390000000e+07   2.31767785408010e-06   2.50424233025953e+01
   4.92600420000000e+07   1.88218029961718e-06   2.50584359286114e+01
   4.96600450000000e+07   2.32298657465435e-06   2.50584359286114e+01
   5.00600470000000e+07   2.49278377850715e-06   2.50103980505602e+01
   5.04600500000000e+07   1.82664541625854e-06   2.49423443899722e+01
   5.08600520000000e+07   1.49379741287703e-06   2.50304138330826e+01
   5.12600550000000e+07   1.06362972474017e-06   2.50384201460911e+01
   5.16600580000000e+07   1.59207752403745e-06   2.48983096684056e+01
   9.51787530000000e+07   4.68947505578399e-03   2.52105558757142e+01
   9.55787550000000e+07   2.05334777092503e-06   2.50864580241371e+01
   9.59787580000000e+07   2.27198893298919e-06   2.51264895891685e+01
   9.63787600000000e+07   1.69956365425605e-06   2.51344959021740e+01
   9.67787630000000e+07   2.54868905358308e-06   2.50304138330826e+01
   9.71787660000000e+07   1.00430213478830e-06   2.50384201460911e+01
   9.75787680000000e+07   1.93442247109488e-06   2.50704453981228e+01
   9.79787710000000e+07   1.71364911238925e-06   2.50904611806405e+01
   9.83787730000000e+07   1.47851949350297e-06   2.50264106765782e+01
   9.87787760000000e+07   2.28709905059077e-06   2.50063948940555e+01
   9.91787790000000e+07   9.18889497825148e-07   2.50224075200738e+01
   9.95787810000000e+07   1.45769774917426e-06   2.50544327721075e+01
   9.99787840000000e+07   1.61426851263968e-06   2.50224075200738e+01
   1.00378786000000e+08   1.22448307138256e-06   2.50944643371439e+01
   1.00778789000000e+08   2.82602150036837e-06   2.50184043635693e+01
   1.01178791000000e+08   1.72114334873186e-06   2.50664422416190e+01
   1.01578794000000e+08   2.21050572690729e-06   2.50784517111300e+01
   1.01978797000000e+08   2.26140036829747e-06   2.50864580241371e+01
   1.02378799000000e+08   1.94455901691981e-06   2.51465053716819e+01
   1.02778802000000e+08   2.54158862844633e-06   2.50023917375508e+01
   1.03178804000000e+08   1.55501197696140e-06   2.51184832761627e+01
   1.03578807000000e+08   1.87440025456453e-06   2.51144801196597e+01
   1.03978810000000e+08   1.77870424522553e-06   2.51585148411891e+01
   1.04378812000000e+08   1.71130363924021e-06   2.50304138330826e+01
   1.04778815000000e+08   2.72258262157266e-06   2.50864580241371e+01
   1.48331793000000e+08  -4.29542455822229e-03   2.50304138330826e+01
   1.48731796000000e+08   2.31635340242065e-06   2.50984674936472e+01
   1.49131798000000e+08   1.84190673735429e-06   2.50144012070648e+01
   1.49531801000000e+08   2.27742521019536e-06   2.49863791115312e+01
   1.49931804000000e+08   2.92908521259960e-06   2.50664422416190e+01
   1.50331806000000e+08   1.19628089123580e-06   2.49903822680362e+01
   1.50731809000000e+08   2.36431014855043e-06   2.49583570159945e+01
   1.51131811000000e+08   1.96742462321708e-06   2.50384201460911e+01
   1.51531814000000e+08   2.32818615586439e-06   2.49943854245411e+01
   1.51931816000000e+08   3.05608773487620e-06   2.50504296156035e+01
   1.52331819000000e+08   1.28842111735139e-06   2.49823759550261e+01
   1.52731822000000e+08   2.15080513044086e-06   2.50184043635693e+01
   1.53131824000000e+08   1.64707364547212e-06   2.50624390851152e+01
   1.53531827000000e+08   2.07801031137933e-06   2.50784517111300e+01
   1.53931829000000e+08   2.55584450314927e-06   2.49943854245411e+01
   1.54331832000000e+08   1.10369671801891e-06   2.50904611806405e+01
   1.54731835000000e+08   2.01904549612664e-06   2.51024706501504e+01
   1.55131837000000e+08   1.69364295743435e-06   2.50304138330826e+01
   1.55531840000000e+08   1.90330797522620e-06   2.50984674936472e+01
   1.55931842000000e+08   2.59571652350132e-06   2.50023917375508e+01
   1.56331845000000e+08   1.04980756532314e-06   2.50584359286114e+01
   1.56731848000000e+08   2.24522796088422e-06   2.50784517111300e+01
   1.57131850000000e+08   1.75231843968504e-06   2.50504296156035e+01
   1.57531853000000e+08   2.09498466574587e-06   2.50944643371439e+01
   1.57931855000000e+08   2.67309587798081e-06   2.50344169895869e+01
   1.92869617000000e+08   2.40105018019676e-03   2.50904611806405e+01
   1.93269620000000e+08   2.35802303905075e-06   2.50824548676336e+01
   1.93669623000000e+08   1.60233662427345e-06   2.50424233025953e+01
   1.94069625000000e+08   1.87596958767244e-06   2.50824548676336e+01
   1.94469628000000e+08   1.38143161620974e-06   2.50184043635693e+01
   1.94869630000000e+08   1.39708515689563e-06   2.51224864326656e+01
   1.95269633000000e+08   1.97209419638966e-06   2.50504296156035e+01
   1.95669636000000e+08   1.40824579375476e-06   2.50384201460911e+01
   1.96069638000000e+08   1.87195951184549e-06   2.50304138330826e+01
   1.96469641000000e+08   1.15194234240334e-06   2.49743696420159e+01
   1.96869643000000e+08   1.81027553480817e-06   2.51104769631567e+01
   1.97269646000000e+08   2.22472749555891e-06   2.50944643371439e+01
   1.97669648000000e+08   1.97640224541829e-06   2.51024706501504e+01
   1.98069651000000e+08   2.04969410333433e-06   2.50344169895869e+01
   1.98469654000000e+08   1.93456594388408e-06   2.49903822680362e+01
   1.98869656000000e+08   2.14927672459453e-06   2.50744485546264e+01
   1.99269659000000e+08   2.48223796006641e-06   2.51024706501504e+01
   1.99669661000000e+08   2.41025531977357e-06   2.51425022151793e+01
   2.00069664000000e+08   2.55587087849563e-06   2.49423443899722e+01
   2.00469667000000e+08   2.09803033612843e-06   2.50184043635693e+01
   2.00869669000000e+08   2.07853554456960e-06   2.50944643371439e+01
   2.01269672000000e+08   2.41020143221249e-06   2.50944643371439e+01
   2.01669674000000e+08   2.20714605347894e-06   2.50624390851152e+01
   2.02069677000000e+08   2.28893281928322e-06   2.50144012070648e+01
   2.02469680000000e+08   2.10588018489943e-06   2.50184043635693e+01
