   4.00002000000000e+05   2.02586738851096e-06   2.50704453981228e+01
   8.00005000000000e+05   1.64511061484518e-06   2.50624390851152e+01
   1.20000700000000e+06   1.86226009191159e-06   2.50344169895869e+01
   1.60001000000000e+06   1.72909142293065e-06   2.50224075200738e+01
   2.00001300000000e+06   1.76502646809240e-06   2.50264106765782e+01
   2.40001500000000e+06   2.27735381486127e-06   2.49943854245411e+01
   2.80001800000000e+06   1.82170651896740e-06   2.50184043635693e+01
   3.20002000000000e+06   2.15992986341007e-06   2.49903822680362e+01
   3.60002300000000e+06   2.10196640182403e-06   2.50063948940555e+01
   4.00002600000000e+06   1.93579330698412e-06   2.49983885810460e+01
   4.40002800000000e+06   1.97164649762271e-06   2.50864580241371e+01
   4.80003100000000e+06   1.65799019669066e-06   2.49823759550261e+01
   5.20003300000000e+06   1.96366750060406e-06   2.51304927456713e+01
   5.60003600000000e+06   1.79742517047998e-06   2.49663633290053e+01
   6.00003900000000e+06   1.58729176291672e-06   2.50344169895869e+01
   6.40004100000000e+06   1.48371282193693e-06   2.49983885810460e+01
   6.80004400000000e+06   9.97783445200184e-07   2.49983885810460e+01
   7.20004600000000e+06   1.16844682906958e-06   2.50464264590994e+01
   7.60004900000000e+06   1.13487317321415e-06   2.50184043635693e+01
   8.00005200000000e+06   1.10132793906814e-06   2.50304138330826e+01
   8.40005400000000e+06   1.87084526714898e-06   2.50704453981228e+01
   8.80005700000000e+06   1.57539091105718e-06   2.50704453981228e+01
   9.20005900000000e+06   1.80913525582582e-06   2.50184043635693e+01
   9.60006200000000e+06   1.98047905541898e-06   2.50664422416190e+01
   4.21324670000000e+07  -2.07624980248511e-03   2.49823759550261e+01
   4.25324690000000e+07   1.12913880911947e-06   2.48903033553927e+01
   4.29324720000000e+07   2.36805976783216e-06   2.50264106765782e+01
   4.33324740000000e+07   1.52695793076418e-06   2.49463475464779e+01
   4.37324770000000e+07   1.01382727279997e-06   2.49583570159945e+01
   4.41324800000000e+07   2.88514820567798e-06   2.49543538594890e+01
   4.45324820000000e+07   1.21754692372633e-06   2.49543538594890e+01
   4.49324850000000e+07   2.59902321886329e-06   2.49623601725000e+01
   4.53324870000000e+07   1.50934295106708e-06   2.50103980505602e+01
   4.57324900000000e+07   1.35384482291556e-06   2.50424233025953e+01
   4.61324930000000e+07   3.06187826026871e-06   2.49903822680362e+01
   4.65324950000000e+07   1.66590325534344e-06   2.50424233025953e+01
   4.69324980000000e+07   2.90926618617959e-06   2.50184043635693e+01
   4.73325000000000e+07   1.94663084585045e-06   2.50344169895869e+01
   4.77325030000000e+07   1.89886850421317e-06   2.49663633290053e+01
   4.81325060000000e+07   2.98566988021776e-06   2.49503507029835e+01
   4.85325080000000e+07   1.05558058294264e-06   2.51144801196597e+01
   4.89325110000000e+07   2.29384249905706e-06   2.50023917375508e+01
   4.93325130000000e+07   1.19838591672305e-06   2.49903822680362e+01
   4.97325160000000e+07   1.22603000818344e-06   2.49863791115312e+01
   5.01325180000000e+07   2.63163747149520e-06   2.49463475464779e+01
   5.05325210000000e+07   1.49537822835555e-06   2.49503507029835e+01
   5.09325240000000e+07   2.58542536357709e-06   2.49263317639489e+01
   5.13325260000000e+07   1.69058534993383e-06   2.51224864326656e+01
   5.17325290000000e+07   1.79835376457049e-06   2.49903822680362e+01
   9.51086620000000e+07   4.65852487832308e-03   2.49623601725000e+01
   9.55086650000000e+07   7.77807997565105e-07   2.51184832761627e+01
   9.59086680000000e+07   1.66240090493375e-06   2.50344169895869e+01
   9.63086700000000e+07   2.69100382865872e-06   2.51465053716819e+01
   9.67086730000000e+07   9.53615142407216e-07   2.51905400932058e+01
   9.71086750000000e+07   2.79040204986813e-06   2.51184832761627e+01
   9.75086780000000e+07   9.84166376838402e-07   2.51144801196597e+01
   9.79086810000000e+07   2.17753427023126e-06   2.51144801196597e+01
   9.83086830000000e+07   2.87555758404778e-06   2.51625179976914e+01
   9.87086860000000e+07   1.16181843168306e-06   2.50744485546264e+01
   9.91086880000000e+07   3.02320518130728e-06   2.51304927456713e+01
   9.95086910000000e+07   1.33095170440356e-06   2.51425022151793e+01
   9.99086940000000e+07   2.37076255871216e-06   2.50184043635693e+01
   1.00308696000000e+08   2.66806091531180e-06   2.50424233025953e+01
   1.00708699000000e+08   9.09227935608214e-07   2.50344169895869e+01
   1.01108701000000e+08   2.79091614174831e-06   2.50464264590994e+01
   1.01508704000000e+08   1.03458717148897e-06   2.50984674936472e+01
   1.01908707000000e+08   2.05144488063524e-06   2.50544327721075e+01
   1.02308709000000e+08   2.41678503698495e-06   2.49943854245411e+01
   1.02708712000000e+08   6.48168281713879e-07   2.50424233025953e+01
   1.03108714000000e+08   2.62515823123977e-06   2.50624390851152e+01
   1.03508717000000e+08   7.59535680572299e-07   2.50063948940555e+01
   1.03908719000000e+08   2.06419508685940e-06   2.50704453981228e+01
   1.04308722000000e+08   2.63667425315361e-06   2.50664422416190e+01
   1.04708725000000e+08   1.45151068409177e-06   2.50824548676336e+01
   1.48137796000000e+08  -4.25694976001978e-03   2.51184832761627e+01
   1.48537799000000e+08   1.90893842955120e-06   2.51545116846868e+01
   1.48937801000000e+08   2.49668505603040e-06   2.50584359286114e+01
   1.49337804000000e+08  -2.65778169250552e-07   2.50304138330826e+01
   1.49737807000000e+08   2.94386654786649e-06   2.50464264590994e+01
   1.50137809000000e+08   1.56600310674548e-06   2.49903822680362e+01
   1.50537812000000e+08   1.94445988199732e-06   2.49663633290053e+01
   1.50937814000000e+08   2.83956524071982e-06   2.50384201460911e+01
   1.51337817000000e+08   2.61925265476748e-07   2.49743696420159e+01
   1.51737819000000e+08   3.37687379214913e-06   2.49663633290053e+01
   1.52137822000000e+08   1.48377728237392e-06   2.49503507029835e+01
   1.52537825000000e+08   1.71531564774341e-06   2.50464264590994e+01
   1.52937827000000e+08   2.39352743847121e-06   2.49343380769607e+01
   1.53337830000000e+08  -1.74577394318476e-07   2.50544327721075e+01
   1.53737832000000e+08   2.79051619145321e-06   2.49863791115312e+01
   1.54137835000000e+08   1.36904316150321e-06   2.50824548676336e+01
   1.54537838000000e+08   1.88364879250003e-06   2.50904611806405e+01
   1.54937840000000e+08   2.32404431699251e-06   2.50264106765782e+01
   1.55337843000000e+08   1.45056503697560e-07   2.50424233025953e+01
   1.55737845000000e+08   2.98018039757153e-06   2.50304138330826e+01
   1.56137848000000e+08   1.60613353727967e-06   2.50624390851152e+01
   1.56537851000000e+08   2.12354802897607e-06   2.50424233025953e+01
   1.56937853000000e+08   2.84694351648795e-06   2.50824548676336e+01
   1.57337856000000e+08   7.46166051612818e-07   2.51825337802020e+01
   1.57737858000000e+08   3.36319976668165e-06   2.50744485546264e+01
   1.93174098000000e+08   2.38918676041067e-03   2.50103980505602e+01
   1.93574101000000e+08   1.73369710410043e-06   2.50224075200738e+01
   1.93974103000000e+08   6.45723105208162e-07   2.49503507029835e+01
   1.94374106000000e+08   3.19480659527471e-06   2.49023128249120e+01
   1.94774109000000e+08   1.51407448356622e-07   2.49023128249120e+01
   1.95174111000000e+08   2.65631706497516e-06   2.49703664855106e+01
   1.95574114000000e+08   1.75571005911479e-06   2.49583570159945e+01
   1.95974116000000e+08   5.95363644606550e-07   2.49823759550261e+01
   1.96374119000000e+08   2.89085369331588e-06   2.50504296156035e+01
   1.96774122000000e+08   5.62643869272961e-08   2.49383412334665e+01
   1.97174124000000e+08   2.48034916694451e-06   2.49743696420159e+01
   1.97574127000000e+08   1.31536967273860e-06   2.49623601725000e+01
   1.97974129000000e+08   4.63404859374350e-07   2.50144012070648e+01
   1.98374132000000e+08   2.98697727885155e-06   2.49103191379245e+01
   1.98774135000000e+08   1.92401415688437e-07   2.49263317639489e+01
   1.99174137000000e+08   2.56147313848487e-06   2.49183254509368e+01
   1.99574140000000e+08   1.45335638990218e-06   2.50184043635693e+01
   1.99974142000000e+08   8.16040767404047e-07   2.50264106765782e+01
   2.00374145000000e+08   3.01017166748352e-06   2.49503507029835e+01
   2.00774147000000e+08   4.58095911426426e-07   2.50144012070648e+01
   2.01174150000000e+08   2.83744566331734e-06   2.49343380769607e+01
   2.01574153000000e+08   1.62923720381514e-06   2.50344169895869e+01
   2.01974155000000e+08   1.05118169813068e-06   2.49503507029835e+01
   2.02374158000000e+08   2.88496653411130e-06   2.50144012070648e+01
   2.02774160000000e+08   5.37734990757599e-07   2.49743696420159e+01
