   4.00003000000000e+05   2.09443646781438e-06   2.50264106765782e+01
   8.00006000000000e+05   1.94492349692155e-06   2.49943854245411e+01
   1.20000800000000e+06   2.05916603590595e-06   2.50184043635693e+01
   1.60001100000000e+06   1.82362157374882e-06   2.50624390851152e+01
   2.00001300000000e+06   2.03845615942555e-06   2.50864580241371e+01
   2.40001600000000e+06   1.84902569344558e-06   2.49943854245411e+01
   2.80001900000000e+06   1.93574669538066e-06   2.50144012070648e+01
   3.20002100000000e+06   1.90290734281007e-06   2.50144012070648e+01
   3.60002400000000e+06   1.74356648585672e-06   2.49903822680362e+01
   4.00002600000000e+06   1.77827485003945e-06   2.50544327721075e+01
   4.40002900000000e+06   1.83941540399246e-06   2.50023917375508e+01
   4.80003200000000e+06   1.73494947830477e-06   2.50824548676336e+01
   5.20003400000000e+06   1.96209612113307e-06   2.50544327721075e+01
   5.60003700000000e+06   1.75098205090762e-06   2.50704453981228e+01
   6.00003900000000e+06   1.99585542759451e-06   2.48863001988861e+01
   6.40004200000000e+06   1.83163717792922e-06   2.49543538594890e+01
   6.80004500000000e+06   1.84706595973694e-06   2.50023917375508e+01
   7.20004700000000e+06   1.89548632079095e-06   2.50224075200738e+01
   7.60005000000000e+06   1.69078930412070e-06   2.49623601725000e+01
   8.00005200000000e+06   1.83881968496280e-06   2.49823759550261e+01
   8.40005500000000e+06   1.67244479598594e-06   2.49263317639489e+01
   8.80005800000000e+06   1.77904644260707e-06   2.50384201460911e+01
   9.20006000000000e+06   1.70603459537233e-06   2.49863791115312e+01
   9.60006300000000e+06   1.58341049427690e-06   2.50264106765782e+01
   4.22005040000000e+07  -2.03923718072474e-03   2.49943854245411e+01
   4.26005070000000e+07   2.61710943050275e-06   2.49863791115312e+01
   4.30005100000000e+07   1.00757495147263e-06   2.49303349204548e+01
   4.34005120000000e+07   1.88607612017222e-06   2.49383412334665e+01
   4.38005150000000e+07   1.38940470151283e-06   2.52185621887171e+01
   4.42005170000000e+07   2.22497419599677e-06   2.49823759550261e+01
   4.46005200000000e+07   2.34056756198697e-06   2.51384990586767e+01
   4.50005230000000e+07   1.02937474366627e-06   2.49823759550261e+01
   4.54005250000000e+07   1.99459805116931e-06   2.49423443899722e+01
   4.58005280000000e+07   1.82513167601428e-06   2.49023128249120e+01
   4.62005300000000e+07   2.39716450778360e-06   2.49383412334665e+01
   4.66005330000000e+07   2.30225987252197e-06   2.49943854245411e+01
   4.70005360000000e+07   1.16092849111737e-06   2.50944643371439e+01
   4.74005380000000e+07   2.20960532715253e-06   2.50904611806405e+01
   4.78005410000000e+07   1.88119122412900e-06   2.50864580241371e+01
   4.82005430000000e+07   2.42597479882534e-06   2.51064738066536e+01
   4.86005460000000e+07   2.07425546250306e-06   2.52065527192126e+01
   4.90005490000000e+07   1.18925811420922e-06   2.49383412334665e+01
   4.94005510000000e+07   2.39531618717592e-06   2.49583570159945e+01
   4.98005540000000e+07   1.92616857930261e-06   2.50744485546264e+01
   5.02005560000000e+07   2.45195246861840e-06   2.50063948940555e+01
   5.06005590000000e+07   1.73783701029606e-06   2.50864580241371e+01
   5.10005620000000e+07   1.44503007959429e-06   2.50504296156035e+01
   5.14005640000000e+07   2.43645422415284e-06   2.50664422416190e+01
   5.18005670000000e+07   2.04628508981841e-06   2.51064738066536e+01
   9.56014240000000e+07   4.57587465643883e-03   2.46461108083774e+01
   9.60014270000000e+07   1.38019868245465e-06   2.54387357962002e+01
   9.64014290000000e+07   1.67158589192695e-06   2.55468210216236e+01
   9.68014320000000e+07   3.55065094481688e-06   2.47902244427099e+01
   9.72014350000000e+07   2.90948179326733e-07   2.44299403567245e+01
   9.76014370000000e+07   2.05111609830055e-06   2.54027073877158e+01
   9.80014400000000e+07   1.42837620842329e-06   2.50063948940555e+01
   9.84014420000000e+07   1.98174620891223e-06   2.46741329039485e+01
   9.88014450000000e+07   3.03308183902118e-06   2.45900666172260e+01
   9.92014480000000e+07   9.57703960580147e-08   2.41136909919335e+01
   9.96014500000000e+07   2.28557610171265e-06   2.54347326397022e+01
   1.00001453000000e+08   1.59216006068164e-06   2.52465842842254e+01
   1.00401455000000e+08   2.11015139939263e-06   2.48182465382651e+01
   1.00801458000000e+08   2.65430276158440e-06   2.48462686338171e+01
   1.01201461000000e+08   7.21849389151430e-08   2.49103191379245e+01
   1.01601463000000e+08   2.38712573263911e-06   2.48182465382651e+01
   1.02001466000000e+08   1.47635239500232e-06   2.50464264590994e+01
   1.02401468000000e+08   2.18717195821228e-06   2.47902244427099e+01
   1.02801471000000e+08   2.11867427424295e-06   2.52305716582210e+01
   1.03201474000000e+08   1.21350083759353e-07   2.65075785789928e+01
   1.03601476000000e+08   2.59713010564155e-06   2.46300981823354e+01
   1.04001479000000e+08   1.36098560687969e-06   2.48022339122339e+01
   1.04401481000000e+08   2.13802240978112e-06   2.49743696420159e+01
   1.04801484000000e+08   1.59451928993803e-06   2.46100823997815e+01
   1.05201487000000e+08   4.77050832614623e-07   2.50144012070648e+01
   1.48700889000000e+08  -4.17097425088286e-03   2.47421865646082e+01
   1.49100891000000e+08   1.16659134619113e-06   2.52145590322157e+01
   1.49500894000000e+08   1.81443010660587e-06   2.47421865646082e+01
   1.49900896000000e+08   2.74982335213281e-06   2.51705243106959e+01
   1.50300899000000e+08   1.50865207615425e-06   2.52666000667294e+01
   1.50700902000000e+08   1.97346003005805e-06   2.46781360604584e+01
   1.51100904000000e+08   1.08960318812024e-06   2.48462686338171e+01
   1.51500907000000e+08   2.10047869586560e-06   2.49623601725000e+01
   1.51900909000000e+08   2.38803409047250e-06   2.49423443899722e+01
   1.52300912000000e+08   1.21379241591058e-06   2.48222496947727e+01
   1.52700915000000e+08   1.77465960859990e-06   2.52385779712233e+01
   1.53100917000000e+08   1.23510722005449e-06   2.49463475464779e+01
   1.53500920000000e+08   2.09916174753744e-06   2.50504296156035e+01
   1.53900922000000e+08   2.10305256587162e-06   2.51024706501504e+01
   1.54300925000000e+08   1.01188288681442e-06   2.50944643371439e+01
   1.54700928000000e+08   1.74882859482750e-06   2.49583570159945e+01
   1.55100930000000e+08   1.25594272049057e-06   2.50023917375508e+01
   1.55500933000000e+08   2.20118181459839e-06   2.50464264590994e+01
   1.55900935000000e+08   1.90999253391055e-06   2.49143222944307e+01
   1.56300938000000e+08   9.94608853943646e-07   2.50063948940555e+01
   1.56700941000000e+08   1.81075881755532e-06   2.50023917375508e+01
   1.57100943000000e+08   1.44472767260595e-06   2.51905400932058e+01
   1.57500946000000e+08   1.97682879843342e-06   2.53106347882328e+01
   1.57900948000000e+08   1.53743496866809e-06   2.48943065118992e+01
   1.58300951000000e+08   8.31709371595934e-07   2.49103191379245e+01
   1.93234735000000e+08   2.35010008327663e-03   2.49863791115312e+01
   1.93634737000000e+08   2.34986146097071e-06   2.55067894566572e+01
   1.94034740000000e+08   9.28918552745017e-07   2.49543538594890e+01
   1.94434743000000e+08   2.88574892692850e-06   2.52906190057322e+01
   1.94834745000000e+08   5.82142149596621e-07   2.52545905972272e+01
   1.95234748000000e+08   2.18125728679297e-06   2.48422654773099e+01
   1.95634750000000e+08   1.84734585673141e-06   2.54787673611771e+01
   1.96034753000000e+08   9.16944259188313e-07   2.44699719218595e+01
   1.96434755000000e+08   2.40791860051104e-06   2.51785306237000e+01
   1.96834758000000e+08   2.97552617212204e-07   2.52145590322157e+01
   1.97234761000000e+08   2.38329698731832e-06   2.52866158492319e+01
   1.97634763000000e+08   1.92351058103668e-06   2.43698930090102e+01
   1.98034766000000e+08   1.07150367512077e-06   2.54907768306689e+01
   1.98434768000000e+08   2.44592592935078e-06   2.55748431170964e+01
   1.98834771000000e+08   5.99835402681492e-07   2.51985464062093e+01
   1.99234774000000e+08   2.70888904196909e-06   2.51545116846868e+01
   1.99634776000000e+08   1.70302268998057e-06   2.51184832761627e+01
   2.00034779000000e+08   1.30571345380304e-06   2.52225653452185e+01
   2.00434781000000e+08   2.50927723755012e-06   2.52265685017198e+01
   2.00834784000000e+08   8.16417298210581e-07   2.49263317639489e+01
   2.01234787000000e+08   2.52173208536988e-06   2.50544327721075e+01
   2.01634789000000e+08   1.42140413572633e-06   2.45660476781572e+01
   2.02034792000000e+08   1.22360268051125e-06   2.49463475464779e+01
   2.02434794000000e+08   2.21681602852186e-06   2.52826126927315e+01
   2.02834797000000e+08   7.24046401501255e-07   2.53386568837311e+01
