   4.00002000000000e+05   1.81140705990401e-06   2.49743696420159e+01
   8.00005000000000e+05   1.78377740667202e-06   2.50424233025953e+01
   1.20000800000000e+06   1.79197741090320e-06   2.50344169895869e+01
   1.60001000000000e+06   1.73182138496486e-06   2.50264106765782e+01
   2.00001300000000e+06   1.65311314503924e-06   2.49983885810460e+01
   2.40001500000000e+06   1.76600201484689e-06   2.49543538594890e+01
   2.80001800000000e+06   1.68044084603025e-06   2.50664422416190e+01
   3.20002000000000e+06   2.06661979973433e-06   2.49583570159945e+01
   3.60002300000000e+06   2.33400010074547e-06   2.50464264590994e+01
   4.00002600000000e+06   2.38891652770690e-06   2.50904611806405e+01
   4.40002800000000e+06   2.49440654442878e-06   2.50384201460911e+01
   4.80003100000000e+06   2.29946226681932e-06   2.50664422416190e+01
   5.20003300000000e+06   2.19985167859704e-06   2.50744485546264e+01
   5.60003600000000e+06   1.92989546121680e-06   2.50504296156035e+01
   6.00003900000000e+06   1.91113917935581e-06   2.51104769631567e+01
   6.40004100000000e+06   1.87577836641140e-06   2.50704453981228e+01
   6.80004400000000e+06   1.92598895409901e-06   2.50384201460911e+01
   7.20004600000000e+06   1.95802385860588e-06   2.51144801196597e+01
   7.60004900000000e+06   1.96974906430114e-06   2.50464264590994e+01
   8.00005200000000e+06   1.89767195024615e-06   2.50864580241371e+01
   8.40005400000000e+06   2.13107136914914e-06   2.49703664855106e+01
   8.80005700000000e+06   1.86662680334848e-06   2.49623601725000e+01
   9.20005900000000e+06   2.03302374757186e-06   2.49423443899722e+01
   9.60006200000000e+06   1.93087385014223e-06   2.50464264590994e+01
   4.28150370000000e+07  -2.09966208785772e-03   2.50544327721075e+01
   4.32150400000000e+07   1.60588751896285e-06   2.50224075200738e+01
   4.36150430000000e+07   1.92750303540379e-06   2.49063159814183e+01
   4.40150450000000e+07   1.83360691607959e-06   2.50464264590994e+01
   4.44150480000000e+07   1.36116432258859e-06   2.50224075200738e+01
   4.48150500000000e+07   1.79366600150388e-06   2.50023917375508e+01
   4.52150530000000e+07   1.75766740539984e-06   2.50464264590994e+01
   4.56150560000000e+07   2.29905003834574e-06   2.49383412334665e+01
   4.60150580000000e+07   2.28461226470245e-06   2.50384201460911e+01
   4.64150610000000e+07   1.61955779276468e-06   2.50784517111300e+01
   4.68150630000000e+07   1.96505698113469e-06   2.49903822680362e+01
   4.72150660000000e+07   1.55656744027510e-06   2.50224075200738e+01
   4.76150690000000e+07   1.81542952759628e-06   2.50944643371439e+01
   4.80150710000000e+07   1.76484286384948e-06   2.50784517111300e+01
   4.84150740000000e+07   1.14886142910109e-06   2.50904611806405e+01
   4.88150760000000e+07   1.42084661547415e-06   2.50704453981228e+01
   4.92150790000000e+07   1.56429757680598e-06   2.50744485546264e+01
   4.96150820000000e+07   2.11892097468080e-06   2.51024706501504e+01
   5.00150840000000e+07   2.25369331019465e-06   2.49903822680362e+01
   5.04150870000000e+07   1.58457078214269e-06   2.51184832761627e+01
   5.08150890000000e+07   1.76625485437398e-06   2.51144801196597e+01
   5.12150920000000e+07   1.72257443864510e-06   2.50304138330826e+01
   5.16150940000000e+07   2.12076042771514e-06   2.50504296156035e+01
   5.20150970000000e+07   2.24609016186150e-06   2.49623601725000e+01
   5.24151000000000e+07   1.56554494878947e-06   2.49743696420159e+01
   9.63813700000000e+07   4.70302486792207e-03   2.52786095362311e+01
   9.67813730000000e+07   1.08870301573916e-06   2.49423443899722e+01
   9.71813760000000e+07   2.41029465541942e-06   2.46541171213981e+01
   9.75813780000000e+07   1.25373367154680e-06   2.50224075200738e+01
   9.79813810000000e+07   1.11263148028229e-06   2.49023128249120e+01
   9.83813830000000e+07   2.03008380594838e-06   2.50224075200738e+01
   9.87813860000000e+07   1.26715292481094e-06   2.50784517111300e+01
   9.91813890000000e+07   2.44736702370574e-06   2.49103191379245e+01
   9.95813910000000e+07   1.44657383316371e-06   2.49063159814183e+01
   9.99813940000000e+07   1.17490503726003e-06   2.51264895891685e+01
   1.00381396000000e+08   1.93245432456024e-06   2.50184043635693e+01
   1.00781399000000e+08   1.22957351322839e-06   2.50664422416190e+01
   1.01181402000000e+08   2.70751093012223e-06   2.48342591642952e+01
   1.01581404000000e+08   1.91947856365005e-06   2.50944643371439e+01
   1.01981407000000e+08   1.75928687440319e-06   2.45420287390862e+01
   1.02381409000000e+08   2.49024856202595e-06   2.50744485546264e+01
   1.02781412000000e+08   1.92373022400716e-06   2.50464264590994e+01
   1.03181415000000e+08   2.76771561402711e-06   2.50023917375508e+01
   1.03581417000000e+08   1.74510068973177e-06   2.51024706501504e+01
   1.03981420000000e+08   1.69723853105097e-06   2.50504296156035e+01
   1.04381422000000e+08   2.26701013161801e-06   2.50784517111300e+01
   1.04781425000000e+08   1.61060131631530e-06   2.50304138330826e+01
   1.05181427000000e+08   2.47449111157039e-06   2.49783727985210e+01
   1.05581430000000e+08   1.95847883333045e-06   2.49423443899722e+01
   1.05981433000000e+08   1.53702023908409e-06   2.49383412334665e+01
   1.49867455000000e+08  -4.30197408422828e-03   2.49823759550261e+01
   1.50267457000000e+08   2.15178692997142e-06   2.49983885810460e+01
   1.50667460000000e+08   1.50350285821332e-06   2.49543538594890e+01
   1.51067462000000e+08   2.41056113736704e-06   2.51104769631567e+01
   1.51467465000000e+08   2.65296216639399e-06   2.49943854245411e+01
   1.51867468000000e+08   2.21521986532025e-06   2.50624390851152e+01
   1.52267470000000e+08   2.58055752055952e-06   2.49983885810460e+01
   1.52667473000000e+08   1.86575016414281e-06   2.50103980505602e+01
   1.53067475000000e+08   2.67638188233832e-06   2.49623601725000e+01
   1.53467478000000e+08   2.70312489192293e-06   2.50624390851152e+01
   1.53867480000000e+08   2.12094255402917e-06   2.50144012070648e+01
   1.54267483000000e+08   2.48561082116794e-06   2.50784517111300e+01
   1.54667486000000e+08   1.88207593510015e-06   2.50023917375508e+01
   1.55067488000000e+08   2.47686261900526e-06   2.50544327721075e+01
   1.55467491000000e+08   2.35437028095475e-06   2.50624390851152e+01
   1.55867493000000e+08   1.90866239790921e-06   2.50904611806405e+01
   1.56267496000000e+08   2.33126934290340e-06   2.50824548676336e+01
   1.56667499000000e+08   1.50720211422595e-06   2.50344169895869e+01
   1.57067501000000e+08   1.99628880181990e-06   2.50464264590994e+01
   1.57467504000000e+08   1.88281580904004e-06   2.50784517111300e+01
   1.57867506000000e+08   1.48525134591182e-06   2.50824548676336e+01
   1.58267509000000e+08   1.57599163230771e-06   2.50063948940555e+01
   1.58667512000000e+08   1.06322193005326e-06   2.50184043635693e+01
   1.59067514000000e+08   1.61156606282020e-06   2.50344169895869e+01
   1.59467517000000e+08   1.94381277651701e-06   2.50424233025953e+01
   1.94882946000000e+08   2.41171242669225e-03   2.50504296156035e+01
   1.95282948000000e+08   1.92933021025965e-06   2.50264106765782e+01
   1.95682951000000e+08   1.33328649098985e-06   2.49983885810460e+01
   1.96082954000000e+08   1.92138281818188e-06   2.50344169895869e+01
   1.96482956000000e+08   2.02799492399208e-06   2.49943854245411e+01
   1.96882959000000e+08   1.56046439769852e-06   2.50424233025953e+01
   1.97282961000000e+08   1.59726471338217e-06   2.49623601725000e+01
   1.97682964000000e+08   1.08887752503506e-06   2.50144012070648e+01
   1.98082967000000e+08   1.61317518632131e-06   2.50664422416190e+01
   1.98482969000000e+08   1.62980279583280e-06   2.51425022151793e+01
   1.98882972000000e+08   1.09214249732759e-06   2.50704453981228e+01
   1.99282974000000e+08   1.89346928891609e-06   2.49263317639489e+01
   1.99682977000000e+08   1.66448569416389e-06   2.50224075200738e+01
   2.00082980000000e+08   1.92797847375914e-06   2.51545116846868e+01
   2.00482982000000e+08   1.89161187336140e-06   2.50744485546264e+01
   2.00882985000000e+08   1.69341444689053e-06   2.50584359286114e+01
   2.01282987000000e+08   2.09629729397420e-06   2.51264895891685e+01
   2.01682990000000e+08   1.51121332692128e-06   2.50504296156035e+01
   2.02082993000000e+08   1.78063453404320e-06   2.50384201460911e+01
   2.02482995000000e+08   2.02744763555529e-06   2.50103980505602e+01
   2.02882998000000e+08   1.53948099068657e-06   2.49263317639489e+01
   2.03283000000000e+08   1.83606346126908e-06   2.50264106765782e+01
   2.03683003000000e+08   1.38664495352714e-06   2.50304138330826e+01
   2.04083005000000e+08   1.78145023710385e-06   2.50264106765782e+01
   2.04483008000000e+08   1.57110548570927e-06   2.50624390851152e+01
