   4.00002000000000e+05   1.95085613086121e-06   2.51024706501504e+01
   8.00005000000000e+05   1.76035518961726e-06   2.50304138330826e+01
   1.20000700000000e+06   1.80916435965628e-06   2.50184043635693e+01
   1.60001000000000e+06   1.90566368019063e-06   2.49623601725000e+01
   2.00001300000000e+06   1.76190758338635e-06   2.50584359286114e+01
   2.40001500000000e+06   1.99196597350237e-06   2.50544327721075e+01
   2.80001800000000e+06   1.80569111307705e-06   2.50664422416190e+01
   3.20002100000000e+06   1.87829812148266e-06   2.50744485546264e+01
   3.60002300000000e+06   2.18985314859310e-06   2.49783727985210e+01
   4.00002600000000e+06   1.81526877440774e-06   2.49423443899722e+01
   4.40002900000000e+06   2.26273073167249e-06   2.50304138330826e+01
   4.80003100000000e+06   1.88501815046038e-06   2.51104769631567e+01
   5.20003400000000e+06   2.16939997699228e-06   2.51665211541937e+01
   5.60003600000000e+06   2.21758978113940e-06   2.50784517111300e+01
   6.00003900000000e+06   2.05879291570454e-06   2.50704453981228e+01
   6.40004200000000e+06   2.29432203013857e-06   2.51505085281844e+01
   6.80004400000000e+06   2.06583445105935e-06   2.50063948940555e+01
   7.20004700000000e+06   2.18539094021253e-06   2.50864580241371e+01
   7.60005000000000e+06   2.32741876970977e-06   2.51224864326656e+01
   8.00005200000000e+06   2.05297101274482e-06   2.50464264590994e+01
   8.40005500000000e+06   2.39238374888373e-06   2.50184043635693e+01
   8.80005800000000e+06   2.12289546652755e-06   2.50504296156035e+01
   9.20006000000000e+06   2.08842038773582e-06   2.49503507029835e+01
   9.60006300000000e+06   1.77305787474324e-06   2.50944643371439e+01
   4.20775050000000e+07   2.32878746464849e-03   2.49583570159945e+01
   4.24775080000000e+07   2.00863519239647e-06   2.50224075200738e+01
   4.28775100000000e+07   3.00748502013448e-06   2.49743696420159e+01
   4.32775130000000e+07   2.46086665356415e-06   2.50864580241371e+01
   4.36775160000000e+07   2.89842063239121e-07   2.50103980505602e+01
   4.40775180000000e+07   1.81298776169569e-06   2.50504296156035e+01
   4.44775210000000e+07   2.34506001106638e-06   2.51344959021740e+01
   4.48775240000000e+07   3.03789170175151e-06   2.50784517111300e+01
   4.52775260000000e+07   1.90511707387486e-06   2.51304927456713e+01
   4.56775290000000e+07   1.90053242477006e-07   2.50224075200738e+01
   4.60775310000000e+07   2.12040049518691e-06   2.50944643371439e+01
   4.64775340000000e+07   2.47149660026480e-06   2.51064738066536e+01
   4.68775370000000e+07   2.60717933997512e-06   2.50904611806405e+01
   4.72775390000000e+07   1.33311755234899e-06   2.50023917375508e+01
   4.76775420000000e+07   3.86220108339330e-07   2.50304138330826e+01
   4.80775450000000e+07   2.67662585429207e-06   2.51024706501504e+01
   4.84775470000000e+07   2.35624111155630e-06   2.49663633290053e+01
   4.88775500000000e+07   2.26220618060324e-06   2.50624390851152e+01
   4.92775520000000e+07   1.05654271465028e-06   2.51425022151793e+01
   4.96775550000000e+07   9.57150177782751e-07   2.50384201460911e+01
   5.00775580000000e+07   2.81893403553113e-06   2.50904611806405e+01
   5.04775600000000e+07   2.22763424062578e-06   2.50184043635693e+01
   5.08775630000000e+07   1.90792411558505e-06   2.51104769631567e+01
   5.12775660000000e+07   1.16675664685317e-06   2.50304138330826e+01
   5.16775680000000e+07   1.49733284615650e-06   2.50304138330826e+01
   9.53044330000000e+07  -4.16709948331118e-03   2.50224075200738e+01
   9.57044350000000e+07   1.53084931753256e-06   2.49903822680362e+01
   9.61044380000000e+07   2.12540112443094e-06   2.50103980505602e+01
   9.65044410000000e+07   2.93272250928567e-06   2.50384201460911e+01
   9.69044430000000e+07   1.39289033995738e-06   2.50103980505602e+01
   9.73044460000000e+07   1.65429628395941e-06   2.50544327721075e+01
   9.77044480000000e+07   1.80569202257175e-06   2.49103191379245e+01
   9.81044510000000e+07   2.31029730457522e-06   2.50664422416190e+01
   9.85044540000000e+07   2.77586991614953e-06   2.50704453981228e+01
   9.89044560000000e+07   1.11588315121480e-06   2.50224075200738e+01
   9.93044590000000e+07   1.74798833540990e-06   2.50344169895869e+01
   9.97044620000000e+07   1.80551012363139e-06   2.50624390851152e+01
   1.00104464000000e+08   2.30506543630327e-06   2.50424233025953e+01
   1.00504467000000e+08   2.21427376345673e-06   2.50784517111300e+01
   1.00904469000000e+08   9.42688700433791e-07   2.49863791115312e+01
   1.01304472000000e+08   1.93825349015242e-06   2.50103980505602e+01
   1.01704475000000e+08   2.11209385270195e-06   2.50824548676336e+01
   1.02104477000000e+08   2.24962423089892e-06   2.50744485546264e+01
   1.02504480000000e+08   2.09358313441044e-06   2.49423443899722e+01
   1.02904483000000e+08   9.98445443656237e-07   2.49783727985210e+01
   1.03304485000000e+08   2.19980870497238e-06   2.50424233025953e+01
   1.03704488000000e+08   1.98187626665458e-06   2.49663633290053e+01
   1.04104491000000e+08   2.12441000257968e-06   2.50063948940555e+01
   1.04504493000000e+08   1.56652436089644e-06   2.50384201460911e+01
   1.04904496000000e+08   1.16523210635933e-06   2.49743696420159e+01
   1.48642848000000e+08   4.56822477281094e-03   2.50424233025953e+01
   1.49042851000000e+08   2.52198856287578e-06   2.50304138330826e+01
   1.49442854000000e+08   4.56591862985078e-07   2.49623601725000e+01
   1.49842856000000e+08   2.48875812758342e-06   2.49703664855106e+01
   1.50242859000000e+08   1.80594236098841e-06   2.49023128249120e+01
   1.50642862000000e+08   1.99922556021193e-06   2.49463475464779e+01
   1.51042864000000e+08   2.29105648941186e-06   2.49983885810460e+01
   1.51442867000000e+08   5.97123857914994e-07   2.49943854245411e+01
   1.51842870000000e+08   2.55066993304354e-06   2.49743696420159e+01
   1.52242872000000e+08   1.64284551829041e-06   2.49863791115312e+01
   1.52642875000000e+08   1.81884888661443e-06   2.49463475464779e+01
   1.53042877000000e+08   1.99721489479998e-06   2.50424233025953e+01
   1.53442880000000e+08   6.98157521128451e-07   2.50584359286114e+01
   1.53842883000000e+08   2.78419338428648e-06   2.50904611806405e+01
   1.54242885000000e+08   1.56636872361560e-06   2.50784517111300e+01
   1.54642888000000e+08   1.92852871805371e-06   2.50504296156035e+01
   1.55042891000000e+08   1.81926145614852e-06   2.49543538594890e+01
   1.55442893000000e+08   1.14204749479541e-06   2.50184043635693e+01
   1.55842896000000e+08   2.84912471215648e-06   2.50144012070648e+01
   1.56242899000000e+08   1.61426078193472e-06   2.49703664855106e+01
   1.56642901000000e+08   1.76767571247183e-06   2.50144012070648e+01
   1.57042904000000e+08   1.90335060779034e-06   2.49583570159945e+01
   1.57442906000000e+08   1.33598916818300e-06   2.50304138330826e+01
   1.57842909000000e+08   2.92732829620945e-06   2.50184043635693e+01
   1.58242912000000e+08   1.44379123412364e-06   2.49583570159945e+01
   1.92882243000000e+08  -2.02419981360435e-03   2.49623601725000e+01
   1.93282245000000e+08   1.91312778952124e-06   2.49703664855106e+01
   1.93682248000000e+08   1.58671582539682e-06   2.50384201460911e+01
   1.94082251000000e+08   1.55466841533780e-06   2.50384201460911e+01
   1.94482253000000e+08   1.88201920536812e-06   2.50584359286114e+01
   1.94882256000000e+08   2.28471412810904e-06   2.49343380769607e+01
   1.95282259000000e+08   1.79212611328694e-06   2.50144012070648e+01
   1.95682261000000e+08   1.53831615534727e-06   2.49543538594890e+01
   1.96082264000000e+08   1.64454775131162e-06   2.49983885810460e+01
   1.96482266000000e+08   2.08681990443438e-06   2.50184043635693e+01
   1.96882269000000e+08   2.23389224629500e-06   2.49423443899722e+01
   1.97282272000000e+08   1.58593377364014e-06   2.49663633290053e+01
   1.97682274000000e+08   1.49770301050012e-06   2.50784517111300e+01
   1.98082277000000e+08   1.83733936864883e-06   2.50063948940555e+01
   1.98482280000000e+08   1.97554481928819e-06   2.50023917375508e+01
   1.98882282000000e+08   2.02896148948639e-06   2.50184043635693e+01
   1.99282285000000e+08   1.43905356253526e-06   2.49423443899722e+01
   1.99682288000000e+08   1.75464833773731e-06   2.50023917375508e+01
   2.00082290000000e+08   1.87896205261495e-06   2.49943854245411e+01
   2.00482293000000e+08   2.07847165256680e-06   2.50384201460911e+01
   2.00882295000000e+08   2.03520312425098e-06   2.49503507029835e+01
   2.01282298000000e+08   1.36682922402542e-06   2.49823759550261e+01
   2.01682301000000e+08   1.86443901384337e-06   2.50424233025953e+01
   2.02082303000000e+08   1.87734781320614e-06   2.50023917375508e+01
   2.02482306000000e+08   2.08126834877476e-06   2.50144012070648e+01
