   4.00003000000000e+05   1.60029389917327e-06   2.50063948940555e+01
   8.00005000000000e+05   1.81971074653120e-06   2.50144012070648e+01
   1.20000800000000e+06   1.61153002409264e-06   2.50304138330826e+01
   1.60001000000000e+06   1.72596242009604e-06   2.51184832761627e+01
   2.00001300000000e+06   1.65273036145663e-06   2.49823759550261e+01
   2.40001600000000e+06   1.59744843131193e-06   2.51024706501504e+01
   2.80001800000000e+06   1.63924914886593e-06   2.50184043635693e+01
   3.20002100000000e+06   1.61855496116914e-06   2.50224075200738e+01
   3.60002300000000e+06   1.65508674854209e-06   2.50984674936472e+01
   4.00002600000000e+06   1.70955036082887e-06   2.49943854245411e+01
   4.40002900000000e+06   1.59609010097483e-06   2.49863791115312e+01
   4.80003100000000e+06   1.81110851826816e-06   2.50464264590994e+01
   5.20003400000000e+06   1.63123070251459e-06   2.50784517111300e+01
   5.60003600000000e+06   1.71796193626506e-06   2.49943854245411e+01
   6.00003900000000e+06   1.68319400017936e-06   2.51144801196597e+01
   6.40004100000000e+06   1.68592680438451e-06   2.51585148411891e+01
   6.80004400000000e+06   1.68710232628655e-06   2.49983885810460e+01
   7.20004700000000e+06   1.73028763583716e-06   2.49983885810460e+01
   7.60004900000000e+06   1.87755176739302e-06   2.49703664855106e+01
   8.00005200000000e+06   2.00294789465261e-06   2.50464264590994e+01
   8.40005400000000e+06   1.80684128281428e-06   2.49703664855106e+01
   8.80005700000000e+06   2.00256681637256e-06   2.50384201460911e+01
   9.20006000000000e+06   1.86661316092795e-06   2.50544327721075e+01
   9.60006200000000e+06   1.81836855972506e-06   2.50504296156035e+01
   4.23592280000000e+07   1.56987720401958e-04   2.50344169895869e+01
   4.27592310000000e+07   1.92364882423135e-06   2.50224075200738e+01
   4.31592330000000e+07   1.72597992786905e-06   2.50103980505602e+01
   4.35592360000000e+07   2.08498840947868e-06   2.50624390851152e+01
   4.39592380000000e+07   2.03263721232361e-06   2.51024706501504e+01
   4.43592410000000e+07   1.93618848243204e-06   2.50464264590994e+01
   4.47592440000000e+07   2.11509086511796e-06   2.51264895891685e+01
   4.51592460000000e+07   1.92912261809397e-06   2.50544327721075e+01
   4.55592490000000e+07   1.82849089469528e-06   2.49423443899722e+01
   4.59592510000000e+07   1.83260328867618e-06   2.51425022151793e+01
   4.63592540000000e+07   1.72053012192919e-06   2.50784517111300e+01
   4.67592570000000e+07   1.88828960290266e-06   2.50584359286114e+01
   4.71592590000000e+07   1.67361281455669e-06   2.52225653452185e+01
   4.75592620000000e+07   1.75196294094349e-06   2.50984674936472e+01
   4.79592640000000e+07   1.62557239491434e-06   2.51104769631567e+01
   4.83592670000000e+07   1.58692535023874e-06   2.51545116846868e+01
   4.87592700000000e+07   1.73887963228481e-06   2.50624390851152e+01
   4.91592720000000e+07   1.61503646722849e-06   2.50344169895869e+01
   4.95592750000000e+07   1.86738350294036e-06   2.51024706501504e+01
   4.99592770000000e+07   1.78282232354832e-06   2.51184832761627e+01
   5.03592800000000e+07   1.82951180249802e-06   2.50664422416190e+01
   5.07592830000000e+07   1.86445697636373e-06   2.50864580241371e+01
   5.11592850000000e+07   1.75742570718285e-06   2.49703664855106e+01
   5.15592880000000e+07   1.73789180735184e-06   2.50504296156035e+01
   5.19592900000000e+07   1.70762405105052e-06   2.50063948940555e+01
   9.56198690000000e+07   1.84975055162795e-04   2.50224075200738e+01
   9.60198720000000e+07   1.75837499227782e-06   2.50824548676336e+01
   9.64198740000000e+07   1.60486331424181e-06   2.51104769631567e+01
   9.68198770000000e+07   1.74626802618150e-06   2.50304138330826e+01
   9.72198800000000e+07   1.67090547620319e-06   2.49623601725000e+01
   9.76198820000000e+07   1.69356553669786e-06   2.51705243106959e+01
   9.80198850000000e+07   1.76033665866271e-06   2.50544327721075e+01
   9.84198870000000e+07   1.57204806328082e-06   2.50103980505602e+01
   9.88198900000000e+07   1.78534503447736e-06   2.49703664855106e+01
   9.92198930000000e+07   1.68243082043773e-06   2.50904611806405e+01
   9.96198950000000e+07   1.76894036485464e-06   2.50464264590994e+01
   1.00019898000000e+08   1.82364419742953e-06   2.49743696420159e+01
   1.00419900000000e+08   1.77167453330185e-06   2.50304138330826e+01
   1.00819903000000e+08   1.79513097009476e-06   2.50344169895869e+01
   1.01219906000000e+08   1.81229677309602e-06   2.49863791115312e+01
   1.01619908000000e+08   1.77091089881287e-06   2.50704453981228e+01
   1.02019911000000e+08   1.84122120572283e-06   2.49463475464779e+01
   1.02419913000000e+08   1.72130603459664e-06   2.49823759550261e+01
   1.02819916000000e+08   1.83731287961564e-06   2.49543538594890e+01
   1.03219919000000e+08   1.75215689068864e-06   2.49583570159945e+01
   1.03619921000000e+08   1.77968433945352e-06   2.49423443899722e+01
   1.04019924000000e+08   1.80605672994716e-06   2.50224075200738e+01
   1.04419926000000e+08   1.81309360414161e-06   2.50023917375508e+01
   1.04819929000000e+08   1.79279129497445e-06   2.50304138330826e+01
   1.05219932000000e+08   1.73809166881256e-06   2.49543538594890e+01
   1.48752098000000e+08   2.12675178772770e-04   2.50544327721075e+01
   1.49152101000000e+08   1.90568255220569e-06   2.51344959021740e+01
   1.49552103000000e+08   1.70352632267168e-06   2.50824548676336e+01
   1.49952106000000e+08   1.79397125066316e-06   2.51264895891685e+01
   1.50352109000000e+08   1.93509117707436e-06   2.49583570159945e+01
   1.50752111000000e+08   1.69980205555476e-06   2.49943854245411e+01
   1.51152114000000e+08   1.87695343356609e-06   2.47702086601686e+01
   1.51552116000000e+08   1.77013600932696e-06   2.51144801196597e+01
   1.51952119000000e+08   2.00410840989207e-06   2.49823759550261e+01
   1.52352122000000e+08   1.90330069926858e-06   2.49303349204548e+01
   1.52752124000000e+08   1.78421726104716e-06   2.49703664855106e+01
   1.53152127000000e+08   1.99907481146511e-06   2.51745274671980e+01
   1.53552129000000e+08   1.78714719822892e-06   2.49263317639489e+01
   1.53952132000000e+08   1.92302672985534e-06   2.51865369367039e+01
   1.54352135000000e+08   1.88264380085457e-06   2.53026284752328e+01
   1.54752137000000e+08   1.83867689429462e-06   2.48742907293661e+01
   1.55152140000000e+08   1.91190451914736e-06   2.49423443899722e+01
   1.55552142000000e+08   1.61485309035925e-06   2.52025495627110e+01
   1.55952145000000e+08   1.88771980447200e-06   2.50544327721075e+01
   1.56352148000000e+08   1.72925467722962e-06   2.48142433817574e+01
   1.56752150000000e+08   1.68965141256194e-06   2.51024706501504e+01
   1.57152153000000e+08   1.79453263626783e-06   2.49143222944307e+01
   1.57552155000000e+08   1.76074115643132e-06   2.50824548676336e+01
   1.57952158000000e+08   1.86774104804499e-06   2.52225653452185e+01
   1.58352161000000e+08   1.72400541487150e-06   2.49183254509368e+01
   1.93050089000000e+08   1.53800196130760e-04   2.50544327721075e+01
   1.93450092000000e+08   1.86892498277302e-06   2.51945432497076e+01
   1.93850095000000e+08   1.46015645441366e-06   2.50384201460911e+01
   1.94250097000000e+08   2.03022341338510e-06   2.51384990586767e+01
   1.94650100000000e+08   1.54906399529864e-06   2.50344169895869e+01
   1.95050102000000e+08   1.73399598679680e-06   2.49783727985210e+01
   1.95450105000000e+08   1.92725565284491e-06   2.49183254509368e+01
   1.95850108000000e+08   1.56427745423571e-06   2.51024706501504e+01
   1.96250110000000e+08   1.99820351554081e-06   2.48302560077878e+01
   1.96650113000000e+08   1.53222674725839e-06   2.49383412334665e+01
   1.97050115000000e+08   1.86524232503871e-06   2.51465053716819e+01
   1.97450118000000e+08   1.93336995835125e-06   2.51425022151793e+01
   1.97850121000000e+08   1.68379438036936e-06   2.48742907293661e+01
   1.98250123000000e+08   2.15095360545092e-06   2.50904611806405e+01
   1.98650126000000e+08   1.71915780811105e-06   2.50344169895869e+01
   1.99050128000000e+08   2.01736111193895e-06   2.51545116846868e+01
   1.99450131000000e+08   1.76307628407812e-06   2.50544327721075e+01
   1.99850134000000e+08   1.69041197750630e-06   2.50704453981228e+01
   2.00250136000000e+08   1.90642003872199e-06   2.50944643371439e+01
   2.00650139000000e+08   1.57947999923636e-06   2.50784517111300e+01
   2.01050141000000e+08   1.82868257070368e-06   2.50144012070648e+01
   2.01450144000000e+08   1.96700648302794e-06   2.50184043635693e+01
   2.01850147000000e+08   1.77638253262558e-06   2.48342591642952e+01
   2.02250149000000e+08   2.04430853045778e-06   2.49943854245411e+01
   2.02650152000000e+08   1.74861713730934e-06   2.50504296156035e+01
