   4.00002000000000e+05   1.35044558646769e-06   2.49863791115312e+01
   8.00005000000000e+05   1.24389418942883e-06   2.49423443899722e+01
   1.20000700000000e+06   1.35482741825399e-06   2.50384201460911e+01
   1.60001000000000e+06   1.60036472607317e-06   2.49903822680362e+01
   2.00001300000000e+06   1.39780104291276e-06   2.50464264590994e+01
   2.40001500000000e+06   1.76967216702906e-06   2.50103980505602e+01
   2.80001800000000e+06   1.44139187341352e-06   2.50704453981228e+01
   3.20002000000000e+06   1.67316670740547e-06   2.49983885810460e+01
   3.60002300000000e+06   1.52188442825718e-06   2.50544327721075e+01
   4.00002600000000e+06   1.55056545736443e-06   2.50224075200738e+01
   4.40002800000000e+06   1.67728728683869e-06   2.51224864326656e+01
   4.80003100000000e+06   1.43023282817012e-06   2.51384990586767e+01
   5.20003300000000e+06   1.60348463396076e-06   2.50544327721075e+01
   5.60003600000000e+06   1.64643324751523e-06   2.50224075200738e+01
   6.00003900000000e+06   1.53180633333250e-06   2.50864580241371e+01
   6.40004100000000e+06   1.77709773652168e-06   2.51104769631567e+01
   6.80004400000000e+06   1.47674336403725e-06   2.49863791115312e+01
   7.20004600000000e+06   1.81540713128925e-06   2.50904611806405e+01
   7.60004900000000e+06   1.99280157175963e-06   2.50504296156035e+01
   8.00005200000000e+06   2.09376526072447e-06   2.50023917375508e+01
   8.40005400000000e+06   2.20528909267159e-06   2.49823759550261e+01
   8.80005700000000e+06   2.00217596102448e-06   2.50304138330826e+01
   9.20005900000000e+06   2.11694396057283e-06   2.50624390851152e+01
   9.60006200000000e+06   1.56270425577532e-06   2.49863791115312e+01
   4.20427370000000e+07   2.38610012456775e-03   2.51785306237000e+01
   4.24427400000000e+07   1.23084430470044e-06   2.50824548676336e+01
   4.28427420000000e+07   1.48285209888854e-06   2.50384201460911e+01
   4.32427450000000e+07   2.59953048953321e-06   2.49663633290053e+01
   4.36427480000000e+07   1.76490209469193e-06   2.50424233025953e+01
   4.40427500000000e+07   2.53817097473075e-06   2.50664422416190e+01
   4.44427530000000e+07   1.49290031004057e-06   2.51545116846868e+01
   4.48427550000000e+07   1.76452920186421e-06   2.50063948940555e+01
   4.52427580000000e+07   2.68414032689179e-06   2.50304138330826e+01
   4.56427610000000e+07   1.06231084373576e-06   2.50704453981228e+01
   4.60427630000000e+07   1.79251060217211e-06   2.50023917375508e+01
   4.64427660000000e+07   7.69967073210864e-07   2.49903822680362e+01
   4.68427680000000e+07   1.08243773411232e-06   2.49903822680362e+01
   4.72427710000000e+07   1.96480323211290e-06   2.49543538594890e+01
   4.76427740000000e+07   9.95129767034086e-07   2.51104769631567e+01
   4.80427760000000e+07   1.77817867097474e-06   2.51224864326656e+01
   4.84427790000000e+07   8.40030907056644e-07   2.49703664855106e+01
   4.88427810000000e+07   1.04395928701706e-06   2.49983885810460e+01
   4.92427840000000e+07   1.98710836230021e-06   2.51184832761627e+01
   4.96427870000000e+07   1.22996675600007e-06   2.50624390851152e+01
   5.00427890000000e+07   1.99913779397320e-06   2.49863791115312e+01
   5.04427920000000e+07   9.89137220130942e-07   2.49303349204548e+01
   5.08427940000000e+07   1.41923749197304e-06   2.50944643371439e+01
   5.12427970000000e+07   2.17939464164374e-06   2.50304138330826e+01
   5.16427990000000e+07   1.10829284949432e-06   2.50464264590994e+01
   9.51251400000000e+07  -4.25992533564568e-03   2.50264106765782e+01
   9.55251430000000e+07   2.73786122306774e-06   2.49543538594890e+01
   9.59251460000000e+07   5.43878059033887e-07   2.49983885810460e+01
   9.63251480000000e+07   1.54738029323198e-06   2.49703664855106e+01
   9.67251510000000e+07   1.21832658805943e-06   2.50264106765782e+01
   9.71251530000000e+07   2.10361395147629e-06   2.49503507029835e+01
   9.75251560000000e+07   2.46174590756709e-06   2.50023917375508e+01
   9.79251590000000e+07   3.32558158788743e-07   2.50103980505602e+01
   9.83251610000000e+07   1.40653924063372e-06   2.50544327721075e+01
   9.87251640000000e+07   9.93463686427276e-07   2.50424233025953e+01
   9.91251660000000e+07   1.98862653633114e-06   2.50664422416190e+01
   9.95251690000000e+07   2.77539174931007e-06   2.50224075200738e+01
   9.99251720000000e+07   1.09023062577762e-06   2.50944643371439e+01
   1.00325174000000e+08   2.06013351089496e-06   2.50624390851152e+01
   1.00725177000000e+08   1.79489268248290e-06   2.50464264590994e+01
   1.01125179000000e+08   2.59036710303917e-06   2.49863791115312e+01
   1.01525182000000e+08   2.86519821202091e-06   2.50264106765782e+01
   1.01925184000000e+08   9.96885091808508e-07   2.50264106765782e+01
   1.02325187000000e+08   2.16373086914246e-06   2.51024706501504e+01
   1.02725190000000e+08   1.71983685959276e-06   2.50103980505602e+01
   1.03125192000000e+08   2.56384191743564e-06   2.50464264590994e+01
   1.03525195000000e+08   2.28533895096916e-06   2.49703664855106e+01
   1.03925197000000e+08   5.98164774601173e-07   2.50424233025953e+01
   1.04325200000000e+08   1.54492431647668e-06   2.50504296156035e+01
   1.04725203000000e+08   1.19536230158701e-06   2.50023917375508e+01
   1.48442888000000e+08   4.66067483648658e-03   2.50904611806405e+01
   1.48842891000000e+08   1.99859505300992e-06   2.51184832761627e+01
   1.49242894000000e+08   1.12643704142101e-06   2.50864580241371e+01
   1.49642896000000e+08   1.78488664914767e-06   2.50864580241371e+01
   1.50042899000000e+08   2.13243902180693e-06   2.50784517111300e+01
   1.50442901000000e+08   6.80089954130381e-07   2.50103980505602e+01
   1.50842904000000e+08   2.04765456146561e-06   2.50023917375508e+01
   1.51242907000000e+08   1.12921406980604e-06   2.51425022151793e+01
   1.51642909000000e+08   1.54640554228536e-06   2.50103980505602e+01
   1.52042912000000e+08   1.75386958289891e-06   2.50184043635693e+01
   1.52442914000000e+08   4.86266060306662e-07   2.50424233025953e+01
   1.52842917000000e+08   1.81313282610063e-06   2.50984674936472e+01
   1.53242920000000e+08   9.27324038002553e-07   2.50944643371439e+01
   1.53642922000000e+08   1.78256834715285e-06   2.50864580241371e+01
   1.54042925000000e+08   2.10323537430668e-06   2.50784517111300e+01
   1.54442927000000e+08   8.51079391850362e-07   2.49943854245411e+01
   1.54842930000000e+08   2.09298946174385e-06   2.51144801196597e+01
   1.55242933000000e+08   1.23445192912186e-06   2.50384201460911e+01
   1.55642935000000e+08   1.71026681528019e-06   2.50224075200738e+01
   1.56042938000000e+08   1.88864839856251e-06   2.49463475464779e+01
   1.56442940000000e+08   7.25978679838590e-07   2.50544327721075e+01
   1.56842943000000e+08   2.04024081540410e-06   2.49783727985210e+01
   1.57242946000000e+08   1.19429228107037e-06   2.49943854245411e+01
   1.57642948000000e+08   2.23961183110077e-06   2.50063948940555e+01
   1.58042951000000e+08   2.37522340285068e-06   2.49703664855106e+01
   1.93063565000000e+08  -2.06790002994239e-03   2.51184832761627e+01
   1.93463568000000e+08   3.15597731059825e-06   2.50264106765782e+01
   1.93863570000000e+08   2.57448959928297e-06   2.51144801196597e+01
   1.94263573000000e+08   1.83492613814451e-06   2.51104769631567e+01
   1.94663575000000e+08   9.15050748062640e-07   2.50384201460911e+01
   1.95063578000000e+08   1.97478925656469e-06   2.50424233025953e+01
   1.95463580000000e+08   3.48822413798189e-06   2.50103980505602e+01
   1.95863583000000e+08   3.03591332340147e-06   2.50624390851152e+01
   1.96263586000000e+08   2.43244016928656e-06   2.49263317639489e+01
   1.96663588000000e+08   1.69257430115977e-06   2.50824548676336e+01
   1.97063591000000e+08   2.61901141129783e-06   2.50784517111300e+01
   1.97463593000000e+08   3.70662905879726e-06   2.50264106765782e+01
   1.97863596000000e+08   3.17260560223076e-06   2.50264106765782e+01
   1.98263599000000e+08   2.50501284426718e-06   2.50464264590994e+01
   1.98663601000000e+08   1.81272662302945e-06   2.50504296156035e+01
   1.99063604000000e+08   2.78266725217691e-06   2.50904611806405e+01
   1.99463606000000e+08   3.19037644658238e-06   2.49863791115312e+01
   1.99863609000000e+08   2.26291240323917e-06   2.50264106765782e+01
   2.00263612000000e+08   1.60239676461060e-06   2.51144801196597e+01
   2.00663614000000e+08   1.09938071091165e-06   2.50264106765782e+01
   2.01063617000000e+08   1.95955340132059e-06   2.51064738066536e+01
   2.01463619000000e+08   2.38928737417154e-06   2.51825337802020e+01
   2.01863622000000e+08   1.45308410992584e-06   2.50464264590994e+01
   2.02263625000000e+08   1.03492232028657e-06   2.50704453981228e+01
   2.02663627000000e+08   4.70797999696515e-07   2.51585148411891e+01
