   4.00003000000000e+05   1.85634917215793e-06   2.50464264590994e+01
   8.00006000000000e+05   1.87208786428528e-06   2.49623601725000e+01
   1.20000800000000e+06   1.84529892521823e-06   2.50704453981228e+01
   1.60001100000000e+06   1.75525462964288e-06   2.50744485546264e+01
   2.00001300000000e+06   1.83143606591329e-06   2.50184043635693e+01
   2.40001600000000e+06   1.73533953784499e-06   2.50864580241371e+01
   2.80001900000000e+06   1.78439449882717e-06   2.49743696420159e+01
   3.20002100000000e+06   1.34742811042088e-06   2.50664422416190e+01
   3.60002400000000e+06   1.35899585984589e-06   2.50063948940555e+01
   4.00002600000000e+06   1.28025226331374e-06   2.50624390851152e+01
   4.40002900000000e+06   1.31188573959662e-06   2.49943854245411e+01
   4.80003200000000e+06   1.32086279336363e-06   2.51104769631567e+01
   5.20003400000000e+06   1.53491441778897e-06   2.49343380769607e+01
   5.60003700000000e+06   1.59350759076915e-06   2.50704453981228e+01
   6.00003900000000e+06   1.52829204580485e-06   2.51705243106959e+01
   6.40004200000000e+06   1.53064320329577e-06   2.50624390851152e+01
   6.80004500000000e+06   1.60701267759578e-06   2.50224075200738e+01
   7.20004700000000e+06   1.71756107647525e-06   2.50584359286114e+01
   7.60005000000000e+06   1.87869875389879e-06   2.51104769631567e+01
   8.00005200000000e+06   1.82970325113274e-06   2.50384201460911e+01
   8.40005500000000e+06   1.87988473498990e-06   2.50184043635693e+01
   8.80005800000000e+06   1.82205462806451e-06   2.51024706501504e+01
   9.20006000000000e+06   1.90528089660802e-06   2.51304927456713e+01
   9.60006300000000e+06   2.06368667932111e-06   2.50103980505602e+01
   4.20816260000000e+07  -2.05099978484213e-03   2.51104769631567e+01
   4.24816280000000e+07   1.98226803149737e-06   2.50144012070648e+01
   4.28816310000000e+07   2.90121420221112e-06   2.50424233025953e+01
   4.32816330000000e+07   1.26413590351149e-06   2.50464264590994e+01
   4.36816360000000e+07   1.60213676281273e-06   2.49743696420159e+01
   4.40816380000000e+07   1.56291071107262e-06   2.50264106765782e+01
   4.44816410000000e+07   2.20775564230280e-06   2.50624390851152e+01
   4.48816440000000e+07   2.57213059740025e-06   2.50464264590994e+01
   4.52816460000000e+07   1.09257780422922e-06   2.50984674936472e+01
   4.56816490000000e+07   1.63740560310544e-06   2.50464264590994e+01
   4.60816510000000e+07   1.67668929407228e-06   2.51224864326656e+01
   4.64816540000000e+07   2.07809557650762e-06   2.50144012070648e+01
   4.68816570000000e+07   2.39314294958604e-06   2.49503507029835e+01
   4.72816590000000e+07   9.83590666692180e-07   2.50424233025953e+01
   4.76816620000000e+07   1.69984900821873e-06   2.50984674936472e+01
   4.80816640000000e+07   1.51779704538058e-06   2.50023917375508e+01
   4.84816670000000e+07   2.20495348912664e-06   2.49743696420159e+01
   4.88816700000000e+07   2.09017298402614e-06   2.49583570159945e+01
   4.92816720000000e+07   1.06923516796087e-06   2.49983885810460e+01
   4.96816750000000e+07   1.85907833838428e-06   2.49663633290053e+01
   5.00816770000000e+07   1.99220608010364e-06   2.49743696420159e+01
   5.04816800000000e+07   2.22720132114773e-06   2.50544327721075e+01
   5.08816830000000e+07   2.06035656447057e-06   2.50624390851152e+01
   5.12816850000000e+07   9.95471509668278e-07   2.50304138330826e+01
   5.16816880000000e+07   2.11237215808069e-06   2.49383412334665e+01
   9.51181660000000e+07   4.60462411865592e-03   2.50184043635693e+01
   9.55181680000000e+07   1.58593093146919e-06   2.50144012070648e+01
   9.59181710000000e+07   1.99361807062814e-06   2.49823759550261e+01
   9.63181730000000e+07   1.28733620385901e-06   2.50063948940555e+01
   9.67181760000000e+07   1.00107558864693e-06   2.49023128249120e+01
   9.71181790000000e+07   3.93601203541039e-06   2.50103980505602e+01
   9.75181810000000e+07   1.25366852898878e-06   2.50704453981228e+01
   9.79181840000000e+07   1.62700132477767e-06   2.50504296156035e+01
   9.83181860000000e+07   1.15238651687832e-06   2.50424233025953e+01
   9.87181890000000e+07   1.19105345675052e-06   2.51344959021740e+01
   9.91181920000000e+07   3.79125617655518e-06   2.51344959021740e+01
   9.95181940000000e+07   8.63280547491740e-07   2.51064738066536e+01
   9.99181970000000e+07   1.58462580657215e-06   2.51545116846868e+01
   1.00318199000000e+08   1.32798413687851e-06   2.51985464062093e+01
   1.00718202000000e+08   1.44902298870875e-06   2.50664422416190e+01
   1.01118205000000e+08   3.47300260727934e-06   2.50784517111300e+01
   1.01518207000000e+08   4.70855042067342e-07   2.50824548676336e+01
   1.01918210000000e+08   1.55146278757456e-06   2.49983885810460e+01
   1.02318212000000e+08   1.14296176434436e-06   2.50664422416190e+01
   1.02718215000000e+08   1.64780806244380e-06   2.51304927456713e+01
   1.03118218000000e+08   3.37529968419403e-06   2.50704453981228e+01
   1.03518220000000e+08   6.59760246435326e-07   2.50664422416190e+01
   1.03918223000000e+08   1.82251369551523e-06   2.49903822680362e+01
   1.04318225000000e+08   1.54421820752759e-06   2.49623601725000e+01
   1.04718228000000e+08   2.04217985810828e-06   2.50264106765782e+01
   1.48386203000000e+08  -4.20304993167520e-03   2.50144012070648e+01
   1.48786205000000e+08   2.73711430054391e-06   2.49023128249120e+01
   1.49186208000000e+08   1.35787786348374e-06   2.50704453981228e+01
   1.49586210000000e+08   2.71586054623185e-06   2.49343380769607e+01
   1.49986213000000e+08   6.71155930831446e-07   2.50224075200738e+01
   1.50386216000000e+08   1.06929076082452e-06   2.49583570159945e+01
   1.50786218000000e+08   2.66973961515760e-06   2.49823759550261e+01
   1.51186221000000e+08   1.27832049656718e-06   2.50944643371439e+01
   1.51586223000000e+08   2.47891148319468e-06   2.50304138330826e+01
   1.51986226000000e+08   5.32464639491081e-07   2.49903822680362e+01
   1.52386229000000e+08   1.38886821332562e-06   2.50224075200738e+01
   1.52786231000000e+08   2.66848905994266e-06   2.49583570159945e+01
   1.53186234000000e+08   1.30296803035890e-06   2.50023917375508e+01
   1.53586236000000e+08   2.41109091803082e-06   2.50144012070648e+01
   1.53986239000000e+08   6.94761070008099e-07   2.50224075200738e+01
   1.54386242000000e+08   1.73215050836006e-06   2.49263317639489e+01
   1.54786244000000e+08   2.69163479060808e-06   2.50103980505602e+01
   1.55186247000000e+08   1.28128419873974e-06   2.49343380769607e+01
   1.55586249000000e+08   2.16682178688643e-06   2.49903822680362e+01
   1.55986252000000e+08   5.54084294890345e-07   2.49503507029835e+01
   1.56386255000000e+08   1.84030909622379e-06   2.49303349204548e+01
   1.56786257000000e+08   2.49130084739591e-06   2.49663633290053e+01
   1.57186260000000e+08   1.19715832624934e-06   2.49903822680362e+01
   1.57586262000000e+08   1.98810084839351e-06   2.49823759550261e+01
   1.57986265000000e+08   7.42175245704857e-07   2.49303349204548e+01
   1.92980018000000e+08   2.36164988018572e-03   2.49783727985210e+01
   1.93380021000000e+08   2.89206468551129e-06   2.49983885810460e+01
   1.93780023000000e+08   6.12140411249129e-07   2.50464264590994e+01
   1.94180026000000e+08   1.17551667244697e-06   2.49783727985210e+01
   1.94580029000000e+08   3.09768734041427e-06   2.50264106765782e+01
   1.94980031000000e+08   1.22790208934020e-06   2.49623601725000e+01
   1.95380034000000e+08   3.07456957671093e-06   2.50304138330826e+01
   1.95780036000000e+08   1.06706454516825e-06   2.50864580241371e+01
   1.96180039000000e+08   1.84636724043230e-06   2.50264106765782e+01
   1.96580042000000e+08   3.19113132718485e-06   2.50264106765782e+01
   1.96980044000000e+08   1.53004054936901e-06   2.49863791115312e+01
   1.97380047000000e+08   3.14068415718793e-06   2.50584359286114e+01
   1.97780049000000e+08   1.13629141651472e-06   2.50424233025953e+01
   1.98180052000000e+08   2.13478097066400e-06   2.49703664855106e+01
   1.98580055000000e+08   3.41148916049860e-06   2.50424233025953e+01
   1.98980057000000e+08   1.45955721109203e-06   2.50344169895869e+01
   1.99380060000000e+08   2.69882025349943e-06   2.50584359286114e+01
   1.99780062000000e+08   7.25614881957881e-07   2.50264106765782e+01
   2.00180065000000e+08   2.40331110035186e-06   2.51304927456713e+01
   2.00580067000000e+08   2.92544245894533e-06   2.51184832761627e+01
   2.00980070000000e+08   1.10054793367453e-06   2.50664422416190e+01
   2.01380073000000e+08   2.41209477280790e-06   2.50063948940555e+01
   2.01780075000000e+08   9.87255134532461e-07   2.50184043635693e+01
   2.02180078000000e+08   2.39173323279829e-06   2.50384201460911e+01
   2.02580080000000e+08   2.51540382123494e-06   2.50624390851152e+01
