   4.00002000000000e+05   1.63565675848076e-06   2.50023917375508e+01
   8.00005000000000e+05   1.95178745343583e-06   2.50544327721075e+01
   1.20000700000000e+06   1.80294819074334e-06   2.49943854245411e+01
   1.60001000000000e+06   1.81149334821384e-06   2.50464264590994e+01
   2.00001300000000e+06   1.84275972969772e-06   2.48863001988861e+01
   2.40001500000000e+06   1.69471661592979e-06   2.49423443899722e+01
   2.80001800000000e+06   1.97987287720025e-06   2.50023917375508e+01
   3.20002000000000e+06   1.65057542744762e-06   2.50744485546264e+01
   3.60002300000000e+06   1.88770695785934e-06   2.49463475464779e+01
   4.00002600000000e+06   2.05269293473975e-06   2.50063948940555e+01
   4.40002800000000e+06   2.18109926208854e-06   2.50464264590994e+01
   4.80003100000000e+06   2.28693693316018e-06   2.50184043635693e+01
   5.20003300000000e+06   2.13576799978910e-06   2.50224075200738e+01
   5.60003600000000e+06   2.32951674661308e-06   2.49903822680362e+01
   6.00003900000000e+06   1.95606776287605e-06   2.50264106765782e+01
   6.40004100000000e+06   1.76033915977314e-06   2.49383412334665e+01
   6.80004400000000e+06   1.89352965662692e-06   2.49663633290053e+01
   7.20004600000000e+06   1.74334911662299e-06   2.50784517111300e+01
   7.60004900000000e+06   1.86911506716569e-06   2.49463475464779e+01
   8.00005200000000e+06   1.52125323893415e-06   2.49023128249120e+01
   8.40005400000000e+06   1.50834239320830e-06   2.50023917375508e+01
   8.80005700000000e+06   1.50307096191682e-06   2.49823759550261e+01
   9.20005900000000e+06   1.37357972107566e-06   2.50384201460911e+01
   9.60006200000000e+06   1.47813568673882e-06   2.49263317639489e+01
   4.22206130000000e+07  -2.06976197659969e-03   2.50144012070648e+01
   4.26206160000000e+07   2.88842954887514e-07   2.50504296156035e+01
   4.30206180000000e+07   1.60927652359533e-06   2.50624390851152e+01
   4.34206210000000e+07   1.43171519084717e-06   2.50304138330826e+01
   4.38206230000000e+07   2.09177801480109e-06   2.49583570159945e+01
   4.42206260000000e+07   1.91255981007998e-06   2.49743696420159e+01
   4.46206290000000e+07   5.55691883619147e-07   2.49783727985210e+01
   4.50206310000000e+07   1.65413450758933e-06   2.49463475464779e+01
   4.54206340000000e+07   1.51872995957092e-06   2.49783727985210e+01
   4.58206360000000e+07   2.17977617467113e-06   2.50744485546264e+01
   4.62206390000000e+07   2.37785457102291e-06   2.50984674936472e+01
   4.66206420000000e+07   1.05406320471957e-06   2.50824548676336e+01
   4.70206440000000e+07   2.16779153561220e-06   2.50144012070648e+01
   4.74206470000000e+07   2.19636740439455e-06   2.50584359286114e+01
   4.78206490000000e+07   2.65135713561904e-06   2.50184043635693e+01
   4.82206520000000e+07   1.98983957488963e-06   2.50744485546264e+01
   4.86206550000000e+07   8.53414519497164e-07   2.50184043635693e+01
   4.90206570000000e+07   2.21926688936946e-06   2.50944643371439e+01
   4.94206600000000e+07   1.91697881746222e-06   2.50224075200738e+01
   4.98206620000000e+07   2.43143381339905e-06   2.50063948940555e+01
   5.02206650000000e+07   2.02496062229329e-06   2.50544327721075e+01
   5.06206680000000e+07   1.44484249631205e-06   2.50704453981228e+01
   5.10206700000000e+07   2.45673322751827e-06   2.50184043635693e+01
   5.14206730000000e+07   2.24995073949685e-06   2.50103980505602e+01
   5.18206750000000e+07   2.54928568210744e-06   2.49583570159945e+01
   9.53699350000000e+07   4.63272538036108e-03   2.50264106765782e+01
   9.57699380000000e+07   1.22239885058661e-06   2.50384201460911e+01
   9.61699400000000e+07   2.28765475185355e-06   2.50584359286114e+01
   9.65699430000000e+07   3.09685697175155e-06   2.50624390851152e+01
   9.69699450000000e+07   1.97572285287606e-06   2.50344169895869e+01
   9.73699480000000e+07   2.21125310417847e-06   2.50824548676336e+01
   9.77699500000000e+07   1.54788949657814e-06   2.50824548676336e+01
   9.81699530000000e+07   2.01152874979016e-06   2.50504296156035e+01
   9.85699560000000e+07   2.78156585409306e-06   2.50384201460911e+01
   9.89699580000000e+07   1.51479355281481e-06   2.50304138330826e+01
   9.93699610000000e+07   1.88453327609750e-06   2.50304138330826e+01
   9.97699630000000e+07   1.25984422538750e-06   2.50784517111300e+01
   1.00169966000000e+08   2.29720581046422e-06   2.50264106765782e+01
   1.00569969000000e+08   2.78874904324766e-06   2.50344169895869e+01
   1.00969971000000e+08   1.74763079030527e-06   2.49503507029835e+01
   1.01369974000000e+08   2.03401691578620e-06   2.49863791115312e+01
   1.01769976000000e+08   1.57061992922536e-06   2.49383412334665e+01
   1.02169979000000e+08   2.08292772185814e-06   2.49663633290053e+01
   1.02569982000000e+08   2.45700607592880e-06   2.50304138330826e+01
   1.02969984000000e+08   1.42740736919222e-06   2.50584359286114e+01
   1.03369987000000e+08   1.81852408331906e-06   2.49343380769607e+01
   1.03769989000000e+08   1.27960606732813e-06   2.48422654773099e+01
   1.04169992000000e+08   2.02584192265931e-06   2.50464264590994e+01
   1.04569995000000e+08   2.28784847422503e-06   2.49943854245411e+01
   1.04969997000000e+08   1.17640399821539e-06   2.50224075200738e+01
   1.48681061000000e+08  -4.23437450081110e-03   2.49263317639489e+01
   1.49081064000000e+08   2.39893950038095e-07   2.49743696420159e+01
   1.49481066000000e+08   1.01198452284734e-06   2.49903822680362e+01
   1.49881069000000e+08   9.72496877693629e-07   2.49183254509368e+01
   1.50281072000000e+08   1.95181746676099e-06   2.49423443899722e+01
   1.50681074000000e+08   2.80322842627356e-06   2.49623601725000e+01
   1.51081077000000e+08   2.59614836295441e-07   2.50184043635693e+01
   1.51481079000000e+08   1.17316812975332e-06   2.51224864326656e+01
   1.51881082000000e+08   1.24400730783236e-06   2.50023917375508e+01
   1.52281085000000e+08   2.36038204093347e-06   2.50344169895869e+01
   1.52681087000000e+08   2.95526479021646e-06   2.50384201460911e+01
   1.53081090000000e+08   4.84417967072659e-07   2.50023917375508e+01
   1.53481092000000e+08   1.60011279604078e-06   2.51344959021740e+01
   1.53881095000000e+08   1.71168039742042e-06   2.51705243106959e+01
   1.54281098000000e+08   2.60754109149275e-06   2.50063948940555e+01
   1.54681100000000e+08   3.01511317957193e-06   2.51024706501504e+01
   1.55081103000000e+08   7.51801962906029e-07   2.49783727985210e+01
   1.55481105000000e+08   2.07331459023408e-06   2.50424233025953e+01
   1.55881108000000e+08   2.02028377316310e-06   2.49983885810460e+01
   1.56281111000000e+08   2.99462953989860e-06   2.50023917375508e+01
   1.56681113000000e+08   3.17297167384822e-06   2.50184043635693e+01
   1.57081116000000e+08   1.14601107270573e-06   2.49623601725000e+01
   1.57481118000000e+08   2.40937447415490e-06   2.49823759550261e+01
   1.57881121000000e+08   2.32861088989011e-06   2.48943065118992e+01
   1.58281124000000e+08   2.64923164650099e-06   2.50384201460911e+01
   1.93181169000000e+08   2.37402529455721e-03   2.48983096684056e+01
   1.93581171000000e+08   2.31417061513639e-06   2.50103980505602e+01
   1.93981174000000e+08   1.49038476138230e-06   2.49543538594890e+01
   1.94381177000000e+08   2.67492691818916e-06   2.50744485546264e+01
   1.94781179000000e+08   2.45344176619255e-06   2.51184832761627e+01
   1.95181182000000e+08  -8.70473542136097e-08   2.51144801196597e+01
   1.95581184000000e+08   2.71649264504958e-06   2.50464264590994e+01
   1.95981187000000e+08   1.80498648205685e-06   2.50864580241371e+01
   1.96381190000000e+08   3.01612703879073e-06   2.50344169895869e+01
   1.96781192000000e+08   2.64492905444058e-06   2.50624390851152e+01
   1.97181195000000e+08   2.93876922796699e-07   2.50304138330826e+01
   1.97581197000000e+08   3.12197926177760e-06   2.50864580241371e+01
   1.97981200000000e+08   1.78849120402447e-06   2.49983885810460e+01
   1.98381203000000e+08   2.44058605858299e-06   2.50264106765782e+01
   1.98781205000000e+08   1.95392249224824e-06   2.50464264590994e+01
   1.99181208000000e+08   2.51293186259716e-09   2.49543538594890e+01
   1.99581210000000e+08   2.65317407865950e-06   2.50144012070648e+01
   1.99981213000000e+08   1.69816644302045e-06   2.50144012070648e+01
   2.00381216000000e+08   2.53293433161161e-06   2.49983885810460e+01
   2.00781218000000e+08   2.05726178137411e-06   2.49903822680362e+01
   2.01181221000000e+08   2.53698090091348e-07   2.50584359286114e+01
   2.01581223000000e+08   3.00664601127210e-06   2.49383412334665e+01
   2.01981226000000e+08   1.57434499215015e-06   2.50984674936472e+01
   2.02381229000000e+08   2.30392925004708e-06   2.50224075200738e+01
   2.02781231000000e+08   1.60726040121517e-06   2.49943854245411e+01
