   4.00003000000000e+05   1.93836240214296e-06   2.51425022151793e+01
   8.00005000000000e+05   1.80682479822281e-06   2.50424233025953e+01
   1.20000800000000e+06   1.76114394889737e-06   2.50904611806405e+01
   1.60001100000000e+06   1.84084842658194e-06   2.49983885810460e+01
   2.00001300000000e+06   1.62874084708164e-06   2.49623601725000e+01
   2.40001600000000e+06   1.82500946266373e-06   2.50063948940555e+01
   2.80001800000000e+06   1.79942560407653e-06   2.50944643371439e+01
   3.20002100000000e+06   1.74842170963529e-06   2.50464264590994e+01
   3.60002400000000e+06   1.77892013653036e-06   2.50544327721075e+01
   4.00002600000000e+06   1.70645785146917e-06   2.49623601725000e+01
   4.40002900000000e+06   1.87305681720318e-06   2.50664422416190e+01
   4.80003200000000e+06   1.82755115929467e-06   2.49983885810460e+01
   5.20003400000000e+06   2.00568933905743e-06   2.51825337802020e+01
   5.60003700000000e+06   2.00296358343621e-06   2.50424233025953e+01
   6.00003900000000e+06   2.03420631805784e-06   2.51304927456713e+01
   6.40004200000000e+06   1.97678764379816e-06   2.50864580241371e+01
   6.80004500000000e+06   1.93831715478154e-06   2.50824548676336e+01
   7.20004700000000e+06   1.86993429451832e-06   2.51545116846868e+01
   7.60005000000000e+06   1.78848245013796e-06   2.50824548676336e+01
   8.00005200000000e+06   1.80410143002518e-06   2.50384201460911e+01
   8.40005500000000e+06   1.80957817974559e-06   2.51104769631567e+01
   8.80005800000000e+06   1.77658409938886e-06   2.51104769631567e+01
   9.20006000000000e+06   1.80489087142632e-06   2.50864580241371e+01
   9.60006300000000e+06   1.79415451384557e-06   2.50144012070648e+01
   4.24913970000000e+07   1.61762713105418e-04   2.50424233025953e+01
   4.28913990000000e+07   1.57085707996885e-06   2.50504296156035e+01
   4.32914020000000e+07   1.52302800415782e-06   2.50664422416190e+01
   4.36914050000000e+07   1.71580666119553e-06   2.50264106765782e+01
   4.40914070000000e+07   1.41932059705141e-06   2.49223286074429e+01
   4.44914100000000e+07   1.61090088113269e-06   2.50864580241371e+01
   4.48914120000000e+07   1.66813663327048e-06   2.50264106765782e+01
   4.52914150000000e+07   1.60993988629343e-06   2.50504296156035e+01
   4.56914180000000e+07   1.76114690475515e-06   2.49863791115312e+01
   4.60914200000000e+07   1.48458582316380e-06   2.50864580241371e+01
   4.64914230000000e+07   1.80606753019674e-06   2.49583570159945e+01
   4.68914250000000e+07   1.69683175954560e-06   2.52145590322157e+01
   4.72914280000000e+07   1.74825277099444e-06   2.50063948940555e+01
   4.76914310000000e+07   1.78572111053654e-06   2.50784517111300e+01
   4.80914330000000e+07   1.67109783433261e-06   2.50504296156035e+01
   4.84914360000000e+07   1.77479728336039e-06   2.47581991906431e+01
   4.88914390000000e+07   1.70017074196949e-06   2.51705243106959e+01
   4.92914410000000e+07   1.73064586306282e-06   2.50304138330826e+01
   4.96914440000000e+07   1.81192149284470e-06   2.50023917375508e+01
   5.00914460000000e+07   1.56386533944897e-06   2.50584359286114e+01
   5.04914490000000e+07   1.83146255494648e-06   2.50664422416190e+01
   5.08914520000000e+07   1.86429440418578e-06   2.51184832761627e+01
   5.12914540000000e+07   1.91661024473433e-06   2.49343380769607e+01
   5.16914570000000e+07   1.89282434348570e-06   2.51184832761627e+01
   5.20914590000000e+07   1.92289235201315e-06   2.51425022151793e+01
   9.58424370000000e+07   1.74575092387386e-04   2.51465053716819e+01
   9.62424390000000e+07   2.23884785555128e-06   2.48782938858728e+01
   9.66424420000000e+07   1.65215612923930e-06   2.52625969102287e+01
   9.70424440000000e+07   1.77010701918334e-06   2.55388147086308e+01
   9.74424470000000e+07   2.09726226785278e-06   2.52746063797306e+01
   9.78424500000000e+07   1.45388810324221e-06   2.49943854245411e+01
   9.82424520000000e+07   2.09310883292346e-06   2.51865369367039e+01
   9.86424550000000e+07   1.67816028806556e-06   2.53186411012327e+01
   9.90424570000000e+07   1.89547643003607e-06   2.50624390851152e+01
   9.94424600000000e+07   2.09202471523895e-06   2.50344169895869e+01
   9.98424630000000e+07   1.60274953486805e-06   2.48983096684056e+01
   1.00242465000000e+08   2.23083975470217e-06   2.49503507029835e+01
   1.00642468000000e+08   1.69780810210796e-06   2.51665211541937e+01
   1.01042470000000e+08   1.91000003724184e-06   2.50063948940555e+01
   1.01442473000000e+08   1.94644803741539e-06   2.48222496947727e+01
   1.01842476000000e+08   1.61017828759213e-06   2.51024706501504e+01
   1.02242478000000e+08   2.14976671486511e-06   2.51705243106959e+01
   1.02642481000000e+08   1.65565245424659e-06   2.49343380769607e+01
   1.03042483000000e+08   1.95137135960977e-06   2.51505085281844e+01
   1.03442486000000e+08   2.11488736567844e-06   2.50744485546264e+01
   1.03842489000000e+08   1.73497130617761e-06   2.51344959021740e+01
   1.04242491000000e+08   2.24234509005328e-06   2.50384201460911e+01
   1.04642494000000e+08   1.66543088653270e-06   2.50144012070648e+01
   1.05042497000000e+08   2.03178660740377e-06   2.51585148411891e+01
   1.05442499000000e+08   1.92857237379940e-06   2.50944643371439e+01
   1.49271682000000e+08   2.24375136895105e-04   2.49743696420159e+01
   1.49671685000000e+08   1.68617054896458e-06   2.51224864326656e+01
   1.50071687000000e+08   2.15818545257207e-06   2.50664422416190e+01
   1.50471690000000e+08   1.88186686500558e-06   2.51705243106959e+01
   1.50871692000000e+08   1.94319204638305e-06   2.50944643371439e+01
   1.51271695000000e+08   2.06082017939480e-06   2.49183254509368e+01
   1.51671698000000e+08   1.68342057804693e-06   2.50384201460911e+01
   1.52071700000000e+08   2.25410258281045e-06   2.50224075200738e+01
   1.52471703000000e+08   1.73634396105626e-06   2.50063948940555e+01
   1.52871705000000e+08   1.92037919077848e-06   2.51144801196597e+01
   1.53271708000000e+08   1.93924120139854e-06   2.50264106765782e+01
   1.53671711000000e+08   1.71743442933803e-06   2.50664422416190e+01
   1.54071713000000e+08   2.13573684959556e-06   2.49743696420159e+01
   1.54471716000000e+08   1.66252516464738e-06   2.50664422416190e+01
   1.54871718000000e+08   1.90080402262538e-06   2.50264106765782e+01
   1.55271721000000e+08   1.91739650290401e-06   2.50304138330826e+01
   1.55671724000000e+08   1.59317687575822e-06   2.49183254509368e+01
   1.56071726000000e+08   2.01735997507058e-06   2.50304138330826e+01
   1.56471729000000e+08   1.55451584760158e-06   2.49983885810460e+01
   1.56871732000000e+08   1.93924279301427e-06   2.50304138330826e+01
   1.57271734000000e+08   1.79905248387513e-06   2.49983885810460e+01
   1.57671737000000e+08   1.73124215052667e-06   2.50304138330826e+01
   1.58071739000000e+08   2.13009843719192e-06   2.50864580241371e+01
   1.58471742000000e+08   1.62716480645031e-06   2.50103980505602e+01
   1.58871745000000e+08   1.97798703993612e-06   2.49463475464779e+01
   1.93820231000000e+08   1.46575170219876e-04   2.50023917375508e+01
   1.94220234000000e+08   1.97480994756916e-06   2.49423443899722e+01
   1.94620236000000e+08   1.72400586961885e-06   2.58150325067402e+01
   1.95020239000000e+08   1.76266996732011e-06   2.55187989261478e+01
   1.95420242000000e+08   1.73182195339905e-06   2.54187200137095e+01
   1.95820244000000e+08   1.58943862516026e-06   2.51625179976914e+01
   1.96220247000000e+08   1.74742751823942e-06   2.46140855562924e+01
   1.96620249000000e+08   1.73434375483339e-06   2.52706032232300e+01
   1.97020252000000e+08   1.95348638953874e-06   2.48943065118992e+01
   1.97420255000000e+08   1.85135957053717e-06   2.45900666172260e+01
   1.97820257000000e+08   1.78613231582858e-06   2.46701297474385e+01
   1.98220260000000e+08   1.96391579265764e-06   2.53226442577325e+01
   1.98620262000000e+08   1.80313816144917e-06   2.53146379447328e+01
   1.99020265000000e+08   1.81113728103810e-06   2.49223286074429e+01
   1.99420268000000e+08   1.78514164872468e-06   2.45860634607147e+01
   1.99820270000000e+08   1.85215640158276e-06   2.50384201460911e+01
   2.00220273000000e+08   1.89979652986949e-06   2.52986253187327e+01
   2.00620275000000e+08   1.72283239407989e-06   2.51304927456713e+01
   2.01020278000000e+08   1.91112872016674e-06   2.43899087915832e+01
   2.01420281000000e+08   1.84123041435669e-06   2.42457951570216e+01
   2.01820283000000e+08   1.78083826085640e-06   2.50464264590994e+01
   2.02220286000000e+08   1.85876342584379e-06   2.47141644690447e+01
   2.02620288000000e+08   1.76228684267699e-06   2.48502717903243e+01
   2.03020291000000e+08   1.89199090527836e-06   2.53586726662280e+01
   2.03420294000000e+08   1.67010955465230e-06   2.49463475464779e+01
