   4.00002000000000e+05   2.41787711274810e-06   2.50224075200738e+01
   8.00005000000000e+05   2.26585780183086e-06   2.50424233025953e+01
   1.20000800000000e+06   2.20120705307636e-06   2.50264106765782e+01
   1.60001000000000e+06   2.36076857618173e-06   2.49783727985210e+01
   2.00001300000000e+06   2.20062497646722e-06   2.50624390851152e+01
   2.40001500000000e+06   2.17382466871641e-06   2.49903822680362e+01
   2.80001800000000e+06   2.00372755898570e-06   2.50824548676336e+01
   3.20002100000000e+06   1.92557990885689e-06   2.51104769631567e+01
   3.60002300000000e+06   2.09610152523965e-06   2.50264106765782e+01
   4.00002600000000e+06   1.79781818587799e-06   2.49943854245411e+01
   4.40002800000000e+06   1.90332241345459e-06   2.50624390851152e+01
   4.80003100000000e+06   1.25697943076375e-06   2.49983885810460e+01
   5.20003400000000e+06   1.25796009342594e-06   2.50424233025953e+01
   5.60003600000000e+06   1.30832779632328e-06   2.51104769631567e+01
   6.00003900000000e+06   1.24503458209801e-06   2.49703664855106e+01
   6.40004100000000e+06   1.29659179037844e-06   2.49983885810460e+01
   6.80004400000000e+06   1.29699719764176e-06   2.49623601725000e+01
   7.20004700000000e+06   1.23058998724446e-06   2.50304138330826e+01
   7.60004900000000e+06   1.40754286803713e-06   2.50304138330826e+01
   8.00005200000000e+06   1.16262253868626e-06   2.50264106765782e+01
   8.40005400000000e+06   1.47652053783531e-06   2.50784517111300e+01
   8.80005700000000e+06   1.76385617578489e-06   2.50224075200738e+01
   9.20006000000000e+06   1.76931393980340e-06   2.50864580241371e+01
   9.60006200000000e+06   1.85996862001048e-06   2.50304138330826e+01
   4.20721870000000e+07  -2.06953729502857e-03   2.50063948940555e+01
   4.24721900000000e+07   1.11891085907700e-06   2.50584359286114e+01
   4.28721930000000e+07   1.81830409928807e-06   2.50264106765782e+01
   4.32721950000000e+07   1.22497260690579e-06   2.50504296156035e+01
   4.36721980000000e+07   2.48102787736570e-06   2.50103980505602e+01
   4.40722000000000e+07   2.21431446334464e-06   2.50304138330826e+01
   4.44722030000000e+07   1.10132396002882e-06   2.50784517111300e+01
   4.48722060000000e+07   2.15062300412683e-06   2.49943854245411e+01
   4.52722080000000e+07   1.61927903263859e-06   2.49703664855106e+01
   4.56722110000000e+07   2.88331898445904e-06   2.49863791115312e+01
   4.60722130000000e+07   2.44416764871858e-06   2.49783727985210e+01
   4.64722160000000e+07   1.20692573091219e-06   2.49583570159945e+01
   4.68722190000000e+07   2.24304176299484e-06   2.49743696420159e+01
   4.72722210000000e+07   1.75913692146423e-06   2.50063948940555e+01
   4.76722240000000e+07   2.92693880510342e-06   2.50184043635693e+01
   4.80722260000000e+07   2.16270200326107e-06   2.50464264590994e+01
   4.84722290000000e+07   1.09660686575808e-06   2.49743696420159e+01
   4.88722310000000e+07   1.82455937647319e-06   2.50184043635693e+01
   4.92722340000000e+07   1.24275811685948e-06   2.50544327721075e+01
   4.96722370000000e+07   2.23691017708916e-06   2.50184043635693e+01
   5.00722390000000e+07   1.69733255006577e-06   2.50384201460911e+01
   5.04722420000000e+07   7.99164581621881e-07   2.50304138330826e+01
   5.08722440000000e+07   1.98356588043680e-06   2.49983885810460e+01
   5.12722470000000e+07   1.40311988161557e-06   2.50184043635693e+01
   5.16722500000000e+07   2.47759567173489e-06   2.50184043635693e+01
   9.54029590000000e+07   4.63459966704249e-03   2.49503507029835e+01
   9.58029620000000e+07   3.46048113897268e-06   2.49383412334665e+01
   9.62029650000000e+07   1.24730729567091e-06   2.49863791115312e+01
   9.66029670000000e+07   2.51835285780544e-06   2.49583570159945e+01
   9.70029700000000e+07   1.08089909645059e-06   2.48742907293661e+01
   9.74029720000000e+07   1.37134165356656e-07   2.49423443899722e+01
   9.78029750000000e+07   3.17896001433837e-06   2.49263317639489e+01
   9.82029780000000e+07   8.65781146330846e-07   2.49783727985210e+01
   9.86029800000000e+07   2.59123612522671e-06   2.50224075200738e+01
   9.90029830000000e+07   1.13519411115703e-06   2.49903822680362e+01
   9.94029850000000e+07   7.28355644241674e-07   2.49463475464779e+01
   9.98029880000000e+07   3.42519388141227e-06   2.50584359286114e+01
   1.00202991000000e+08   1.18247055524989e-06   2.49623601725000e+01
   1.00602993000000e+08   2.37913195633155e-06   2.50864580241371e+01
   1.01002996000000e+08   1.10912174022815e-06   2.50824548676336e+01
   1.01402998000000e+08   7.47857711758115e-07   2.50864580241371e+01
   1.01803001000000e+08   3.11385542772769e-06   2.50304138330826e+01
   1.02203003000000e+08   9.45710155519919e-07   2.50504296156035e+01
   1.02603006000000e+08   2.38788879869389e-06   2.50864580241371e+01
   1.03003009000000e+08   8.79771448580868e-07   2.50264106765782e+01
   1.03403011000000e+08   8.13684209788335e-07   2.50304138330826e+01
   1.03803014000000e+08   3.22121513818274e-06   2.50224075200738e+01
   1.04203016000000e+08   1.05880826595239e-06   2.50344169895869e+01
   1.04603019000000e+08   1.82955159289122e-06   2.50184043635693e+01
   1.05003022000000e+08   7.84394330821669e-07   2.50304138330826e+01
   1.48738325000000e+08  -4.23362385481596e-03   2.50103980505602e+01
   1.49138328000000e+08   8.90523551788647e-07   2.50784517111300e+01
   1.49538330000000e+08   2.99420662486227e-06   2.50784517111300e+01
   1.49938333000000e+08   1.54880933678214e-06   2.49983885810460e+01
   1.50338335000000e+08   9.45181227507419e-07   2.51184832761627e+01
   1.50738338000000e+08   3.29587146552512e-06   2.49503507029835e+01
   1.51138340000000e+08   1.01680018360639e-06   2.51064738066536e+01
   1.51538343000000e+08   2.95098243441316e-06   2.50824548676336e+01
   1.51938346000000e+08   1.39147823574604e-06   2.50624390851152e+01
   1.52338348000000e+08   9.30065652937628e-07   2.50424233025953e+01
   1.52738351000000e+08   3.19917330671160e-06   2.51304927456713e+01
   1.53138353000000e+08   9.56278768171615e-07   2.50144012070648e+01
   1.53538356000000e+08   2.61631521425443e-06   2.49703664855106e+01
   1.53938359000000e+08   1.05067817912641e-06   2.49903822680362e+01
   1.54338361000000e+08   1.29576460494718e-06   2.50344169895869e+01
   1.54738364000000e+08   3.50656409864314e-06   2.50304138330826e+01
   1.55138366000000e+08   1.36836854380817e-06   2.50144012070648e+01
   1.55538369000000e+08   3.08072662846826e-06   2.50344169895869e+01
   1.55938372000000e+08   1.78604511802405e-06   2.50664422416190e+01
   1.56338374000000e+08   1.70599435023178e-06   2.49623601725000e+01
   1.56738377000000e+08   2.86898170998029e-06   2.50544327721075e+01
   1.57138379000000e+08   9.10618609850644e-07   2.50184043635693e+01
   1.57538382000000e+08   2.44356260736822e-06   2.50984674936472e+01
   1.57938385000000e+08   9.89965769804257e-07   2.50664422416190e+01
   1.58338387000000e+08   1.28102897178906e-06   2.50023917375508e+01
   1.93440062000000e+08   2.37907469272614e-03   2.50984674936472e+01
   1.93840065000000e+08   2.06697632165742e-06   2.50464264590994e+01
   1.94240068000000e+08   2.61781565313868e-06   2.50824548676336e+01
   1.94640070000000e+08   1.83264774022973e-07   2.50784517111300e+01
   1.95040073000000e+08   2.65797416432179e-06   2.51184832761627e+01
   1.95440075000000e+08   1.05509650438762e-06   2.51745274671980e+01
   1.95840078000000e+08   1.81408358912449e-06   2.51384990586767e+01
   1.96240080000000e+08   2.13270664062293e-06   2.50304138330826e+01
   1.96640083000000e+08   3.04344041524018e-07   2.51465053716819e+01
   1.97040086000000e+08   2.62671551354288e-06   2.50184043635693e+01
   1.97440088000000e+08   1.35985737870215e-06   2.51425022151793e+01
   1.97840091000000e+08   1.96717451217410e-06   2.50984674936472e+01
   1.98240093000000e+08   2.23333472604281e-06   2.50344169895869e+01
   1.98640096000000e+08   5.46294472769659e-07   2.49783727985210e+01
   1.99040099000000e+08   3.10764289679355e-06   2.49903822680362e+01
   1.99440101000000e+08   1.61286391175963e-06   2.50384201460911e+01
   1.99840104000000e+08   2.28438057092717e-06   2.50023917375508e+01
   2.00240106000000e+08   2.40670533457887e-06   2.49383412334665e+01
   2.00640109000000e+08   7.30375916191406e-07   2.50144012070648e+01
   2.01040112000000e+08   2.92249251288013e-06   2.50984674936472e+01
   2.01440114000000e+08   1.36582980303501e-06   2.50864580241371e+01
   2.01840117000000e+08   2.16460466617718e-06   2.50424233025953e+01
   2.02240119000000e+08   2.27896703108854e-06   2.50224075200738e+01
   2.02640122000000e+08   7.53519827867422e-07   2.50504296156035e+01
   2.03040125000000e+08   2.89518152385426e-06   2.51344959021740e+01
