   4.00003000000000e+05   1.78877985490544e-06   2.50584359286114e+01
   8.00006000000000e+05   1.88495891961793e-06   2.50264106765782e+01
   1.20000800000000e+06   2.02011801775370e-06   2.50864580241371e+01
   1.60001100000000e+06   1.70799648913089e-06   2.51985464062093e+01
   2.00001300000000e+06   2.09745826396102e-06   2.50744485546264e+01
   2.40001600000000e+06   1.87011880825594e-06   2.51304927456713e+01
   2.80001900000000e+06   1.88298679404397e-06   2.51144801196597e+01
   3.20002100000000e+06   1.91347453437629e-06   2.51224864326656e+01
   3.60002400000000e+06   1.77540744061844e-06   2.50144012070648e+01
   4.00002600000000e+06   2.03302533918759e-06   2.50424233025953e+01
   4.40002900000000e+06   1.70174985214544e-06   2.50704453981228e+01
   4.80003200000000e+06   2.02054320652678e-06   2.51104769631567e+01
   5.20003400000000e+06   2.11974656849634e-06   2.51024706501504e+01
   5.60003700000000e+06   1.99358373720315e-06   2.49903822680362e+01
   6.00004000000000e+06   2.03965350920043e-06   2.50984674936472e+01
   6.40004200000000e+06   2.01738180294342e-06   2.50023917375508e+01
   6.80004500000000e+06   2.05058177016326e-06   2.49903822680362e+01
   7.20004700000000e+06   1.96737892110832e-06   2.50304138330826e+01
   7.60005000000000e+06   1.71212172972446e-06   2.49983885810460e+01
   8.00005300000000e+06   2.23224901674257e-06   2.50384201460911e+01
   8.40005500000000e+06   1.84218583854090e-06   2.51425022151793e+01
   8.80005800000000e+06   1.75599325302755e-06   2.50944643371439e+01
   9.20006000000000e+06   1.69511031344882e-06   2.50944643371439e+01
   9.60006300000000e+06   1.67306041021220e-06   2.50144012070648e+01
   4.20904600000000e+07  -2.05967435613275e-03   2.49303349204548e+01
   4.24904630000000e+07   8.09414530067443e-07   2.51465053716819e+01
   4.28904650000000e+07   1.65933306561783e-06   2.46741329039485e+01
   4.32904680000000e+07   2.12273425859166e-06   2.45180098000129e+01
   4.36904710000000e+07   2.39813266489364e-06   2.49503507029835e+01
   4.40904730000000e+07   1.90789660337032e-06   2.49543538594890e+01
   4.44904760000000e+07   1.15453406124288e-06   2.49183254509368e+01
   4.48904780000000e+07   1.60470074206387e-06   2.45100034869880e+01
   4.52904810000000e+07   2.40415033658792e-06   2.50384201460911e+01
   4.56904840000000e+07   2.10182179216645e-06   2.53266474142322e+01
   4.60904860000000e+07   1.66287179581559e-06   2.56789251859691e+01
   4.64904890000000e+07   1.11344672859559e-06   2.51945432497076e+01
   4.68904910000000e+07   2.00477279577171e-06   2.47782149731853e+01
   4.72904940000000e+07   2.36930850405770e-06   2.48182465382651e+01
   4.76904970000000e+07   1.99895907826431e-06   2.48182465382651e+01
   4.80904990000000e+07   1.60352919920115e-06   2.52866158492319e+01
   4.84905020000000e+07   1.49418713135674e-06   2.50624390851152e+01
   4.88905040000000e+07   1.81167138180172e-06   2.51985464062093e+01
   4.92905070000000e+07   2.32516276810202e-06   2.52866158492319e+01
   4.96905100000000e+07   1.88820592939010e-06   2.52305716582210e+01
   5.00905120000000e+07   1.54065264723613e-06   2.43418709134052e+01
   5.04905150000000e+07   1.30479588733579e-06   2.50784517111300e+01
   5.08905180000000e+07   2.33620403378154e-06   2.48062370687418e+01
   5.12905200000000e+07   2.69889437731763e-06   2.47221707820631e+01
   5.16905230000000e+07   2.10178632187308e-06   2.46501139648878e+01
   9.51003710000000e+07   4.61487565189600e-03   2.49903822680362e+01
   9.55003730000000e+07   7.13289921350224e-07   2.50103980505602e+01
   9.59003760000000e+07   2.66238930635154e-06   2.49103191379245e+01
   9.63003780000000e+07   1.21360449156782e-06   2.49343380769607e+01
   9.67003810000000e+07   1.91229491974809e-06   2.49903822680362e+01
   9.71003840000000e+07   2.79649657386472e-06   2.51144801196597e+01
   9.75003860000000e+07   5.18708475283347e-07   2.50344169895869e+01
   9.79003890000000e+07   2.58282625509310e-06   2.49263317639489e+01
   9.83003920000000e+07   9.34972263166856e-07   2.50584359286114e+01
   9.87003940000000e+07   1.93093819689238e-06   2.49623601725000e+01
   9.91003970000000e+07   2.45053342950996e-06   2.49983885810460e+01
   9.95003990000000e+07   4.93346419716545e-07   2.50224075200738e+01
   9.99004020000000e+07   2.43509521169472e-06   2.49623601725000e+01
   1.00300405000000e+08   9.38852281251457e-07   2.50144012070648e+01
   1.00700407000000e+08   1.93817982108158e-06   2.48943065118992e+01
   1.01100410000000e+08   2.38689653997426e-06   2.50184043635693e+01
   1.01500412000000e+08   6.14091732131783e-07   2.50744485546264e+01
   1.01900415000000e+08   2.65453331849130e-06   2.49903822680362e+01
   1.02300418000000e+08   1.06855213743984e-06   2.50304138330826e+01
   1.02700420000000e+08   2.12793906939623e-06   2.49743696420159e+01
   1.03100423000000e+08   2.32558863899612e-06   2.50544327721075e+01
   1.03500425000000e+08   8.02410056621738e-07   2.49503507029835e+01
   1.03900428000000e+08   2.78416655419278e-06   2.49303349204548e+01
   1.04300431000000e+08   1.14431793463154e-06   2.49543538594890e+01
   1.04700433000000e+08   2.44855232267582e-06   2.50784517111300e+01
   1.48120418000000e+08  -4.21392451971769e-03   2.51505085281844e+01
   1.48520420000000e+08   1.56782857629878e-06   2.44979940174501e+01
   1.48920423000000e+08   1.00121258128638e-06   2.50063948940555e+01
   1.49320425000000e+08   1.87725402156502e-06   2.55868525865838e+01
   1.49720428000000e+08   2.35576430895890e-06   2.53186411012327e+01
   1.50120431000000e+08   1.80464667209890e-06   2.51024706501504e+01
   1.50520433000000e+08   1.14144359031343e-06   2.53426600402306e+01
   1.50920436000000e+08   1.22352423659322e-06   2.50824548676336e+01
   1.51320438000000e+08   2.28163162319106e-06   2.51905400932058e+01
   1.51720441000000e+08   2.34237359109102e-06   2.55708399606004e+01
   1.52120444000000e+08   1.54244389705127e-06   2.49543538594890e+01
   1.52520446000000e+08   1.44585430916777e-06   2.49583570159945e+01
   1.52920449000000e+08   1.43655222473171e-06   2.55828494300881e+01
   1.53320451000000e+08   2.08293977266294e-06   2.46381044953566e+01
   1.53720454000000e+08   2.15937234315788e-06   2.45260161130376e+01
   1.54120457000000e+08   1.28721717373992e-06   2.53666789792264e+01
   1.54520459000000e+08   1.47977800679655e-06   2.50944643371439e+01
   1.54920462000000e+08   1.22815799841192e-06   2.49663633290053e+01
   1.55320464000000e+08   2.11821338780283e-06   2.43098456612814e+01
   1.55720467000000e+08   1.59424814683007e-06   2.50504296156035e+01
   1.56120470000000e+08   1.32799027596775e-06   2.50864580241371e+01
   1.56520472000000e+08   1.10152791421569e-06   2.47662055036602e+01
   1.56920475000000e+08   1.90959644896793e-06   2.52666000667294e+01
   1.57320477000000e+08   2.45648084273853e-06   2.48662844163524e+01
   1.57720480000000e+08   2.15213572118955e-06   2.50664422416190e+01
   1.92735589000000e+08   2.37322528846562e-03   2.49983885810460e+01
   1.93135592000000e+08   2.81650795841415e-06   2.50103980505602e+01
   1.93535594000000e+08   1.17926822440495e-06   2.49983885810460e+01
   1.93935597000000e+08   1.49952177252999e-06   2.51064738066536e+01
   1.94335599000000e+08   2.34356980399753e-06   2.50584359286114e+01
   1.94735602000000e+08  -5.91113689552003e-07   2.49863791115312e+01
   1.95135605000000e+08   2.72659440270218e-06   2.49983885810460e+01
   1.95535607000000e+08   1.13128498924198e-06   2.48662844163524e+01
   1.95935610000000e+08   1.58509658376715e-06   2.49663633290053e+01
   1.96335612000000e+08   1.88493936548184e-06   2.50144012070648e+01
   1.96735615000000e+08  -4.24141347821205e-07   2.50304138330826e+01
   1.97135618000000e+08   3.13101008941885e-06   2.49503507029835e+01
   1.97535620000000e+08   1.11876238406694e-06   2.49903822680362e+01
   1.97935623000000e+08   1.58340139932989e-06   2.50103980505602e+01
   1.98335625000000e+08   1.85730777957360e-06   2.49303349204548e+01
   1.98735628000000e+08   8.35696525314233e-08   2.49303349204548e+01
   1.99135631000000e+08   3.16904151986819e-06   2.49783727985210e+01
   1.99535633000000e+08   9.59550675361243e-07   2.50264106765782e+01
   1.99935636000000e+08   1.83491806637903e-06   2.50023917375508e+01
   2.00335639000000e+08   1.80780932623748e-06   2.49423443899722e+01
   2.00735641000000e+08   1.69204511735188e-07   2.49903822680362e+01
   2.01135644000000e+08   3.19010337079817e-06   2.50664422416190e+01
   2.01535646000000e+08   1.01407999864023e-06   2.49903822680362e+01
   2.01935649000000e+08   1.86585100436787e-06   2.49903822680362e+01
   2.02335652000000e+08   1.53528912960610e-06   2.50144012070648e+01
