   4.00002000000000e+05   1.69581687714526e-06   2.51264895891685e+01
   8.00005000000000e+05   1.74610272551945e-06   2.49543538594890e+01
   1.20000800000000e+06   1.83340341664007e-06   2.50144012070648e+01
   1.60001000000000e+06   1.71835631590511e-06   2.50744485546264e+01
   2.00001300000000e+06   1.80428230578400e-06   2.50144012070648e+01
   2.40001500000000e+06   1.78478569523577e-06   2.51024706501504e+01
   2.80001800000000e+06   1.73381397416961e-06   2.50304138330826e+01
   3.20002100000000e+06   1.84123791768798e-06   2.50304138330826e+01
   3.60002300000000e+06   1.72032196132932e-06   2.50784517111300e+01
   4.00002600000000e+06   1.84825080395967e-06   2.50224075200738e+01
   4.40002800000000e+06   1.91856543096947e-06   2.49183254509368e+01
   4.80003100000000e+06   1.90061450666690e-06   2.50304138330826e+01
   5.20003300000000e+06   1.97599251805514e-06   2.50384201460911e+01
   5.60003600000000e+06   1.87326759260031e-06   2.50584359286114e+01
   6.00003900000000e+06   1.93810797100014e-06   2.50023917375508e+01
   6.40004100000000e+06   2.03615581995109e-06   2.49743696420159e+01
   6.80004400000000e+06   1.85530836915859e-06   2.50264106765782e+01
   7.20004600000000e+06   2.05413789444719e-06   2.50103980505602e+01
   7.60004900000000e+06   1.97758186004648e-06   2.50304138330826e+01
   8.00005200000000e+06   2.01095303964394e-06   2.50023917375508e+01
   8.40005400000000e+06   1.76368246229686e-06   2.49063159814183e+01
   8.80005700000000e+06   1.71545434568543e-06   2.49903822680362e+01
   9.20005900000000e+06   1.70918974617962e-06   2.49943854245411e+01
   9.60006200000000e+06   1.72228010342224e-06   2.49143222944307e+01
   4.22490000000000e+07   1.55012778122909e-04   2.49183254509368e+01
   4.26490030000000e+07   1.90489163287566e-06   2.50224075200738e+01
   4.30490050000000e+07   1.95896518562222e-06   2.50504296156035e+01
   4.34490080000000e+07   1.99353939933644e-06   2.49623601725000e+01
   4.38490100000000e+07   1.93027517525479e-06   2.48462686338171e+01
   4.42490130000000e+07   1.96077007785789e-06   2.51425022151793e+01
   4.46490160000000e+07   2.08654682865017e-06   2.50184043635693e+01
   4.50490180000000e+07   1.97323902284552e-06   2.49863791115312e+01
   4.54490210000000e+07   2.12149871003930e-06   2.52145590322157e+01
   4.58490230000000e+07   1.90508797004441e-06   2.50304138330826e+01
   4.62490260000000e+07   2.11272799788276e-06   2.49703664855106e+01
   4.66490290000000e+07   1.98634666048747e-06   2.49503507029835e+01
   4.70490310000000e+07   1.96662563212158e-06   2.51104769631567e+01
   4.74490340000000e+07   2.02715136765619e-06   2.48102402252496e+01
   4.78490360000000e+07   1.96701648746966e-06   2.49903822680362e+01
   4.82490390000000e+07   2.06211166187131e-06   2.51785306237000e+01
   4.86490420000000e+07   1.99942383005691e-06   2.52545905972272e+01
   4.90490440000000e+07   1.99201326722687e-06   2.55388147086308e+01
   4.94490470000000e+07   2.07054904421966e-06   2.49023128249120e+01
   4.98490490000000e+07   1.91155186257674e-06   2.53226442577325e+01
   5.02490520000000e+07   2.03321792469069e-06   2.51064738066536e+01
   5.06490550000000e+07   1.80743541022821e-06   2.49183254509368e+01
   5.10490570000000e+07   1.95721554518968e-06   2.50904611806405e+01
   5.14490600000000e+07   1.84202781383647e-06   2.51024706501504e+01
   5.18490620000000e+07   1.89141667306103e-06   2.49903822680362e+01
   9.55107320000000e+07   1.82950287126005e-04   2.53226442577325e+01
   9.59107350000000e+07   1.88237868314900e-06   2.49583570159945e+01
   9.63107370000000e+07   1.55347788677318e-06   2.47982307557260e+01
   9.67107400000000e+07   1.71694887285412e-06   2.50784517111300e+01
   9.71107430000000e+07   1.74102660821518e-06   2.50744485546264e+01
   9.75107450000000e+07   1.47870537148265e-06   2.48622812598455e+01
   9.79107480000000e+07   1.75817569925130e-06   2.50984674936472e+01
   9.83107500000000e+07   1.58491479851364e-06   2.51905400932058e+01
   9.87107530000000e+07   1.78023060470878e-06   2.53826916052223e+01
   9.91107560000000e+07   1.74976230482571e-06   2.45180098000129e+01
   9.95107580000000e+07   1.63534139119292e-06   2.49383412334665e+01
   9.99107610000000e+07   1.90408331945946e-06   2.51344959021740e+01
   1.00310763000000e+08   1.78026493813377e-06   2.50424233025953e+01
   1.00710766000000e+08   1.92341462934564e-06   2.57629914723360e+01
   1.01110769000000e+08   1.95390862245404e-06   2.47662055036602e+01
   1.01510771000000e+08   1.76952130459540e-06   2.47021549995165e+01
   1.01910774000000e+08   2.04569164452550e-06   2.49063159814183e+01
   1.02310776000000e+08   1.66405004620174e-06   2.52185621887171e+01
   1.02710779000000e+08   1.86971021776117e-06   2.48863001988861e+01
   1.03110782000000e+08   1.76463663592585e-06   2.47581991906431e+01
   1.03510784000000e+08   1.64414780101652e-06   2.54187200137095e+01
   1.03910787000000e+08   1.91226627066499e-06   2.45300192695499e+01
   1.04310789000000e+08   1.70915495800728e-06   2.49063159814183e+01
   1.04710792000000e+08   1.88965680081310e-06   2.51665211541937e+01
   1.05110795000000e+08   1.81112932295946e-06   2.48903033553927e+01
   1.48720635000000e+08   2.12050174013712e-04   2.49383412334665e+01
   1.49120638000000e+08   2.01581019609876e-06   2.53386568837311e+01
   1.49520641000000e+08   1.79666903932230e-06   2.57589883158430e+01
   1.49920643000000e+08   1.94903145711578e-06   2.49903822680362e+01
   1.50320646000000e+08   1.92952825273096e-06   2.51465053716819e+01
   1.50720648000000e+08   1.94885433302261e-06   2.46741329039485e+01
   1.51120651000000e+08   1.99747682927409e-06   2.54147168572112e+01
   1.51520654000000e+08   2.00959334506479e-06   2.46300981823354e+01
   1.51920656000000e+08   1.94746394299727e-06   2.49583570159945e+01
   1.52320659000000e+08   1.95645793610311e-06   2.50304138330826e+01
   1.52720661000000e+08   1.89433944797202e-06   2.47221707820631e+01
   1.53120664000000e+08   2.06563959181949e-06   2.50584359286114e+01
   1.53520667000000e+08   1.84318253104720e-06   2.49703664855106e+01
   1.53920669000000e+08   1.96446308109444e-06   2.52585937537280e+01
   1.54320672000000e+08   1.92442303159623e-06   2.49743696420159e+01
   1.54720674000000e+08   1.86482100161811e-06   2.52265685017198e+01
   1.55120677000000e+08   1.84431655725348e-06   2.52065527192126e+01
   1.55520680000000e+08   1.78809602857655e-06   2.51184832761627e+01
   1.55920682000000e+08   1.87403793461272e-06   2.49503507029835e+01
   1.56320685000000e+08   1.88651711141574e-06   2.48062370687418e+01
   1.56720687000000e+08   1.84763848665170e-06   2.52145590322157e+01
   1.57120690000000e+08   1.93809410120593e-06   2.51104769631567e+01
   1.57520693000000e+08   1.89241166026477e-06   2.49183254509368e+01
   1.57920695000000e+08   1.90450771242467e-06   2.52265685017198e+01
   1.58320698000000e+08   1.94041626855324e-06   2.50103980505602e+01
   1.93375256000000e+08   1.55837711645290e-04   2.49903822680362e+01
   1.93775258000000e+08   1.99298096958955e-06   2.49503507029835e+01
   1.94175261000000e+08   2.01972670765826e-06   2.50103980505602e+01
   1.94575264000000e+08   1.78321670318837e-06   2.47702086601686e+01
   1.94975266000000e+08   1.77285585323261e-06   2.50184043635693e+01
   1.95375269000000e+08   1.82946382665250e-06   2.51144801196597e+01
   1.95775271000000e+08   1.72972431755625e-06   2.50784517111300e+01
   1.96175274000000e+08   1.90957871382125e-06   2.49543538594890e+01
   1.96575277000000e+08   1.51997528519132e-06   2.52465842842254e+01
   1.96975279000000e+08   1.80100528268667e-06   2.50664422416190e+01
   1.97375282000000e+08   1.60020340445044e-06   2.50144012070648e+01
   1.97775284000000e+08   1.72125771769061e-06   2.51665211541937e+01
   1.98175287000000e+08   1.69080658452003e-06   2.49303349204548e+01
   1.98575290000000e+08   1.56369321757666e-06   2.47822181296936e+01
   1.98975292000000e+08   1.69864733834402e-06   2.51905400932058e+01
   1.99375295000000e+08   1.56953592522768e-06   2.47822181296936e+01
   1.99775297000000e+08   1.57319152549462e-06   2.49463475464779e+01
   2.00175300000000e+08   1.72636362094636e-06   2.51425022151793e+01
   2.00575303000000e+08   1.43692830079090e-06   2.50584359286114e+01
   2.00975305000000e+08   1.74862304902490e-06   2.50784517111300e+01
   2.01375308000000e+08   1.46032743941760e-06   2.53186411012327e+01
   2.01775310000000e+08   1.63162826538610e-06   2.48903033553927e+01
   2.02175313000000e+08   1.62105425260961e-06   2.52305716582210e+01
   2.02575315000000e+08   1.51464621467312e-06   2.47902244427099e+01
   2.02975318000000e+08   1.77518575128488e-06   2.48983096684056e+01
