   4.00003000000000e+05   1.70148712186347e-06   2.51024706501504e+01
   8.00006000000000e+05   1.59821252054826e-06   2.50464264590994e+01
   1.20000800000000e+06   2.24414338845236e-06   2.49343380769607e+01
   1.60001100000000e+06   1.50175549151754e-06   2.49103191379245e+01
   2.00001300000000e+06   1.85324734047754e-06   2.50264106765782e+01
   2.40001600000000e+06   1.63654328844132e-06   2.50063948940555e+01
   2.80001800000000e+06   2.18963145925954e-06   2.50584359286114e+01
   3.20002100000000e+06   2.37073072639760e-06   2.49783727985210e+01
   3.60002400000000e+06   1.88400133538380e-06   2.50184043635693e+01
   4.00002600000000e+06   2.58969748756499e-06   2.49503507029835e+01
   4.40002900000000e+06   2.26641486733570e-06   2.49423443899722e+01
   4.80003100000000e+06   1.72737168213644e-06   2.49423443899722e+01
   5.20003400000000e+06   1.99818714463618e-06   2.50264106765782e+01
   5.60003700000000e+06   1.76388505224168e-06   2.50984674936472e+01
   6.00003900000000e+06   2.07830294129963e-06   2.50224075200738e+01
   6.40004200000000e+06   1.68454175764055e-06   2.50344169895869e+01
   6.80004400000000e+06   1.87167211151973e-06   2.50944643371439e+01
   7.20004700000000e+06   2.48710625783133e-06   2.50344169895869e+01
   7.60005000000000e+06   1.49981769936858e-06   2.49903822680362e+01
   8.00005200000000e+06   2.35368020184978e-06   2.49703664855106e+01
   8.40005500000000e+06   1.81546647581854e-06   2.49623601725000e+01
   8.80005700000000e+06   2.12848090086482e-06   2.49623601725000e+01
   9.20006000000000e+06   2.21505752051598e-06   2.50023917375508e+01
   9.60006300000000e+06   1.71661633885378e-06   2.50224075200738e+01
   4.20780380000000e+07   2.36636260524392e-03   2.50304138330826e+01
   4.24780400000000e+07   1.20143420190288e-06   2.50224075200738e+01
   4.28780430000000e+07   1.00898262189730e-06   2.50584359286114e+01
   4.32780460000000e+07   2.93575681098446e-06   2.50784517111300e+01
   4.36780480000000e+07   1.51419180838275e-06   2.49463475464779e+01
   4.40780510000000e+07   3.10559107674635e-06   2.49663633290053e+01
   4.44780530000000e+07   1.49962340856291e-06   2.49823759550261e+01
   4.48780560000000e+07   1.25178962662176e-06   2.50184043635693e+01
   4.52780590000000e+07   2.80436597677181e-06   2.49423443899722e+01
   4.56780610000000e+07   1.39461565140664e-06   2.50264106765782e+01
   4.60780640000000e+07   3.54726898876834e-06   2.50384201460911e+01
   4.64780660000000e+07   1.39901294460287e-06   2.50224075200738e+01
   4.68780690000000e+07   9.24933885926293e-07   2.50744485546264e+01
   4.72780720000000e+07   2.60991532741173e-06   2.50224075200738e+01
   4.76780740000000e+07   1.49486277223332e-06   2.51144801196597e+01
   4.80780770000000e+07   3.02496619042358e-06   2.50544327721075e+01
   4.84780790000000e+07   1.01874536539981e-06   2.50864580241371e+01
   4.88780820000000e+07   1.43371369176748e-06   2.50944643371439e+01
   4.92780850000000e+07   2.99498196909553e-06   2.50264106765782e+01
   4.96780870000000e+07   1.58723878485034e-06   2.50704453981228e+01
   5.00780900000000e+07   3.16145792567113e-06   2.50264106765782e+01
   5.04780920000000e+07   1.55921998157282e-06   2.50704453981228e+01
   5.08780950000000e+07   8.01355156454520e-07   2.50264106765782e+01
   5.12780980000000e+07   2.08660139833228e-06   2.50744485546264e+01
   5.16781000000000e+07   7.61190278808499e-07   2.49943854245411e+01
   9.52392720000000e+07  -4.23842435702682e-03   2.49703664855106e+01
   9.56392740000000e+07  -4.49172006256049e-07   2.49023128249120e+01
   9.60392770000000e+07   2.16913986150757e-06   2.50224075200738e+01
   9.64392800000000e+07   2.31539684136806e-06   2.50184043635693e+01
   9.68392820000000e+07   2.17253796108707e-06   2.50384201460911e+01
   9.72392850000000e+07   1.57874058004381e-06   2.50464264590994e+01
   9.76392870000000e+07  -3.64955667464528e-07   2.50704453981228e+01
   9.80392900000000e+07   2.33396940529929e-06   2.50264106765782e+01
   9.84392930000000e+07   2.03952913579997e-06   2.50184043635693e+01
   9.88392950000000e+07   1.64432537985704e-06   2.50784517111300e+01
   9.92392980000000e+07   1.28500994378555e-06   2.50023917375508e+01
   9.96393000000000e+07  -7.14467489615345e-07   2.50184043635693e+01
   1.00039303000000e+08   1.97579993255204e-06   2.50424233025953e+01
   1.00439305000000e+08   1.60561830853112e-06   2.49983885810460e+01
   1.00839308000000e+08   2.39638393395580e-06   2.50784517111300e+01
   1.01239311000000e+08   1.33550270220439e-06   2.51425022151793e+01
   1.01639313000000e+08   1.30552464838729e-07   2.50824548676336e+01
   1.02039316000000e+08   2.90101365862938e-06   2.50544327721075e+01
   1.02439318000000e+08   2.23581287173147e-06   2.50063948940555e+01
   1.02839321000000e+08   2.10645202969317e-06   2.50784517111300e+01
   1.03239324000000e+08   1.44367902521481e-06   2.49263317639489e+01
   1.03639326000000e+08   3.87104108767744e-07   2.50424233025953e+01
   1.04039329000000e+08   2.83344093077176e-06   2.50384201460911e+01
   1.04439331000000e+08   1.85900046290044e-06   2.50144012070648e+01
   1.04839334000000e+08   2.37442668549193e-06   2.50063948940555e+01
   1.48449798000000e+08   4.64307470247149e-03   2.51785306237000e+01
   1.48849801000000e+08   3.02295984511147e-06   2.50984674936472e+01
   1.49249804000000e+08   5.97756297793239e-07   2.50664422416190e+01
   1.49649806000000e+08   2.56410203292035e-06   2.50144012070648e+01
   1.50049809000000e+08   9.12109385353688e-07   2.51465053716819e+01
   1.50449811000000e+08   1.44940224799939e-06   2.51625179976914e+01
   1.50849814000000e+08   2.55205395660596e-06   2.51585148411891e+01
   1.51249817000000e+08   6.04407830451237e-07   2.51024706501504e+01
   1.51649819000000e+08   2.50184689321031e-06   2.51064738066536e+01
   1.52049822000000e+08   8.21490402813652e-07   2.51304927456713e+01
   1.52449824000000e+08   1.14791816940851e-06   2.49943854245411e+01
   1.52849827000000e+08   2.54137444244407e-06   2.50584359286114e+01
   1.53249830000000e+08   5.44291481219261e-07   2.49463475464779e+01
   1.53649832000000e+08   2.30285877478309e-06   2.50304138330826e+01
   1.54049835000000e+08   4.63479153722801e-07   2.49503507029835e+01
   1.54449837000000e+08   1.37720621751214e-06   2.50624390851152e+01
   1.54849840000000e+08   2.59066064245417e-06   2.50904611806405e+01
   1.55249842000000e+08   8.45686201955687e-07   2.49263317639489e+01
   1.55649845000000e+08   2.44139550886757e-06   2.50384201460911e+01
   1.56049848000000e+08   1.18239347557392e-06   2.50504296156035e+01
   1.56449850000000e+08   1.64540131208923e-06   2.50264106765782e+01
   1.56849853000000e+08   2.71147723651666e-06   2.50544327721075e+01
   1.57249855000000e+08   1.26882639506221e-06   2.50664422416190e+01
   1.57649858000000e+08   2.89282843368710e-06   2.50744485546264e+01
   1.58049861000000e+08   1.22734547858272e-06   2.50544327721075e+01
   1.92852080000000e+08  -2.05809972248971e-03   2.50063948940555e+01
   1.93252083000000e+08   9.50518426634517e-07   2.50384201460911e+01
   1.93652085000000e+08   3.41602458320267e-06   2.51224864326656e+01
   1.94052088000000e+08   2.43136469180172e-07   2.49703664855106e+01
   1.94452090000000e+08   2.58481622950057e-06   2.50103980505602e+01
   1.94852093000000e+08   1.95556890503212e-06   2.50424233025953e+01
   1.95252096000000e+08   8.44559167489933e-07   2.50184043635693e+01
   1.95652098000000e+08   3.26303756992274e-06   2.50624390851152e+01
   1.96052101000000e+08  -1.14450266153199e-07   2.49383412334665e+01
   1.96452103000000e+08   2.44356328948925e-06   2.50504296156035e+01
   1.96852106000000e+08   1.90646767350700e-06   2.50304138330826e+01
   1.97252109000000e+08   9.94013930721849e-07   2.50103980505602e+01
   1.97652111000000e+08   3.19303103424318e-06   2.49143222944307e+01
   1.98052114000000e+08   4.18859080753009e-08   2.49983885810460e+01
   1.98452116000000e+08   2.83777467302571e-06   2.50384201460911e+01
   1.98852119000000e+08   1.91912317859533e-06   2.51024706501504e+01
   1.99252121000000e+08   1.25838107578602e-06   2.49983885810460e+01
   1.99652124000000e+08   3.37491178470373e-06   2.49903822680362e+01
   2.00052127000000e+08   4.14617773003556e-07   2.49863791115312e+01
   2.00452129000000e+08   2.99810312753834e-06   2.49663633290053e+01
   2.00852132000000e+08   1.72592240232916e-06   2.49863791115312e+01
   2.01252134000000e+08   1.39459336878645e-06   2.50103980505602e+01
   2.01652137000000e+08   3.10118798552139e-06   2.50464264590994e+01
   2.02052140000000e+08   1.62584910867736e-07   2.49623601725000e+01
   2.02452142000000e+08   3.02990429190686e-06   2.50984674936472e+01
