   4.00002000000000e+05   1.98720067601243e-06   2.50424233025953e+01
   8.00005000000000e+05   1.93730102182599e-06   2.50023917375508e+01
   1.20000800000000e+06   1.99706619241624e-06   2.49783727985210e+01
   1.60001000000000e+06   1.99864780370262e-06   2.49423443899722e+01
   2.00001300000000e+06   1.96817859432485e-06   2.50304138330826e+01
   2.40001500000000e+06   2.07479070013505e-06   2.50584359286114e+01
   2.80001800000000e+06   1.99981604964705e-06   2.51224864326656e+01
   3.20002100000000e+06   2.15877503251249e-06   2.50624390851152e+01
   3.60002300000000e+06   1.93536106962711e-06   2.51184832761627e+01
   4.00002600000000e+06   1.93811024473689e-06   2.51064738066536e+01
   4.40002800000000e+06   2.01424836632214e-06   2.50864580241371e+01
   4.80003100000000e+06   1.88671094747406e-06   2.50584359286114e+01
   5.20003400000000e+06   1.95037910089013e-06   2.51665211541937e+01
   5.60003600000000e+06   1.95838492800249e-06   2.51184832761627e+01
   6.00003900000000e+06   1.67871269241004e-06   2.50544327721075e+01
   6.40004100000000e+06   1.75484842657170e-06   2.51665211541937e+01
   6.80004400000000e+06   1.40719407681900e-06   2.50424233025953e+01
   7.20004700000000e+06   1.73334683495341e-06   2.50624390851152e+01
   7.60004900000000e+06   1.48493484175560e-06   2.51425022151793e+01
   8.00005200000000e+06   1.61461207426328e-06   2.51024706501504e+01
   8.40005400000000e+06   1.67653354310460e-06   2.50584359286114e+01
   8.80005700000000e+06   1.58767818447814e-06   2.50464264590994e+01
   9.20006000000000e+06   1.72844818280282e-06   2.50624390851152e+01
   9.60006200000000e+06   1.58594230015296e-06   2.49583570159945e+01
   4.27585970000000e+07  -2.04712478443980e-03   2.50464264590994e+01
   4.31586000000000e+07   2.65851667791139e-06   2.49623601725000e+01
   4.35586020000000e+07   1.62619960519805e-06   2.50544327721075e+01
   4.39586050000000e+07   1.92777952179313e-06   2.49703664855106e+01
   4.43586080000000e+07   1.23207439628459e-06   2.49943854245411e+01
   4.47586100000000e+07   1.15527177513286e-06   2.50344169895869e+01
   4.51586130000000e+07   2.79310211226402e-06   2.49903822680362e+01
   4.55586150000000e+07   1.45122351113969e-06   2.50544327721075e+01
   4.59586180000000e+07   2.07999823942373e-06   2.49823759550261e+01
   4.63586210000000e+07   1.47644777825917e-06   2.50384201460911e+01
   4.67586230000000e+07   1.69102725067205e-06   2.50144012070648e+01
   4.71586260000000e+07   2.98381155516836e-06   2.50144012070648e+01
   4.75586280000000e+07   1.70415580669214e-06   2.50063948940555e+01
   4.79586310000000e+07   2.02652154257521e-06   2.50063948940555e+01
   4.83586340000000e+07   1.32278410092113e-06   2.49583570159945e+01
   4.87586360000000e+07   1.81995812909008e-06   2.49983885810460e+01
   4.91586390000000e+07   2.85410169453826e-06   2.50384201460911e+01
   4.95586410000000e+07   1.36867379296746e-06   2.50344169895869e+01
   4.99586440000000e+07   1.98131851902872e-06   2.49703664855106e+01
   5.03586470000000e+07   1.65080200531520e-06   2.50103980505602e+01
   5.07586490000000e+07   2.23158826884173e-06   2.49543538594890e+01
   5.11586520000000e+07   2.83550707536051e-06   2.50384201460911e+01
   5.15586540000000e+07   1.44258569889644e-06   2.50424233025953e+01
   5.19586570000000e+07   2.07738457902451e-06   2.50344169895869e+01
   5.23586600000000e+07   1.45057049394381e-06   2.50624390851152e+01
   9.57686170000000e+07   4.59535000845790e-03   2.50384201460911e+01
   9.61686200000000e+07   9.20115894587070e-07   2.50464264590994e+01
   9.65686220000000e+07   2.66758775069320e-06   2.50344169895869e+01
   9.69686250000000e+07   1.66684094438097e-06   2.49663633290053e+01
   9.73686280000000e+07   1.27088435419864e-06   2.49983885810460e+01
   9.77686300000000e+07   3.31727642333135e-06   2.49903822680362e+01
   9.81686330000000e+07   8.85708288933529e-07   2.50144012070648e+01
   9.85686350000000e+07   2.58888439930161e-06   2.49783727985210e+01
   9.89686380000000e+07   1.48971150792931e-06   2.49623601725000e+01
   9.93686410000000e+07   1.33895923681848e-06   2.50704453981228e+01
   9.97686430000000e+07   3.21373431688698e-06   2.49343380769607e+01
   1.00168646000000e+08   7.07310505276837e-07   2.50144012070648e+01
   1.00568648000000e+08   2.58148156717652e-06   2.49663633290053e+01
   1.00968651000000e+08   1.28998567561212e-06   2.50063948940555e+01
   1.01368654000000e+08   1.44529201406840e-06   2.50144012070648e+01
   1.01768656000000e+08   2.90053276330582e-06   2.49583570159945e+01
   1.02168659000000e+08   8.69338236952899e-07   2.50224075200738e+01
   1.02568661000000e+08   2.62524235949968e-06   2.49503507029835e+01
   1.02968664000000e+08   1.35588118155283e-06   2.49743696420159e+01
   1.03368667000000e+08   1.68740120898292e-06   2.49823759550261e+01
   1.03768669000000e+08   2.89184754365124e-06   2.50544327721075e+01
   1.04168672000000e+08   6.97358188972430e-07   2.50304138330826e+01
   1.04568674000000e+08   2.57498618339014e-06   2.50144012070648e+01
   1.04968677000000e+08   1.23857148537354e-06   2.49383412334665e+01
   1.05368680000000e+08   1.77665708633867e-06   2.49703664855106e+01
   1.48978737000000e+08  -4.19314904138446e-03   2.49543538594890e+01
   1.49378739000000e+08   1.57076237883302e-06   2.50184043635693e+01
   1.49778742000000e+08   1.86135798685427e-06   2.50304138330826e+01
   1.50178745000000e+08   3.00535180031147e-06   2.49583570159945e+01
   1.50578747000000e+08   1.55478039687296e-06   2.50704453981228e+01
   1.50978750000000e+08   1.53888379372802e-06   2.50103980505602e+01
   1.51378752000000e+08   1.63958929988439e-06   2.50264106765782e+01
   1.51778755000000e+08   2.21351206164400e-06   2.50063948940555e+01
   1.52178758000000e+08   2.82713381238864e-06   2.50304138330826e+01
   1.52578760000000e+08   1.45539388540783e-06   2.50144012070648e+01
   1.52978763000000e+08   1.61429534273339e-06   2.50344169895869e+01
   1.53378765000000e+08   1.92486504602130e-06   2.50023917375508e+01
   1.53778768000000e+08   2.11385690818133e-06   2.50344169895869e+01
   1.54178771000000e+08   2.52874497164157e-06   2.49663633290053e+01
   1.54578773000000e+08   1.21289883736608e-06   2.49743696420159e+01
   1.54978776000000e+08   1.52211839576921e-06   2.49943854245411e+01
   1.55378778000000e+08   1.79329799721017e-06   2.49423443899722e+01
   1.55778781000000e+08   2.16751004700200e-06   2.50184043635693e+01
   1.56178784000000e+08   2.20469928535749e-06   2.49303349204548e+01
   1.56578786000000e+08   1.06623258488980e-06   2.49583570159945e+01
   1.56978789000000e+08   1.53934570334968e-06   2.49623601725000e+01
   1.57378791000000e+08   1.91342678590445e-06   2.48943065118992e+01
   1.57778794000000e+08   2.08027631742880e-06   2.50624390851152e+01
   1.58178797000000e+08   2.05901483241178e-06   2.49543538594890e+01
   1.58578799000000e+08   1.09527900349349e-06   2.49583570159945e+01
   1.93797324000000e+08   2.35231267288327e-03   2.49383412334665e+01
   1.94197327000000e+08   1.66786458066781e-06   2.49823759550261e+01
   1.94597329000000e+08   1.98842963072821e-06   2.49743696420159e+01
   1.94997332000000e+08   1.52378618167859e-06   2.49743696420159e+01
   1.95397335000000e+08   2.47482148552081e-06   2.49903822680362e+01
   1.95797337000000e+08   2.57019792115898e-06   2.50384201460911e+01
   1.96197340000000e+08   1.75680827396718e-06   2.50224075200738e+01
   1.96597342000000e+08   2.02092655854358e-06   2.50864580241371e+01
   1.96997345000000e+08   1.72391605701705e-06   2.50103980505602e+01
   1.97397348000000e+08   2.58538739217329e-06   2.50584359286114e+01
   1.97797350000000e+08   2.40881900026579e-06   2.50904611806405e+01
   1.98197353000000e+08   1.49802610849292e-06   2.50824548676336e+01
   1.98597355000000e+08   1.77317713223601e-06   2.50304138330826e+01
   1.98997358000000e+08   1.79359653884603e-06   2.51104769631567e+01
   1.99397361000000e+08   2.44989996645018e-06   2.50504296156035e+01
   1.99797363000000e+08   2.14030455936154e-06   2.50063948940555e+01
   2.00197366000000e+08   1.23700806398119e-06   2.50584359286114e+01
   2.00597368000000e+08   1.91444564734411e-06   2.50904611806405e+01
   2.00997371000000e+08   1.63908850936423e-06   2.50864580241371e+01
   2.01397374000000e+08   2.31122930927086e-06   2.50304138330826e+01
   2.01797376000000e+08   1.79485414264491e-06   2.50504296156035e+01
   2.02197379000000e+08   1.17705974389537e-06   2.49743696420159e+01
   2.02597381000000e+08   1.74980448264250e-06   2.50264106765782e+01
   2.02997384000000e+08   1.70781117958541e-06   2.49823759550261e+01
   2.03397387000000e+08   2.05614105652785e-06   2.51384990586767e+01
