   4.00003000000000e+05   1.61607397330954e-06   2.49663633290053e+01
   8.00005000000000e+05   1.51657070546207e-06   2.49663633290053e+01
   1.20000800000000e+06   1.71112878888380e-06   2.50824548676336e+01
   1.60001000000000e+06   1.80407937477867e-06   2.49943854245411e+01
   2.00001300000000e+06   1.58299087615887e-06   2.49463475464779e+01
   2.40001600000000e+06   1.74018975940271e-06   2.50063948940555e+01
   2.80001800000000e+06   1.82227756795328e-06   2.49103191379245e+01
   3.20002100000000e+06   1.72654426933150e-06   2.50103980505602e+01
   3.60002300000000e+06   1.93907180801034e-06   2.50944643371439e+01
   4.00002600000000e+06   1.80234644631128e-06   2.50344169895869e+01
   4.40002900000000e+06   1.97832582671253e-06   2.50144012070648e+01
   4.80003100000000e+06   1.81149789568735e-06   2.50304138330826e+01
   5.20003400000000e+06   1.81914663244243e-06   2.51224864326656e+01
   5.60003600000000e+06   1.94274957721063e-06   2.50864580241371e+01
   6.00003900000000e+06   1.73514604284719e-06   2.50023917375508e+01
   6.40004200000000e+06   1.83963879862858e-06   2.50184043635693e+01
   6.80004400000000e+06   1.76501248461136e-06   2.51465053716819e+01
   7.20004700000000e+06   1.60955062256107e-06   2.51104769631567e+01
   7.60004900000000e+06   1.68610245054879e-06   2.50384201460911e+01
   8.00005200000000e+06   1.52947279730142e-06   2.50184043635693e+01
   8.40005500000000e+06   1.71793942627119e-06   2.49983885810460e+01
   8.80005700000000e+06   1.64411449077306e-06   2.49783727985210e+01
   9.20006000000000e+06   1.62946594173263e-06   2.50264106765782e+01
   9.60006200000000e+06   1.72305499290815e-06   2.50103980505602e+01
   4.21688530000000e+07   2.39396304823458e-03   2.51745274671980e+01
   4.25688560000000e+07   2.52032555181358e-06   2.51144801196597e+01
   4.29688580000000e+07   1.61823788857873e-06   2.51505085281844e+01
   4.33688610000000e+07   1.44858256589941e-06   2.50464264590994e+01
   4.37688640000000e+07   3.00820261145418e-06   2.49423443899722e+01
   4.41688660000000e+07   1.06266372768005e-06   2.51264895891685e+01
   4.45688690000000e+07   2.33103378377564e-06   2.49903822680362e+01
   4.49688710000000e+07   1.79088760887680e-06   2.49623601725000e+01
   4.53688740000000e+07   1.64895857324154e-06   2.50023917375508e+01
   4.57688770000000e+07   3.18662250720081e-06   2.50624390851152e+01
   4.61688790000000e+07   1.37885820095107e-06   2.49783727985210e+01
   4.65688820000000e+07   2.61605441664869e-06   2.50744485546264e+01
   4.69688840000000e+07   1.81861480541556e-06   2.49943854245411e+01
   4.73688870000000e+07   1.59769479068927e-06   2.50664422416190e+01
   4.77688900000000e+07   3.15594752464676e-06   2.50584359286114e+01
   4.81688920000000e+07   1.46467471040523e-06   2.50023917375508e+01
   4.85688950000000e+07   2.41333782469155e-06   2.49983885810460e+01
   4.89688970000000e+07   1.78894913460681e-06   2.50264106765782e+01
   4.93689000000000e+07   1.42810574743635e-06   2.50664422416190e+01
   4.97689030000000e+07   2.95390736937406e-06   2.50184043635693e+01
   5.01689050000000e+07   1.26073609862942e-06   2.51264895891685e+01
   5.05689080000000e+07   2.21930213228916e-06   2.51585148411891e+01
   5.09689100000000e+07   1.51831409311853e-06   2.50544327721075e+01
   5.13689130000000e+07   1.09865675312903e-06   2.50784517111300e+01
   5.17689160000000e+07   2.53440339292865e-06   2.50384201460911e+01
   9.51592290000000e+07  -4.28954977542162e-03   2.50063948940555e+01
   9.55592320000000e+07   2.63147717305401e-06   2.49543538594890e+01
   9.59592350000000e+07   1.28438284718868e-06   2.50344169895869e+01
   9.63592370000000e+07   2.39993323702947e-06   2.50264106765782e+01
   9.67592400000000e+07   7.81922494752507e-07   2.50624390851152e+01
   9.71592420000000e+07   9.28318627302360e-07   2.50824548676336e+01
   9.75592450000000e+07   1.57649242282787e-06   2.50344169895869e+01
   9.79592480000000e+07   3.29864803916280e-07   2.49903822680362e+01
   9.83592500000000e+07   1.45289573083573e-06   2.50144012070648e+01
   9.87592530000000e+07   3.54536410895889e-07   2.50063948940555e+01
   9.91592550000000e+07   1.59530361543148e-06   2.49903822680362e+01
   9.95592580000000e+07   2.69508359451720e-06   2.49423443899722e+01
   9.99592610000000e+07   1.43349848258367e-06   2.50103980505602e+01
   1.00359263000000e+08   2.48946389547200e-06   2.50264106765782e+01
   1.00759266000000e+08   1.10997768842935e-06   2.49383412334665e+01
   1.01159268000000e+08   1.75969410065591e-06   2.50063948940555e+01
   1.01559271000000e+08   2.47642310569063e-06   2.50744485546264e+01
   1.01959274000000e+08   1.43218733228423e-06   2.50744485546264e+01
   1.02359276000000e+08   2.26225188271201e-06   2.49823759550261e+01
   1.02759279000000e+08   1.23640290894400e-06   2.50864580241371e+01
   1.03159281000000e+08   1.74128138041851e-06   2.50264106765782e+01
   1.03559284000000e+08   2.49717936640081e-06   2.49663633290053e+01
   1.03959287000000e+08   1.41926091146161e-06   2.50784517111300e+01
   1.04359289000000e+08   2.37631275012973e-06   2.50304138330826e+01
   1.04759292000000e+08   1.16793262350257e-06   2.50344169895869e+01
   1.48474184000000e+08   4.69107460230589e-03   2.50784517111300e+01
   1.48874186000000e+08   3.65432720172976e-06   2.49583570159945e+01
   1.49274189000000e+08   1.12876659841277e-06   2.50224075200738e+01
   1.49674192000000e+08   1.21893697269115e-06   2.51024706501504e+01
   1.50074194000000e+08   1.68398355526733e-06   2.49983885810460e+01
   1.50474197000000e+08   1.40280428695405e-06   2.49903822680362e+01
   1.50874199000000e+08   3.32161130245368e-06   2.50224075200738e+01
   1.51274202000000e+08   8.65293770857534e-07   2.50944643371439e+01
   1.51674205000000e+08   8.34226227652834e-07   2.51304927456713e+01
   1.52074207000000e+08   1.34133779283729e-06   2.51184832761627e+01
   1.52474210000000e+08   8.81879600456159e-07   2.49623601725000e+01
   1.52874212000000e+08   2.94289316116192e-06   2.49623601725000e+01
   1.53274215000000e+08   9.99110284283233e-07   2.49663633290053e+01
   1.53674218000000e+08   9.78727143774449e-07   2.49703664855106e+01
   1.54074220000000e+08   1.25286419461190e-06   2.50184043635693e+01
   1.54474223000000e+08   8.68960910338501e-07   2.50944643371439e+01
   1.54874225000000e+08   3.12151883008482e-06   2.50063948940555e+01
   1.55274228000000e+08   1.54968154220114e-06   2.49903822680362e+01
   1.55674231000000e+08   1.47509672387969e-06   2.50384201460911e+01
   1.56074233000000e+08   1.86037789262627e-06   2.49383412334665e+01
   1.56474236000000e+08   1.39683481847896e-06   2.50344169895869e+01
   1.56874238000000e+08   3.38329073201749e-06   2.50344169895869e+01
   1.57274241000000e+08   1.76360219938942e-06   2.50264106765782e+01
   1.57674244000000e+08   1.78919253812637e-06   2.50264106765782e+01
   1.58074246000000e+08   1.96587575373997e-06   2.49663633290053e+01
   1.92986498000000e+08  -2.08338652737439e-03   2.51144801196597e+01
   1.93386500000000e+08   9.00392478797585e-07   2.50384201460911e+01
   1.93786503000000e+08   1.86757938536175e-06   2.51264895891685e+01
   1.94186505000000e+08   2.41301950154593e-06   2.50864580241371e+01
   1.94586508000000e+08   1.74237106875808e-06   2.50544327721075e+01
   1.94986511000000e+08   1.10551934540126e-06   2.50264106765782e+01
   1.95386513000000e+08   9.76084493231610e-07   2.50624390851152e+01
   1.95786516000000e+08   1.89703155228926e-06   2.51064738066536e+01
   1.96186518000000e+08   2.40863460021501e-06   2.51144801196597e+01
   1.96586521000000e+08   1.85238252470299e-06   2.50984674936472e+01
   1.96986524000000e+08   1.46255649724480e-06   2.50144012070648e+01
   1.97386526000000e+08   1.59760861606628e-06   2.49863791115312e+01
   1.97786529000000e+08   2.39665450862958e-06   2.50103980505602e+01
   1.98186531000000e+08   3.00870624414529e-06   2.50224075200738e+01
   1.98586534000000e+08   2.35617608268512e-06   2.49943854245411e+01
   1.98986537000000e+08   1.66185463967850e-06   2.49903822680362e+01
   1.99386539000000e+08   1.46033073633589e-06   2.49903822680362e+01
   1.99786542000000e+08   2.13402518056682e-06   2.50224075200738e+01
   2.00186544000000e+08   2.67247014562599e-06   2.49983885810460e+01
   2.00586547000000e+08   2.11623978429998e-06   2.50744485546264e+01
   2.00986550000000e+08   1.68065741945611e-06   2.50544327721075e+01
   2.01386552000000e+08   1.43458134971297e-06   2.50704453981228e+01
   2.01786555000000e+08   2.15945760828617e-06   2.51344959021740e+01
   2.02186557000000e+08   2.65738367488666e-06   2.50744485546264e+01
   2.02586560000000e+08   2.23425399781263e-06   2.51064738066536e+01
