   4.00002000000000e+05   2.04151137950248e-06   2.50063948940555e+01
   8.00005000000000e+05   2.28615454034298e-06   2.50103980505602e+01
   1.20000700000000e+06   2.06059462470876e-06   2.50184043635693e+01
   1.60001000000000e+06   2.13965017792361e-06   2.49263317639489e+01
   2.00001300000000e+06   2.20215406443458e-06   2.49943854245411e+01
   2.40001500000000e+06   2.04080652110861e-06   2.50864580241371e+01
   2.80001800000000e+06   2.32053207582794e-06   2.50063948940555e+01
   3.20002000000000e+06   1.97997155737539e-06   2.50184043635693e+01
   3.60002300000000e+06   2.18869172385894e-06   2.50704453981228e+01
   4.00002600000000e+06   2.12910958907742e-06   2.50704453981228e+01
   4.40002800000000e+06   1.96582709577342e-06   2.50944643371439e+01
   4.80003100000000e+06   2.17539809455047e-06   2.50023917375508e+01
   5.20003300000000e+06   1.97402368939947e-06   2.51144801196597e+01
   5.60003600000000e+06   1.99865507966024e-06   2.50704453981228e+01
   6.00003900000000e+06   1.95232360056252e-06   2.50784517111300e+01
   6.40004100000000e+06   1.73866180830373e-06   2.50624390851152e+01
   6.80004400000000e+06   2.05252013074642e-06   2.51024706501504e+01
   7.20004600000000e+06   1.79003268385713e-06   2.51024706501504e+01
   7.60004900000000e+06   1.65171002208808e-06   2.50664422416190e+01
   8.00005100000000e+06   1.47513276260725e-06   2.49943854245411e+01
   8.40005400000000e+06   1.30092223571410e-06   2.49903822680362e+01
   8.80005700000000e+06   1.48350898143690e-06   2.49863791115312e+01
   9.20005900000000e+06   1.26109864595492e-06   2.49223286074429e+01
   9.60006200000000e+06   1.69063730481867e-06   2.50023917375508e+01
   4.24077510000000e+07   2.39037512801588e-03   2.50544327721075e+01
   4.28077540000000e+07   1.52292159327772e-06   2.50704453981228e+01
   4.32077560000000e+07   2.68394478553091e-06   2.50624390851152e+01
   4.36077590000000e+07   1.11686574655323e-06   2.51384990586767e+01
   4.40077620000000e+07   2.44321972786565e-06   2.50184043635693e+01
   4.44077640000000e+07   1.22796518553514e-06   2.51184832761627e+01
   4.48077670000000e+07   1.15084662866138e-06   2.50144012070648e+01
   4.52077690000000e+07   2.30400200962322e-06   2.51104769631567e+01
   4.56077720000000e+07   1.20426204830437e-06   2.50144012070648e+01
   4.60077750000000e+07   2.93927678285399e-06   2.51465053716819e+01
   4.64077770000000e+07   1.78466973466129e-06   2.51184832761627e+01
   4.68077800000000e+07   1.70078533301421e-06   2.50704453981228e+01
   4.72077820000000e+07   2.78788911600714e-06   2.50384201460911e+01
   4.76077850000000e+07   1.45735884871101e-06   2.50464264590994e+01
   4.80077880000000e+07   2.72844181381515e-06   2.50904611806405e+01
   4.84077900000000e+07   1.62080425525346e-06   2.49623601725000e+01
   4.88077930000000e+07   1.55803297730017e-06   2.50704453981228e+01
   4.92077950000000e+07   2.67433529188565e-06   2.50424233025953e+01
   4.96077980000000e+07   1.39465771553660e-06   2.49743696420159e+01
   5.00078010000000e+07   2.67714108304062e-06   2.50103980505602e+01
   5.04078030000000e+07   1.69253951298742e-06   2.50224075200738e+01
   5.08078060000000e+07   1.65409710461972e-06   2.50424233025953e+01
   5.12078080000000e+07   2.58169529843144e-06   2.50184043635693e+01
   5.16078110000000e+07   1.52316044932377e-06   2.49743696420159e+01
   5.20078140000000e+07   2.67935001829755e-06   2.50264106765782e+01
   9.61247670000000e+07  -4.27857413887978e-03   2.51224864326656e+01
   9.65247700000000e+07   2.06242270905932e-06   2.50704453981228e+01
   9.69247720000000e+07   2.56150337918370e-06   2.49783727985210e+01
   9.73247750000000e+07   2.70915666078508e-06   2.50264106765782e+01
   9.77247770000000e+07   2.65131347987335e-06   2.50264106765782e+01
   9.81247800000000e+07   1.54562189891294e-06   2.50264106765782e+01
   9.85247830000000e+07   1.82250801117334e-06   2.51064738066536e+01
   9.89247850000000e+07   2.32318689086242e-06   2.49703664855106e+01
   9.93247880000000e+07   2.46236618295370e-06   2.50144012070648e+01
   9.97247900000000e+07   2.30272121370945e-06   2.50023917375508e+01
   1.00124793000000e+08   1.10492294425057e-06   2.50224075200738e+01
   1.00524796000000e+08   1.43184820444731e-06   2.50344169895869e+01
   1.00924798000000e+08   1.84607586106722e-06   2.50424233025953e+01
   1.01324801000000e+08   2.10992675420130e-06   2.50744485546264e+01
   1.01724803000000e+08   2.10954544854758e-06   2.49583570159945e+01
   1.02124806000000e+08   1.17562626655854e-06   2.49783727985210e+01
   1.02524809000000e+08   1.21132018193748e-06   2.50384201460911e+01
   1.02924811000000e+08   1.77646472820925e-06   2.50424233025953e+01
   1.03324814000000e+08   1.88774049547646e-06   2.50103980505602e+01
   1.03724816000000e+08   2.02428782358766e-06   2.50824548676336e+01
   1.04124819000000e+08   9.23261097796058e-07   2.49663633290053e+01
   1.04524822000000e+08   1.15898933472636e-06   2.49743696420159e+01
   1.04924824000000e+08   1.53710232098092e-06   2.50224075200738e+01
   1.05324827000000e+08   1.86997442597203e-06   2.49703664855106e+01
   1.05724829000000e+08   1.75953061898326e-06   2.50224075200738e+01
   1.49064919000000e+08   4.67665027827024e-03   2.50224075200738e+01
   1.49464921000000e+08   1.69773875313695e-06   2.49943854245411e+01
   1.49864924000000e+08   3.13511873173411e-06   2.49623601725000e+01
   1.50264926000000e+08   1.84288478521921e-06   2.50304138330826e+01
   1.50664929000000e+08   1.70477767369448e-06   2.50304138330826e+01
   1.51064932000000e+08   2.46733475250949e-06   2.48983096684056e+01
   1.51464934000000e+08   1.89649392723368e-06   2.50264106765782e+01
   1.51864937000000e+08   2.83037979897927e-06   2.49023128249120e+01
   1.52264939000000e+08   1.47655759974441e-06   2.49503507029835e+01
   1.52664942000000e+08   1.23792221984331e-06   2.49903822680362e+01
   1.53064945000000e+08   2.11291398954927e-06   2.50184043635693e+01
   1.53464947000000e+08   1.52020220411941e-06   2.49623601725000e+01
   1.53864950000000e+08   2.51628239311685e-06   2.49943854245411e+01
   1.54264952000000e+08   1.20877280096465e-06   2.49183254509368e+01
   1.54664955000000e+08   1.20196204989043e-06   2.50624390851152e+01
   1.55064958000000e+08   1.79043445314164e-06   2.49503507029835e+01
   1.55464960000000e+08   1.46811328249896e-06   2.49823759550261e+01
   1.55864963000000e+08   2.75848742603557e-06   2.49983885810460e+01
   1.56264965000000e+08   1.84234465905320e-06   2.50224075200738e+01
   1.56664968000000e+08   1.58366651703545e-06   2.50264106765782e+01
   1.57064971000000e+08   2.28422754844360e-06   2.50063948940555e+01
   1.57464973000000e+08   1.74067622538132e-06   2.50023917375508e+01
   1.57864976000000e+08   2.84478642242902e-06   2.50304138330826e+01
   1.58264978000000e+08   1.77568927028915e-06   2.49383412334665e+01
   1.58664981000000e+08   1.70229736795591e-06   2.50063948940555e+01
   1.93605499000000e+08  -2.08467501215637e-03   2.49743696420159e+01
   1.94005502000000e+08   1.31523245272547e-06   2.50824548676336e+01
   1.94405504000000e+08   1.91977801478060e-06   2.50344169895869e+01
   1.94805507000000e+08   5.08066477777902e-07   2.49063159814183e+01
   1.95205510000000e+08   1.38418602091406e-06   2.50584359286114e+01
   1.95605512000000e+08   2.57124111158191e-06   2.50103980505602e+01
   1.96005515000000e+08   1.87025295872445e-06   2.49903822680362e+01
   1.96405517000000e+08   2.54334941018897e-06   2.50944643371439e+01
   1.96805520000000e+08   1.27431565033476e-06   2.50103980505602e+01
   1.97205523000000e+08   2.03805734599882e-06   2.51224864326656e+01
   1.97605525000000e+08   2.73154023489042e-06   2.50224075200738e+01
   1.98005528000000e+08   1.76431694853818e-06   2.50624390851152e+01
   1.98405530000000e+08   2.48604078478820e-06   2.50864580241371e+01
   1.98805533000000e+08   1.27078601508401e-06   2.50304138330826e+01
   1.99205536000000e+08   1.96173482436279e-06   2.49823759550261e+01
   1.99605538000000e+08   2.36636196859763e-06   2.50384201460911e+01
   2.00005541000000e+08   1.59019862167042e-06   2.50224075200738e+01
   2.00405543000000e+08   2.08281289815204e-06   2.50344169895869e+01
   2.00805546000000e+08   1.14013801066903e-06   2.50224075200738e+01
   2.01205549000000e+08   1.49346510625037e-06   2.49223286074429e+01
   2.01605551000000e+08   2.50916741606488e-06   2.49823759550261e+01
   2.02005554000000e+08   1.73151261151361e-06   2.49823759550261e+01
   2.02405556000000e+08   2.62769913206284e-06   2.50063948940555e+01
   2.02805559000000e+08   1.41219959459704e-06   2.50664422416190e+01
   2.03205562000000e+08   2.01305897462589e-06   2.50063948940555e+01
