   4.00003000000000e+05   1.96004270947014e-06   2.50304138330826e+01
   8.00005000000000e+05   2.06152481041499e-06   2.50224075200738e+01
   1.20000800000000e+06   1.86310535355005e-06   2.50063948940555e+01
   1.60001000000000e+06   1.96248129213927e-06   2.50904611806405e+01
   2.00001300000000e+06   1.51233803080686e-06   2.49863791115312e+01
   2.40001600000000e+06   1.65992878464749e-06   2.50984674936472e+01
   2.80001800000000e+06   1.82633573331259e-06   2.50984674936472e+01
   3.20002100000000e+06   1.45755052471941e-06   2.49343380769607e+01
   3.60002300000000e+06   1.73711509887653e-06   2.50944643371439e+01
   4.00002600000000e+06   1.43764134463709e-06   2.48983096684056e+01
   4.40002900000000e+06   1.59336877914029e-06   2.50103980505602e+01
   4.80003100000000e+06   1.43883664804889e-06   2.50144012070648e+01
   5.20003400000000e+06   1.42324483931588e-06   2.50784517111300e+01
   5.60003600000000e+06   1.63472918757179e-06   2.49463475464779e+01
   6.00003900000000e+06   1.48805872868252e-06   2.50344169895869e+01
   6.40004200000000e+06   1.59860439907789e-06   2.50944643371439e+01
   6.80004400000000e+06   1.64801019764127e-06   2.50144012070648e+01
   7.20004700000000e+06   1.57009208123782e-06   2.50264106765782e+01
   7.60004900000000e+06   1.64763866905560e-06   2.49863791115312e+01
   8.00005200000000e+06   1.58184423071361e-06   2.50504296156035e+01
   8.40005500000000e+06   1.74217268522625e-06   2.50464264590994e+01
   8.80005700000000e+06   1.62419985372253e-06   2.50544327721075e+01
   9.20006000000000e+06   1.70896248619101e-06   2.50464264590994e+01
   9.60006200000000e+06   1.79610162831523e-06   2.49743696420159e+01
   4.20087650000000e+07  -2.06012441776693e-03   2.51144801196597e+01
   4.24087680000000e+07   9.76032424659934e-07   2.50424233025953e+01
   4.28087710000000e+07   1.28551823763701e-06   2.49943854245411e+01
   4.32087730000000e+07   2.71131193585461e-06   2.49383412334665e+01
   4.36087760000000e+07   9.02698729987605e-07   2.50304138330826e+01
   4.40087780000000e+07   2.25043618229392e-06   2.50304138330826e+01
   4.44087810000000e+07   9.91141291706299e-07   2.51304927456713e+01
   4.48087840000000e+07   1.50098537687882e-06   2.50624390851152e+01
   4.52087860000000e+07   2.55223676504102e-06   2.50864580241371e+01
   4.56087890000000e+07   9.75869511421479e-07   2.50424233025953e+01
   4.60087910000000e+07   2.57197621067462e-06   2.50063948940555e+01
   4.64087940000000e+07   1.20446486562287e-06   2.50784517111300e+01
   4.68087970000000e+07   1.93381583812879e-06   2.49823759550261e+01
   4.72087990000000e+07   2.70189366347040e-06   2.50384201460911e+01
   4.76088020000000e+07   1.29144552829530e-06   2.49743696420159e+01
   4.80088040000000e+07   2.70290593107347e-06   2.49903822680362e+01
   4.84088070000000e+07   1.37423876367393e-06   2.49983885810460e+01
   4.88088100000000e+07   2.30179807658715e-06   2.50584359286114e+01
   4.92088120000000e+07   2.81161737802904e-06   2.49663633290053e+01
   4.96088150000000e+07   1.38116877224093e-06   2.50103980505602e+01
   5.00088170000000e+07   2.66383608504839e-06   2.50464264590994e+01
   5.04088200000000e+07   1.35154562030948e-06   2.50384201460911e+01
   5.08088230000000e+07   2.29180909627758e-06   2.50664422416190e+01
   5.12088250000000e+07   2.61430477621616e-06   2.49983885810460e+01
   5.16088280000000e+07   1.47954960993957e-06   2.50023917375508e+01
   9.54741550000000e+07   4.62180050089955e-03   2.50664422416190e+01
   9.58741570000000e+07   1.47557625496120e-06   2.50824548676336e+01
   9.62741600000000e+07   2.44262719206745e-06   2.50904611806405e+01
   9.66741620000000e+07   1.30771582007583e-06   2.50944643371439e+01
   9.70741650000000e+07   2.65165135715506e-06   2.49663633290053e+01
   9.74741680000000e+07   5.78102230974764e-07   2.49623601725000e+01
   9.78741700000000e+07   1.69869110777654e-06   2.49823759550261e+01
   9.82741730000000e+07   2.26266047320678e-06   2.51104769631567e+01
   9.86741750000000e+07   1.27025327856245e-06   2.50144012070648e+01
   9.90741780000000e+07   2.36124606090016e-06   2.49703664855106e+01
   9.94741810000000e+07   5.82083146127843e-07   2.49703664855106e+01
   9.98741830000000e+07   1.73204648490355e-06   2.49263317639489e+01
   1.00274186000000e+08   2.17028491533711e-06   2.51825337802020e+01
   1.00674188000000e+08   1.21405332720315e-06   2.49983885810460e+01
   1.01074191000000e+08   2.24461359721317e-06   2.50224075200738e+01
   1.01474194000000e+08   4.95722019877576e-07   2.50424233025953e+01
   1.01874196000000e+08   1.86004103852611e-06   2.50264106765782e+01
   1.02274199000000e+08   2.11966721508361e-06   2.49943854245411e+01
   1.02674201000000e+08   1.27352097933908e-06   2.50584359286114e+01
   1.03074204000000e+08   2.09521886063158e-06   2.49823759550261e+01
   1.03474207000000e+08   6.34988737147069e-07   2.50344169895869e+01
   1.03874209000000e+08   1.89159163710428e-06   2.50504296156035e+01
   1.04274212000000e+08   2.04137495529721e-06   2.50063948940555e+01
   1.04674214000000e+08   1.15639568321058e-06   2.51264895891685e+01
   1.05074217000000e+08   2.02055161935277e-06   2.50144012070648e+01
   1.48503407000000e+08  -4.22240002080798e-03   2.50624390851152e+01
   1.48903410000000e+08   2.97960400530428e-06   2.51505085281844e+01
   1.49303413000000e+08   2.95178324449807e-06   2.51104769631567e+01
   1.49703415000000e+08   1.17265494736785e-06   2.50023917375508e+01
   1.50103418000000e+08   6.79543518344872e-07   2.51344959021740e+01
   1.50503420000000e+08   1.85197882274224e-06   2.50584359286114e+01
   1.50903423000000e+08   2.79644291367731e-06   2.50384201460911e+01
   1.51303426000000e+08   2.63057518168353e-06   2.49863791115312e+01
   1.51703428000000e+08   1.11538713554182e-06   2.50304138330826e+01
   1.52103431000000e+08   1.21363973448751e-06   2.49903822680362e+01
   1.52503433000000e+08   2.42012583839823e-06   2.50584359286114e+01
   1.52903436000000e+08   3.11421808874002e-06   2.49863791115312e+01
   1.53303439000000e+08   2.62004346041067e-06   2.50424233025953e+01
   1.53703441000000e+08   1.07614096123143e-06   2.49423443899722e+01
   1.54103444000000e+08   1.44765544973779e-06   2.50864580241371e+01
   1.54503446000000e+08   2.46610807153047e-06   2.50624390851152e+01
   1.54903449000000e+08   2.91078549707890e-06   2.50304138330826e+01
   1.55303452000000e+08   2.26139604819764e-06   2.50544327721075e+01
   1.55703454000000e+08   1.05537844774517e-06   2.51264895891685e+01
   1.56103457000000e+08   1.48349761275313e-06   2.50784517111300e+01
   1.56503459000000e+08   2.59272565017454e-06   2.50864580241371e+01
   1.56903462000000e+08   2.64447930931055e-06   2.51425022151793e+01
   1.57303465000000e+08   1.93659275282698e-06   2.49983885810460e+01
   1.57703467000000e+08   9.95857021734992e-07   2.51785306237000e+01
   1.58103470000000e+08   2.02858791453764e-06   2.51785306237000e+01
   1.93148278000000e+08   2.36908765509725e-03   2.49423443899722e+01
   1.93548280000000e+08   2.27312852985051e-06   2.50424233025953e+01
   1.93948283000000e+08   1.27395389881713e-06   2.49983885810460e+01
   1.94348286000000e+08   1.92516745300964e-06   2.49743696420159e+01
   1.94748288000000e+08   2.67631708084082e-06   2.50584359286114e+01
   1.95148291000000e+08   2.24036114104820e-07   2.49743696420159e+01
   1.95548293000000e+08   2.66005008597858e-06   2.50264106765782e+01
   1.95948296000000e+08   1.64032280736137e-06   2.50103980505602e+01
   1.96348299000000e+08   2.43410204348038e-06   2.50704453981228e+01
   1.96748301000000e+08   2.73724890575977e-06   2.50784517111300e+01
   1.97148304000000e+08   7.84613519044797e-07   2.50864580241371e+01
   1.97548306000000e+08   2.87905481854978e-06   2.51465053716819e+01
   1.97948309000000e+08   1.22233336696809e-06   2.50384201460911e+01
   1.98348312000000e+08   2.06579102268734e-06   2.50504296156035e+01
   1.98748314000000e+08   2.20080505641818e-06   2.51144801196597e+01
   1.99148317000000e+08   3.42415518161943e-07   2.50824548676336e+01
   1.99548319000000e+08   2.66438246399048e-06   2.50744485546264e+01
   1.99948322000000e+08   1.16372905267781e-06   2.50384201460911e+01
   2.00348325000000e+08   2.25695475819521e-06   2.49903822680362e+01
   2.00748327000000e+08   1.85105113814643e-06   2.50464264590994e+01
   2.01148330000000e+08   5.20358128142107e-07   2.50944643371439e+01
   2.01548332000000e+08   2.68411008619296e-06   2.50304138330826e+01
   2.01948335000000e+08   1.20124695968116e-06   2.50304138330826e+01
   2.02348338000000e+08   2.19213734453660e-06   2.51024706501504e+01
   2.02748340000000e+08   1.78705477082985e-06   2.50384201460911e+01
