   4.00002000000000e+05   1.01075545444473e-06   2.50184043635693e+01
   8.00005000000000e+05   6.85634915953415e-07   2.49063159814183e+01
   1.20000800000000e+06   6.97561517881695e-07   2.50184043635693e+01
   1.60001000000000e+06   9.06708123693534e-07   2.50384201460911e+01
   2.00001300000000e+06   8.42491829189385e-07   2.49383412334665e+01
   2.40001500000000e+06   1.51143376569962e-06   2.50063948940555e+01
   2.80001800000000e+06   1.57090732955112e-06   2.49423443899722e+01
   3.20002100000000e+06   1.48179253756098e-06   2.49223286074429e+01
   3.60002300000000e+06   1.80938161520316e-06   2.50184043635693e+01
   4.00002600000000e+06   1.36734536226868e-06   2.49983885810460e+01
   4.40002800000000e+06   1.85210558356630e-06   2.49583570159945e+01
   4.80003100000000e+06   1.77163758507959e-06   2.49663633290053e+01
   5.20003400000000e+06   1.66466020345979e-06   2.50063948940555e+01
   5.60003600000000e+06   1.85426438292779e-06   2.49903822680362e+01
   6.00003900000000e+06   1.67400924055983e-06   2.50744485546264e+01
   6.40004100000000e+06   2.03299578060978e-06   2.50464264590994e+01
   6.80004400000000e+06   1.91093613466364e-06   2.49383412334665e+01
   7.20004600000000e+06   1.76952323727164e-06   2.50144012070648e+01
   7.60004900000000e+06   2.02673504645645e-06   2.49743696420159e+01
   8.00005200000000e+06   1.96310315914161e-06   2.49223286074429e+01
   8.40005400000000e+06   2.27696727961302e-06   2.49783727985210e+01
   8.80005700000000e+06   2.39243104260822e-06   2.49503507029835e+01
   9.20005900000000e+06   2.12368149732356e-06   2.50224075200738e+01
   9.60006200000000e+06   2.49396248364064e-06   2.50063948940555e+01
   4.23451280000000e+07  -2.08304985426366e-03   2.50704453981228e+01
   4.27451300000000e+07   1.83863653546723e-06   2.50424233025953e+01
   4.31451330000000e+07   3.04992013866467e-08   2.50304138330826e+01
   4.35451350000000e+07   1.94148401533312e-06   2.49863791115312e+01
   4.39451380000000e+07   1.84563521088421e-06   2.50144012070648e+01
   4.43451400000000e+07   1.25434041819972e-06   2.49903822680362e+01
   4.47451430000000e+07   1.75196453255921e-06   2.49703664855106e+01
   4.51451460000000e+07   5.62815465343647e-08   2.49343380769607e+01
   4.55451480000000e+07   1.77436038484302e-06   2.50304138330826e+01
   4.59451510000000e+07   1.84033683581220e-06   2.49823759550261e+01
   4.63451530000000e+07   1.71101112300676e-06   2.50424233025953e+01
   4.67451560000000e+07   2.28693943427061e-06   2.50224075200738e+01
   4.71451590000000e+07   7.51640186535951e-07   2.49263317639489e+01
   4.75451610000000e+07   2.48437049776840e-06   2.50264106765782e+01
   4.79451640000000e+07   2.21658206100983e-06   2.50144012070648e+01
   4.83451660000000e+07   1.94813833331864e-06   2.50023917375508e+01
   4.87451690000000e+07   2.34527760767378e-06   2.49663633290053e+01
   4.91451720000000e+07   9.08649724351562e-07   2.50464264590994e+01
   4.95451740000000e+07   2.41352790908422e-06   2.50304138330826e+01
   4.99451770000000e+07   2.35024322137178e-06   2.50584359286114e+01
   5.03451790000000e+07   2.17998967855237e-06   2.49903822680362e+01
   5.07451820000000e+07   2.54082806350198e-06   2.49943854245411e+01
   5.11451850000000e+07   1.12940301733033e-06   2.49783727985210e+01
   5.15451870000000e+07   2.75898696600052e-06   2.50224075200738e+01
   5.19451900000000e+07   2.46467038778064e-06   2.49543538594890e+01
   9.54385720000000e+07   4.67679975554347e-03   2.50464264590994e+01
   9.58385740000000e+07   1.78975540165993e-06   2.50063948940555e+01
   9.62385770000000e+07   1.22458345686027e-06   2.50504296156035e+01
   9.66385800000000e+07   3.00526630780951e-06   2.51465053716819e+01
   9.70385820000000e+07   1.44100260968116e-06   2.50704453981228e+01
   9.74385850000000e+07   2.38399297813885e-06   2.48943065118992e+01
   9.78385870000000e+07   1.90650621334498e-06   2.50704453981228e+01
   9.82385900000000e+07   1.14877946089109e-06   2.49503507029835e+01
   9.86385930000000e+07   2.60595834333799e-06   2.48822970423795e+01
   9.90385950000000e+07   1.17249794584495e-06   2.48622812598455e+01
   9.94385980000000e+07   2.32117758969252e-06   2.50023917375508e+01
   9.98386000000000e+07   1.57817453327880e-06   2.49023128249120e+01
   1.00238603000000e+08   9.87190446721797e-07   2.49503507029835e+01
   1.00638606000000e+08   2.28629755838483e-06   2.49943854245411e+01
   1.01038608000000e+08   1.03937998119363e-06   2.49983885810460e+01
   1.01438611000000e+08   2.12786449083069e-06   2.49863791115312e+01
   1.01838613000000e+08   1.30640614770527e-06   2.50864580241371e+01
   1.02238616000000e+08   1.15535465283756e-06   2.49423443899722e+01
   1.02638619000000e+08   2.51239862336661e-06   2.49903822680362e+01
   1.03038621000000e+08   1.26176200865302e-06   2.49663633290053e+01
   1.03438624000000e+08   2.22930771087704e-06   2.50464264590994e+01
   1.03838626000000e+08   1.62504829859245e-06   2.50103980505602e+01
   1.04238629000000e+08   1.01035379884706e-06   2.50304138330826e+01
   1.04638632000000e+08   2.13460111808672e-06   2.50984674936472e+01
   1.05038634000000e+08   9.23131040053704e-07   2.50624390851152e+01
   1.48470001000000e+08  -4.27525024861097e-03   2.50624390851152e+01
   1.48870004000000e+08   3.61155412065273e-06   2.50824548676336e+01
   1.49270006000000e+08   1.20737490760803e-06   2.50584359286114e+01
   1.49670009000000e+08   8.64901210206881e-07   2.50984674936472e+01
   1.50070011000000e+08   2.97749852506968e-06   2.50584359286114e+01
   1.50470014000000e+08   1.70321197856538e-06   2.50744485546264e+01
   1.50870016000000e+08   4.02540899813175e-06   2.50984674936472e+01
   1.51270019000000e+08   1.55141628965794e-06   2.49463475464779e+01
   1.51670022000000e+08   1.43562874654890e-06   2.50264106765782e+01
   1.52070024000000e+08   3.02106741401076e-06   2.49983885810460e+01
   1.52470027000000e+08   1.49441848407150e-06   2.50023917375508e+01
   1.52870029000000e+08   3.43453461937315e-06   2.50063948940555e+01
   1.53270032000000e+08   1.41240445827862e-06   2.50144012070648e+01
   1.53670035000000e+08   1.14476597445901e-06   2.50664422416190e+01
   1.54070037000000e+08   2.61889817920746e-06   2.49023128249120e+01
   1.54470040000000e+08   1.17871945803927e-06   2.50664422416190e+01
   1.54870042000000e+08   3.19714240504254e-06   2.49623601725000e+01
   1.55270045000000e+08   9.02848512396304e-07   2.50184043635693e+01
   1.55670048000000e+08   8.28048484891042e-07   2.50063948940555e+01
   1.56070050000000e+08   2.12028817259124e-06   2.50824548676336e+01
   1.56470053000000e+08   4.77836522350117e-07   2.50984674936472e+01
   1.56870055000000e+08   2.26237762035453e-06   2.51064738066536e+01
   1.57270058000000e+08   3.25262504929924e-07   2.51024706501504e+01
   1.57670061000000e+08   4.55525537290669e-08   2.50544327721075e+01
   1.58070063000000e+08   1.87226760317571e-06   2.50424233025953e+01
   1.92847513000000e+08   2.40193726494908e-03   2.49863791115312e+01
   1.93247516000000e+08   2.41263842326589e-06   2.51024706501504e+01
   1.93647518000000e+08   7.87862916240556e-07   2.50344169895869e+01
   1.94047521000000e+08   2.08121514333470e-06   2.50384201460911e+01
   1.94447523000000e+08   1.36494645630592e-06   2.49583570159945e+01
   1.94847526000000e+08   1.16379021619650e-06   2.50063948940555e+01
   1.95247529000000e+08   2.49552817876975e-06   2.50504296156035e+01
   1.95647531000000e+08   1.01071123026486e-06   2.49503507029835e+01
   1.96047534000000e+08   2.28088970288809e-06   2.50184043635693e+01
   1.96447536000000e+08   1.66849292781990e-06   2.50944643371439e+01
   1.96847539000000e+08   1.54994711465406e-06   2.51064738066536e+01
   1.97247542000000e+08   2.86912973024300e-06   2.50744485546264e+01
   1.97647544000000e+08   1.48317553794186e-06   2.50103980505602e+01
   1.98047547000000e+08   2.32456090998312e-06   2.51184832761627e+01
   1.98447549000000e+08   1.06677691746881e-06   2.50344169895869e+01
   1.98847552000000e+08   8.90517526386247e-07   2.50584359286114e+01
   1.99247555000000e+08   2.09044628718402e-06   2.50664422416190e+01
   1.99647557000000e+08   6.63702337533323e-07   2.50424233025953e+01
   2.00047560000000e+08   1.92412721844448e-06   2.50464264590994e+01
   2.00447562000000e+08   1.45059823353222e-06   2.50744485546264e+01
   2.00847565000000e+08   1.37282154355489e-06   2.50304138330826e+01
   2.01247568000000e+08   2.53297071139968e-06   2.51064738066536e+01
   2.01647570000000e+08   1.32480784031941e-06   2.49783727985210e+01
   2.02047573000000e+08   2.31183685173164e-06   2.50103980505602e+01
   2.02447575000000e+08   1.48871129113104e-06   2.50103980505602e+01
