   4.00002000000000e+05   2.76085802397574e-06   2.49823759550261e+01
   8.00005000000000e+05   2.53602138400311e-06   2.49663633290053e+01
   1.20000800000000e+06   2.63562560576247e-06   2.49903822680362e+01
   1.60001000000000e+06   2.68698659056099e-06   2.49823759550261e+01
   2.00001300000000e+06   2.24322502617724e-06   2.50584359286114e+01
   2.40001500000000e+06   2.54162705459748e-06   2.49503507029835e+01
   2.80001800000000e+06   2.21433015212824e-06   2.51064738066536e+01
   3.20002000000000e+06   2.37561243920936e-06   2.50224075200738e+01
   3.60002300000000e+06   2.40431313613954e-06   2.49783727985210e+01
   4.00002600000000e+06   1.97350868802459e-06   2.49903822680362e+01
   4.40002800000000e+06   2.13224893741426e-06   2.50584359286114e+01
   4.80003100000000e+06   1.88616218110838e-06   2.50424233025953e+01
   5.20003300000000e+06   2.00296949515177e-06   2.50103980505602e+01
   5.60003600000000e+06   2.10683492696262e-06   2.50584359286114e+01
   6.00003900000000e+06   1.47108846704214e-06   2.49863791115312e+01
   6.40004100000000e+06   1.80327299403871e-06   2.50704453981228e+01
   6.80004400000000e+06   1.43103909522324e-06   2.49623601725000e+01
   7.20004600000000e+06   1.67673363193899e-06   2.48782938858728e+01
   7.60004900000000e+06   1.59723231263342e-06   2.50103980505602e+01
   8.00005200000000e+06   1.07512562408374e-06   2.50184043635693e+01
   8.40005400000000e+06   1.21727930491033e-06   2.49743696420159e+01
   8.80005700000000e+06   9.56585495259787e-07   2.49743696420159e+01
   9.20005900000000e+06   1.01999876278569e-06   2.50144012070648e+01
   9.60006200000000e+06   1.10156611299317e-06   2.49743696420159e+01
   4.21346380000000e+07   1.54550216393545e-04   2.51745274671980e+01
   4.25346410000000e+07   1.92205789062427e-06   2.51825337802020e+01
   4.29346430000000e+07   2.04627417588199e-06   2.51425022151793e+01
   4.33346460000000e+07   1.68868064065464e-06   2.51585148411891e+01
   4.37346490000000e+07   2.12789836950833e-06   2.51184832761627e+01
   4.41346510000000e+07   1.54355973336351e-06   2.51304927456713e+01
   4.45346540000000e+07   1.97944405044836e-06   2.50264106765782e+01
   4.49346560000000e+07   1.79353116891434e-06   2.50544327721075e+01
   4.53346590000000e+07   1.61247066898795e-06   2.49863791115312e+01
   4.57346620000000e+07   2.01815510081360e-06   2.49743696420159e+01
   4.61346640000000e+07   1.94063613889739e-06   2.50023917375508e+01
   4.65346670000000e+07   2.02932278625667e-06   2.49823759550261e+01
   4.69346690000000e+07   2.19820640268154e-06   2.49583570159945e+01
   4.73346720000000e+07   1.86780300737155e-06   2.50384201460911e+01
   4.77346750000000e+07   2.24822861127905e-06   2.49503507029835e+01
   4.81346770000000e+07   1.34352796976600e-06   2.49743696420159e+01
   4.85346800000000e+07   1.65054166245682e-06   2.49343380769607e+01
   4.89346820000000e+07   1.58547652517882e-06   2.50063948940555e+01
   4.93346850000000e+07   1.41421355692728e-06   2.50704453981228e+01
   4.97346870000000e+07   1.69469865340943e-06   2.50824548676336e+01
   5.01346900000000e+07   1.75841194050008e-06   2.50784517111300e+01
   5.05346930000000e+07   1.87459033895720e-06   2.51505085281844e+01
   5.09346950000000e+07   1.98728662326175e-06   2.50504296156035e+01
   5.13346980000000e+07   1.69393808846507e-06   2.50864580241371e+01
   5.17347000000000e+07   2.10292364499765e-06   2.50744485546264e+01
   9.58114760000000e+07   1.99800051632337e-04   2.50304138330826e+01
   9.62114790000000e+07   1.34468143642152e-06   2.50464264590994e+01
   9.66114820000000e+07   1.43802662933012e-06   2.50704453981228e+01
   9.70114840000000e+07   1.59953583533934e-06   2.50704453981228e+01
   9.74114870000000e+07   1.18843740892771e-06   2.49983885810460e+01
   9.78114890000000e+07   1.78220523139316e-06   2.50023917375508e+01
   9.82114920000000e+07   1.92756124306470e-06   2.50784517111300e+01
   9.86114940000000e+07   1.96286100617726e-06   2.50184043635693e+01
   9.90114970000000e+07   2.23029223889171e-06   2.50784517111300e+01
   9.94115000000000e+07   1.80473489308497e-06   2.51024706501504e+01
   9.98115020000000e+07   2.05352694138128e-06   2.50504296156035e+01
   1.00211505000000e+08   1.49369907376240e-06   2.51184832761627e+01
   1.00611507000000e+08   1.55837153670291e-06   2.50063948940555e+01
   1.01011510000000e+08   1.64776474775863e-06   2.50264106765782e+01
   1.01411513000000e+08   1.43180875511462e-06   2.50224075200738e+01
   1.01811515000000e+08   1.52106815676234e-06   2.50023917375508e+01
   1.02211518000000e+08   1.28880617467075e-06   2.51545116846868e+01
   1.02611520000000e+08   1.19660785458109e-06   2.50744485546264e+01
   1.03011523000000e+08   1.39385963393579e-06   2.49583570159945e+01
   1.03411526000000e+08   1.07631944956665e-06   2.49143222944307e+01
   1.03811528000000e+08   1.51067558817886e-06   2.50464264590994e+01
   1.04211531000000e+08   1.50407413457287e-06   2.49983885810460e+01
   1.04611533000000e+08   1.65385711170529e-06   2.50664422416190e+01
   1.05011536000000e+08   1.79470407601912e-06   2.50184043635693e+01
   1.05411539000000e+08   1.54432063936838e-06   2.50144012070648e+01
   1.49261004000000e+08   2.11500097066164e-04   2.49383412334665e+01
   1.49661007000000e+08   2.05842957257119e-06   2.50224075200738e+01
   1.50061009000000e+08   1.94262634067854e-06   2.49583570159945e+01
   1.50461012000000e+08   2.40921212935064e-06   2.49583570159945e+01
   1.50861015000000e+08   2.07310222322121e-06   2.49463475464779e+01
   1.51261017000000e+08   2.15996601582447e-06   2.49823759550261e+01
   1.51661020000000e+08   2.35219158639666e-06   2.50864580241371e+01
   1.52061022000000e+08   1.38672999128175e-06   2.50864580241371e+01
   1.52461025000000e+08   1.78415541540744e-06   2.50704453981228e+01
   1.52861028000000e+08   1.35522429900448e-06   2.51264895891685e+01
   1.53261030000000e+08   1.59158298629336e-06   2.51144801196597e+01
   1.53661033000000e+08   1.61928937814082e-06   2.51425022151793e+01
   1.54061035000000e+08   1.14979434329143e-06   2.50664422416190e+01
   1.54461038000000e+08   1.51499114053877e-06   2.50544327721075e+01
   1.54861040000000e+08   1.18863204079389e-06   2.51024706501504e+01
   1.55261043000000e+08   1.34430013076781e-06   2.50264106765782e+01
   1.55661046000000e+08   1.41189343594306e-06   2.49423443899722e+01
   1.56061048000000e+08   1.41737677950005e-06   2.49343380769607e+01
   1.56461051000000e+08   1.71091187439742e-06   2.49703664855106e+01
   1.56861053000000e+08   1.49199070165196e-06   2.49383412334665e+01
   1.57261056000000e+08   1.57593888161500e-06   2.49703664855106e+01
   1.57661059000000e+08   1.72286320321291e-06   2.49583570159945e+01
   1.58061061000000e+08   1.60685885930434e-06   2.49983885810460e+01
   1.58461064000000e+08   1.97189069695014e-06   2.48262528512803e+01
   1.58861066000000e+08   1.68378471698816e-06   2.49503507029835e+01
   1.94266495000000e+08   1.66012789122760e-04   2.50544327721075e+01
   1.94666498000000e+08   1.33331775487022e-06   2.50664422416190e+01
   1.95066500000000e+08   1.67844723364396e-06   2.51024706501504e+01
   1.95466503000000e+08   1.34337142299046e-06   2.51545116846868e+01
   1.95866505000000e+08   1.41703253575542e-06   2.50704453981228e+01
   1.96266508000000e+08   1.28668966681289e-06   2.50103980505602e+01
   1.96666511000000e+08   1.16010801320954e-06   2.49743696420159e+01
   1.97066513000000e+08   1.39168571422488e-06   2.49663633290053e+01
   1.97466516000000e+08   1.18722550723760e-06   2.49783727985210e+01
   1.97866518000000e+08   1.55601526330429e-06   2.50023917375508e+01
   1.98266521000000e+08   1.95996403817844e-06   2.49863791115312e+01
   1.98666524000000e+08   1.75118532297347e-06   2.49823759550261e+01
   1.99066526000000e+08   2.06852450901351e-06   2.49743696420159e+01
   1.99466529000000e+08   1.75565082827234e-06   2.50984674936472e+01
   1.99866531000000e+08   1.95424559024104e-06   2.50664422416190e+01
   2.00266534000000e+08   1.89355762358900e-06   2.49743696420159e+01
   2.00666537000000e+08   1.77636798071035e-06   2.50624390851152e+01
   2.01066539000000e+08   2.02263390747248e-06   2.50624390851152e+01
   2.01466542000000e+08   1.74180911471922e-06   2.50384201460911e+01
   2.01866544000000e+08   2.21991263060772e-06   2.50063948940555e+01
   2.02266547000000e+08   2.58459112956189e-06   2.50824548676336e+01
   2.02666550000000e+08   2.41708517023653e-06   2.50704453981228e+01
   2.03066552000000e+08   2.74926469501224e-06   2.49903822680362e+01
   2.03466555000000e+08   2.41645989262906e-06   2.50984674936472e+01
   2.03866557000000e+08   2.34358071793395e-06   2.50224075200738e+01
