   4.00003000000000e+05   2.16143075704167e-06   2.50704453981228e+01
   8.00005000000000e+05   1.95099141819810e-06   2.50384201460911e+01
   1.20000800000000e+06   2.09393465411267e-06   2.49743696420159e+01
   1.60001100000000e+06   2.40179087995784e-06   2.50023917375508e+01
   2.00001300000000e+06   2.18032732846041e-06   2.49863791115312e+01
   2.40001600000000e+06   2.51549818131025e-06   2.49863791115312e+01
   2.80001800000000e+06   2.12136160371301e-06   2.50984674936472e+01
   3.20002100000000e+06   2.41584143623186e-06   2.50824548676336e+01
   3.60002400000000e+06   2.56232237916265e-06   2.50264106765782e+01
   4.00002600000000e+06   2.44265970650304e-06   2.50023917375508e+01
   4.40002900000000e+06   2.62386879512633e-06   2.49623601725000e+01
   4.80003100000000e+06   2.51978599408176e-06   2.50264106765782e+01
   5.20003400000000e+06   2.57487340604712e-06   2.50624390851152e+01
   5.60003700000000e+06   2.57621832133736e-06   2.50063948940555e+01
   6.00003900000000e+06   2.38971028920787e-06   2.50384201460911e+01
   6.40004200000000e+06   2.66039933194406e-06   2.50384201460911e+01
   6.80004400000000e+06   2.33657533499354e-06   2.50824548676336e+01
   7.20004700000000e+06   2.57875854003942e-06   2.50304138330826e+01
   7.60004900000000e+06   2.53814096140559e-06   2.50224075200738e+01
   8.00005200000000e+06   2.51393703365466e-06   2.49743696420159e+01
   8.40005500000000e+06   2.63091988017550e-06   2.50704453981228e+01
   8.80005700000000e+06   2.51374672188831e-06   2.50784517111300e+01
   9.20006000000000e+06   2.54241217589879e-06   2.50784517111300e+01
   9.60006200000000e+06   2.39493147091707e-06   2.49983885810460e+01
   4.21383390000000e+07   1.42362929182127e-04   2.50304138330826e+01
   4.25383420000000e+07   2.09025051844947e-06   2.50624390851152e+01
   4.29383440000000e+07   2.19982894122950e-06   2.50984674936472e+01
   4.33383470000000e+07   2.16132980312977e-06   2.50304138330826e+01
   4.37383500000000e+07   2.26723432206200e-06   2.51024706501504e+01
   4.41383520000000e+07   2.31898638958228e-06   2.50624390851152e+01
   4.45383550000000e+07   2.27271380026650e-06   2.50344169895869e+01
   4.49383570000000e+07   2.25880421567126e-06   2.49703664855106e+01
   4.53383600000000e+07   2.28909834731894e-06   2.50304138330826e+01
   4.57383630000000e+07   2.38911366068351e-06   2.49063159814183e+01
   4.61383650000000e+07   2.32288380175305e-06   2.50744485546264e+01
   4.65383680000000e+07   2.26274119086156e-06   2.49703664855106e+01
   4.69383700000000e+07   2.41956900026707e-06   2.49823759550261e+01
   4.73383730000000e+07   2.30044770432869e-06   2.50944643371439e+01
   4.77383750000000e+07   2.22483708967047e-06   2.49783727985210e+01
   4.81383780000000e+07   2.14788065022731e-06   2.51024706501504e+01
   4.85383810000000e+07   2.29028114517860e-06   2.50144012070648e+01
   4.89383830000000e+07   2.21153436541499e-06   2.50664422416190e+01
   4.93383860000000e+07   1.85334044999763e-06   2.51384990586767e+01
   4.97383880000000e+07   1.50523499087285e-06   2.50264106765782e+01
   5.01383910000000e+07   1.51460403685633e-06   2.51304927456713e+01
   5.05383940000000e+07   1.42183898788062e-06   2.50304138330826e+01
   5.09383960000000e+07   1.47747755363525e-06   2.50864580241371e+01
   5.13383990000000e+07   1.47670675687550e-06   2.50424233025953e+01
   5.17384010000000e+07   1.72945328813512e-06   2.51264895891685e+01
   9.50056690000000e+07   1.90375125384890e-04   2.50184043635693e+01
   9.54056710000000e+07   1.22673134228535e-06   2.49583570159945e+01
   9.58056740000000e+07   1.63117636020615e-06   2.50344169895869e+01
   9.62056770000000e+07   1.08298991108313e-06   2.50864580241371e+01
   9.66056790000000e+07   1.60327158482687e-06   2.49623601725000e+01
   9.70056820000000e+07   1.31598653752008e-06   2.49063159814183e+01
   9.74056840000000e+07   1.69358565926814e-06   2.50224075200738e+01
   9.78056870000000e+07   2.33618175116135e-06   2.49583570159945e+01
   9.82056900000000e+07   1.79422238488769e-06   2.50664422416190e+01
   9.86056920000000e+07   2.32403453992447e-06   2.50103980505602e+01
   9.90056950000000e+07   2.11296674024197e-06   2.49623601725000e+01
   9.94056970000000e+07   1.37709616865322e-06   2.50464264590994e+01
   9.98057000000000e+07   1.48122239806980e-06   2.51505085281844e+01
   1.00205702000000e+08   8.97078109574068e-07   2.50584359286114e+01
   1.00605705000000e+08   1.35213406338153e-06   2.50824548676336e+01
   1.01005708000000e+08   1.09655979940726e-06   2.51024706501504e+01
   1.01405710000000e+08   1.24822270208824e-06   2.49423443899722e+01
   1.01805713000000e+08   1.68959434176941e-06   2.50704453981228e+01
   1.02205715000000e+08   1.25215149182623e-06   2.49703664855106e+01
   1.02605718000000e+08   1.57321244387276e-06   2.50384201460911e+01
   1.03005721000000e+08   1.49468246490869e-06   2.49983885810460e+01
   1.03405723000000e+08   1.51386564084532e-06   2.49703664855106e+01
   1.03805726000000e+08   2.06348727260774e-06   2.49863791115312e+01
   1.04205728000000e+08   1.50022094658198e-06   2.50063948940555e+01
   1.04605731000000e+08   2.00720614884631e-06   2.49823759550261e+01
   1.47946267000000e+08   2.09600038942881e-04   2.50264106765782e+01
   1.48346270000000e+08   1.88867602446408e-06   2.50624390851152e+01
   1.48746273000000e+08   1.60410263561062e-06   2.49583570159945e+01
   1.49146275000000e+08   1.98495013137290e-06   2.50023917375508e+01
   1.49546278000000e+08   2.01915804609598e-06   2.49703664855106e+01
   1.49946280000000e+08   2.02602018362086e-06   2.50944643371439e+01
   1.50346283000000e+08   2.20999254452181e-06   2.50664422416190e+01
   1.50746286000000e+08   2.01350985662430e-06   2.50664422416190e+01
   1.51146288000000e+08   2.24785821956175e-06   2.50224075200738e+01
   1.51546291000000e+08   2.05805122277525e-06   2.49823759550261e+01
   1.51946293000000e+08   2.13947078009369e-06   2.50664422416190e+01
   1.52346296000000e+08   2.33851392295037e-06   2.50144012070648e+01
   1.52746298000000e+08   2.00352587853558e-06   2.50424233025953e+01
   1.53146301000000e+08   2.23025381274056e-06   2.50664422416190e+01
   1.53546304000000e+08   1.62892035859841e-06   2.49543538594890e+01
   1.53946306000000e+08   1.60293666340294e-06   2.50103980505602e+01
   1.54346309000000e+08   1.59175738190243e-06   2.49623601725000e+01
   1.54746311000000e+08   1.43806801133906e-06   2.49503507029835e+01
   1.55146314000000e+08   1.71304543528095e-06   2.49383412334665e+01
   1.55546317000000e+08   1.88534204426105e-06   2.49023128249120e+01
   1.55946319000000e+08   1.82852113539411e-06   2.50424233025953e+01
   1.56346322000000e+08   2.12519444175996e-06   2.49383412334665e+01
   1.56746324000000e+08   1.83966267286451e-06   2.49983885810460e+01
   1.57146327000000e+08   2.16445710066182e-06   2.49143222944307e+01
   1.57546329000000e+08   2.07504649551993e-06   2.50664422416190e+01
   1.92800313000000e+08   1.54900102643296e-04   2.51024706501504e+01
   1.93200316000000e+08   1.26575309877808e-06   2.49863791115312e+01
   1.93600318000000e+08   1.36770222525229e-06   2.49463475464779e+01
   1.94000321000000e+08   1.32476384351321e-06   2.50144012070648e+01
   1.94400324000000e+08   1.59776504915499e-06   2.49423443899722e+01
   1.94800326000000e+08   1.20756169508240e-06   2.50864580241371e+01
   1.95200329000000e+08   1.56304622578318e-06   2.50704453981228e+01
   1.95600331000000e+08   1.65453309364239e-06   2.50023917375508e+01
   1.96000334000000e+08   1.63381105267035e-06   2.50664422416190e+01
   1.96400336000000e+08   1.92985703506565e-06   2.50224075200738e+01
   1.96800339000000e+08   1.54920724071417e-06   2.50384201460911e+01
   1.97200342000000e+08   1.86966394721821e-06   2.50304138330826e+01
   1.97600344000000e+08   1.89180923371168e-06   2.50304138330826e+01
   1.98000347000000e+08   1.76781986738206e-06   2.49303349204548e+01
   1.98400349000000e+08   2.04470461540041e-06   2.50984674936472e+01
   1.98800352000000e+08   1.69315251241642e-06   2.50824548676336e+01
   1.99200355000000e+08   1.95880488718103e-06   2.50184043635693e+01
   1.99600357000000e+08   1.69664292570815e-06   2.49663633290053e+01
   2.00000360000000e+08   1.52207053361053e-06   2.49703664855106e+01
   2.00400362000000e+08   1.88765955044801e-06   2.49823759550261e+01
   2.00800365000000e+08   1.48749074924126e-06   2.49703664855106e+01
   2.01200367000000e+08   1.70874011473643e-06   2.50063948940555e+01
   2.01600370000000e+08   1.63962556598563e-06   2.50504296156035e+01
   2.02000373000000e+08   1.47339699196891e-06   2.51144801196597e+01
   2.02400375000000e+08   1.76791797912301e-06   2.51024706501504e+01
