   4.00003000000000e+05   1.66454321970377e-06   2.50784517111300e+01
   8.00005000000000e+05   1.68026349456341e-06   2.50103980505602e+01
   1.20000800000000e+06   1.62148160143261e-06   2.50184043635693e+01
   1.60001000000000e+06   1.73593821273244e-06   2.50424233025953e+01
   2.00001300000000e+06   1.80254608039832e-06   2.49543538594890e+01
   2.40001600000000e+06   1.76894536707550e-06   2.50344169895869e+01
   2.80001800000000e+06   1.88067338058318e-06   2.49823759550261e+01
   3.20002100000000e+06   1.81154223355406e-06   2.50304138330826e+01
   3.60002300000000e+06   1.85626004167716e-06   2.50023917375508e+01
   4.00002600000000e+06   1.83109818863159e-06   2.49703664855106e+01
   4.40002900000000e+06   1.87832517895004e-06   2.49543538594890e+01
   4.80003100000000e+06   1.80058145815565e-06   2.50344169895869e+01
   5.20003400000000e+06   1.79864946403541e-06   2.50063948940555e+01
   5.60003600000000e+06   1.83104998541239e-06   2.50904611806405e+01
   6.00003900000000e+06   1.78067591605213e-06   2.49903822680362e+01
   6.40004200000000e+06   1.79786479748145e-06   2.50224075200738e+01
   6.80004400000000e+06   1.82793587555352e-06   2.51304927456713e+01
   7.20004700000000e+06   1.81094037543517e-06   2.49743696420159e+01
   7.60004900000000e+06   1.87403691143118e-06   2.51384990586767e+01
   8.00005200000000e+06   1.92951370081573e-06   2.49743696420159e+01
   8.40005400000000e+06   2.02951309802302e-06   2.50304138330826e+01
   8.80005700000000e+06   2.01349985218258e-06   2.50464264590994e+01
   9.20006000000000e+06   1.96350583792082e-06   2.50904611806405e+01
   9.60006200000000e+06   1.84141697445739e-06   2.50063948940555e+01
   4.21263360000000e+07   1.46587815834209e-04   2.53386568837311e+01
   4.25263380000000e+07   1.89902186775726e-06   2.48903033553927e+01
   4.29263410000000e+07   1.91154731510323e-06   2.51865369367039e+01
   4.33263430000000e+07   2.05079140869202e-06   2.51384990586767e+01
   4.37263460000000e+07   1.95352890841605e-06   2.54507452656939e+01
   4.41263490000000e+07   2.15918907997548e-06   2.53666789792264e+01
   4.45263510000000e+07   1.96268865693128e-06   2.48302560077878e+01
   4.49263540000000e+07   2.08287747227587e-06   2.54467421091961e+01
   4.53263560000000e+07   2.09883660318155e-06   2.47902244427099e+01
   4.57263590000000e+07   1.76659841599758e-06   2.51985464062093e+01
   4.61263620000000e+07   1.77789536337514e-06   2.51144801196597e+01
   4.65263640000000e+07   1.69764985002985e-06   2.52505874407263e+01
   4.69263670000000e+07   1.66112135957519e-06   2.51905400932058e+01
   4.73263690000000e+07   1.79000994648959e-06   2.52145590322157e+01
   4.77263720000000e+07   1.70311170677451e-06   2.50103980505602e+01
   4.81263750000000e+07   1.97011650016066e-06   2.46621234344184e+01
   4.85263770000000e+07   1.79708717951144e-06   2.45900666172260e+01
   4.89263800000000e+07   1.88885587704135e-06   2.50824548676336e+01
   4.93263820000000e+07   1.91817093764257e-06   2.54307294832041e+01
   4.97263850000000e+07   1.73087005350681e-06   2.52625969102287e+01
   5.01263880000000e+07   1.75330842466792e-06   2.56348904645280e+01
   5.05263900000000e+07   1.65797996487527e-06   2.50464264590994e+01
   5.09263930000000e+07   1.70997282111784e-06   2.47822181296936e+01
   5.13263950000000e+07   1.77262347733631e-06   2.47461897211170e+01
   5.17263980000000e+07   1.67126381711569e-06   2.51264895891685e+01
   9.49272130000000e+07   1.99050191440620e-04   2.49623601725000e+01
   9.53272160000000e+07   1.85781414074881e-06   2.49423443899722e+01
   9.57272180000000e+07   1.76387720784987e-06   2.49743696420159e+01
   9.61272210000000e+07   1.78029495145893e-06   2.50063948940555e+01
   9.65272240000000e+07   1.78751417934109e-06   2.49183254509368e+01
   9.69272260000000e+07   1.67756422797538e-06   2.49263317639489e+01
   9.73272290000000e+07   1.89006152595539e-06   2.49263317639489e+01
   9.77272310000000e+07   1.79455753368529e-06   2.49223286074429e+01
   9.81272340000000e+07   1.80684855877189e-06   2.48782938858728e+01
   9.85272360000000e+07   1.93045684682147e-06   2.48983096684056e+01
   9.89272390000000e+07   1.85666385732475e-06   2.49903822680362e+01
   9.93272420000000e+07   1.90453965842607e-06   2.50464264590994e+01
   9.97272440000000e+07   1.88796025213378e-06   2.49383412334665e+01
   1.00127247000000e+08   1.88617252661061e-06   2.50304138330826e+01
   1.00527249000000e+08   2.03593799597002e-06   2.50864580241371e+01
   1.00927252000000e+08   1.83633790129534e-06   2.50784517111300e+01
   1.01327255000000e+08   2.07013044928317e-06   2.51024706501504e+01
   1.01727257000000e+08   1.73304238160199e-06   2.50744485546264e+01
   1.02127260000000e+08   1.88183560112520e-06   2.50184043635693e+01
   1.02527262000000e+08   1.83125951025431e-06   2.50344169895869e+01
   1.02927265000000e+08   1.84005170922319e-06   2.51665211541937e+01
   1.03327268000000e+08   1.83298107003793e-06   2.50504296156035e+01
   1.03727270000000e+08   1.92150787370338e-06   2.50944643371439e+01
   1.04127273000000e+08   1.94670633391070e-06   2.50023917375508e+01
   1.04527275000000e+08   2.08222513720102e-06   2.50224075200738e+01
   1.47958436000000e+08   1.93675179616548e-04   2.50544327721075e+01
   1.48358438000000e+08   1.63222455284995e-06   2.49543538594890e+01
   1.48758441000000e+08   2.03299191525730e-06   2.47822181296936e+01
   1.49158444000000e+08   2.04391199076781e-06   2.50224075200738e+01
   1.49558446000000e+08   1.55603140683525e-06   2.52706032232300e+01
   1.49958449000000e+08   2.05446758627659e-06   2.51585148411891e+01
   1.50358451000000e+08   1.44570424254198e-06   2.49183254509368e+01
   1.50758454000000e+08   1.93389496416785e-06   2.48622812598455e+01
   1.51158457000000e+08   1.72127636233199e-06   2.49263317639489e+01
   1.51558459000000e+08   1.56987232458050e-06   2.52826126927315e+01
   1.51958462000000e+08   1.98262728190457e-06   2.51024706501504e+01
   1.52358464000000e+08   1.39235066853871e-06   2.48222496947727e+01
   1.52758467000000e+08   1.79119751919643e-06   2.49823759550261e+01
   1.53158469000000e+08   1.69190491305926e-06   2.49823759550261e+01
   1.53558472000000e+08   1.51388155700261e-06   2.50704453981228e+01
   1.53958475000000e+08   2.01987495529465e-06   2.53106347882328e+01
   1.54358477000000e+08   1.48885897033324e-06   2.50664422416190e+01
   1.54758480000000e+08   2.05074775294634e-06   2.51064738066536e+01
   1.55158482000000e+08   1.75524428414064e-06   2.53386568837311e+01
   1.55558485000000e+08   1.70330747550906e-06   2.50544327721075e+01
   1.55958488000000e+08   2.14743772630754e-06   2.53866947617211e+01
   1.56358490000000e+08   1.70859652826039e-06   2.48782938858728e+01
   1.56758493000000e+08   2.13297357731790e-06   2.46941486864974e+01
   1.57158495000000e+08   1.82503583801008e-06   2.51585148411891e+01
   1.57558498000000e+08   1.83647739504522e-06   2.47181676255539e+01
   1.92887302000000e+08   1.61750009283423e-04   2.50023917375508e+01
   1.93287305000000e+08   1.77018614522240e-06   2.50464264590994e+01
   1.93687308000000e+08   1.96913902072993e-06   2.50344169895869e+01
   1.94087310000000e+08   1.67052462529682e-06   2.49943854245411e+01
   1.94487313000000e+08   2.12597183235630e-06   2.50624390851152e+01
   1.94887315000000e+08   1.76953653863166e-06   2.50864580241371e+01
   1.95287318000000e+08   1.81703660473431e-06   2.50304138330826e+01
   1.95687321000000e+08   1.95840038941242e-06   2.49063159814183e+01
   1.96087323000000e+08   1.63612651249423e-06   2.49903822680362e+01
   1.96487326000000e+08   1.92948346011690e-06   2.50344169895869e+01
   1.96887328000000e+08   1.55296402226668e-06   2.49503507029835e+01
   1.97287331000000e+08   1.80586494025192e-06   2.48582781033385e+01
   1.97687334000000e+08   1.83065503733815e-06   2.49383412334665e+01
   1.98087336000000e+08   1.50797973219596e-06   2.49583570159945e+01
   1.98487339000000e+08   1.92870675164158e-06   2.49263317639489e+01
   1.98887341000000e+08   1.58169200403790e-06   2.50544327721075e+01
   1.99287344000000e+08   1.76153810116375e-06   2.49023128249120e+01
   1.99687347000000e+08   1.83572979040036e-06   2.51064738066536e+01
   2.00087349000000e+08   1.78714162757387e-06   2.49983885810460e+01
   2.00487352000000e+08   2.13691646422376e-06   2.50784517111300e+01
   2.00887354000000e+08   1.64688651693723e-06   2.51144801196597e+01
   2.01287357000000e+08   1.99923670152202e-06   2.50824548676336e+01
   2.01687360000000e+08   1.93653681890282e-06   2.51625179976914e+01
   2.02087362000000e+08   1.76662149442564e-06   2.51344959021740e+01
   2.02487365000000e+08   2.02482237909862e-06   2.51104769631567e+01
