   4.00002000000000e+05   1.83055431079993e-06   2.50344169895869e+01
   8.00005000000000e+05   1.91443859876017e-06   2.50264106765782e+01
   1.20000700000000e+06   1.67205928391922e-06   2.49903822680362e+01
   1.60001000000000e+06   1.80526762960653e-06   2.49663633290053e+01
   2.00001200000000e+06   1.86852366823587e-06   2.49903822680362e+01
   2.40001500000000e+06   1.93439518625382e-06   2.49863791115312e+01
   2.80001800000000e+06   2.19746334551019e-06   2.50144012070648e+01
   3.20002000000000e+06   2.17369142774260e-06   2.49783727985210e+01
   3.60002300000000e+06   2.33790728998429e-06   2.50504296156035e+01
   4.00002500000000e+06   2.16114199247386e-06   2.50144012070648e+01
   4.40002800000000e+06   2.17524825529836e-06   2.49823759550261e+01
   4.80003100000000e+06   2.48516926149023e-06   2.50424233025953e+01
   5.20003300000000e+06   2.20063316191954e-06   2.50023917375508e+01
   5.60003600000000e+06   2.25784219765046e-06   2.50304138330826e+01
   6.00003800000000e+06   2.35647848967346e-06   2.50103980505602e+01
   6.40004100000000e+06   2.08030951398541e-06   2.50063948940555e+01
   6.80004400000000e+06   2.09118979910272e-06   2.50224075200738e+01
   7.20004600000000e+06   1.66368670306838e-06   2.49903822680362e+01
   7.60004900000000e+06   2.18886771108373e-06   2.50704453981228e+01
   8.00005100000000e+06   1.90840455616126e-06   2.50224075200738e+01
   8.40005400000000e+06   1.83552367616358e-06   2.51064738066536e+01
   8.80005700000000e+06   2.07403695640096e-06   2.50544327721075e+01
   9.20005900000000e+06   2.00843055608857e-06   2.50464264590994e+01
   9.60006200000000e+06   1.99103237719100e-06   2.49903822680362e+01
   4.22000350000000e+07  -2.08128709346056e-03   2.49903822680362e+01
   4.26000380000000e+07   1.14067370304838e-06   2.50504296156035e+01
   4.30000400000000e+07   3.28825490214513e-06   2.50664422416190e+01
   4.34000430000000e+07   6.86992336795811e-07   2.49143222944307e+01
   4.38000460000000e+07   2.22253993342747e-06   2.49903822680362e+01
   4.42000480000000e+07   1.70717260061792e-06   2.49583570159945e+01
   4.46000510000000e+07   1.85914075245819e-06   2.51425022151793e+01
   4.50000530000000e+07   3.54060944118828e-06   2.50344169895869e+01
   4.54000560000000e+07   1.40792235470144e-06   2.49503507029835e+01
   4.58000590000000e+07   2.88114233626402e-06   2.50864580241371e+01
   4.62000610000000e+07   2.10667121791630e-06   2.49383412334665e+01
   4.66000640000000e+07   1.91016329154081e-06   2.50144012070648e+01
   4.70000660000000e+07   3.53392647411965e-06   2.50584359286114e+01
   4.74000690000000e+07   1.43014574405242e-06   2.50224075200738e+01
   4.78000720000000e+07   2.71999874712492e-06   2.49703664855106e+01
   4.82000740000000e+07   1.97196936824184e-06   2.50264106765782e+01
   4.86000770000000e+07   1.64670996127825e-06   2.50344169895869e+01
   4.90000790000000e+07   3.00431815958291e-06   2.50544327721075e+01
   4.94000820000000e+07   8.44467763272405e-07   2.49863791115312e+01
   4.98000840000000e+07   2.48664059654402e-06   2.50864580241371e+01
   5.02000870000000e+07   1.72313309576566e-06   2.50704453981228e+01
   5.06000900000000e+07   1.55434486259765e-06   2.50384201460911e+01
   5.10000920000000e+07   2.89933723252034e-06   2.50264106765782e+01
   5.14000950000000e+07   9.98471250568400e-07   2.50224075200738e+01
   5.18000970000000e+07   2.48886522058456e-06   2.50944643371439e+01
   9.55120790000000e+07   4.64802468195558e-03   2.50384201460911e+01
   9.59120820000000e+07   2.82684595731553e-06   2.50744485546264e+01
   9.63120850000000e+07   6.23670246113761e-07   2.50704453981228e+01
   9.67120870000000e+07   2.67269865616981e-06   2.50544327721075e+01
   9.71120900000000e+07   4.62503578546603e-07   2.50224075200738e+01
   9.75120920000000e+07   1.70223131590319e-06   2.49103191379245e+01
   9.79120950000000e+07   2.46172135121014e-06   2.48903033553927e+01
   9.83120980000000e+07   3.43571883831828e-07   2.50584359286114e+01
   9.87121000000000e+07   2.57564852290670e-06   2.49463475464779e+01
   9.91121030000000e+07   1.28752435557544e-06   2.49743696420159e+01
   9.95121050000000e+07   2.00414979190100e-06   2.50304138330826e+01
   9.99121080000000e+07   2.56580915447557e-06   2.50464264590994e+01
   1.00312111000000e+08   4.53687164281291e-07   2.50864580241371e+01
   1.00712113000000e+08   3.01432010019198e-06   2.51344959021740e+01
   1.01112116000000e+08   9.59118096943712e-07   2.50944643371439e+01
   1.01512118000000e+08   1.92771381080092e-06   2.51585148411891e+01
   1.01912121000000e+08   2.30189516514656e-06   2.51705243106959e+01
   1.02312124000000e+08   1.05354592960794e-06   2.50944643371439e+01
   1.02712126000000e+08   2.88541832560441e-06   2.51144801196597e+01
   1.03112129000000e+08   1.18242337521224e-06   2.50384201460911e+01
   1.03512131000000e+08   2.37502968047920e-06   2.51785306237000e+01
   1.03912134000000e+08   2.69075735559454e-06   2.51425022151793e+01
   1.04312137000000e+08   7.62298270728934e-07   2.50824548676336e+01
   1.04712139000000e+08   2.50706420956703e-06   2.50624390851152e+01
   1.05112142000000e+08   8.81853225109808e-07   2.49663633290053e+01
   1.48514803000000e+08  -4.25219861790538e-03   2.50544327721075e+01
   1.48914806000000e+08   2.66174379248696e-06   2.50784517111300e+01
   1.49314809000000e+08   2.65880021288467e-06   2.51064738066536e+01
   1.49714811000000e+08   2.86262115878344e-06   2.50184043635693e+01
   1.50114814000000e+08   2.46354579758190e-06   2.50784517111300e+01
   1.50514816000000e+08  -4.62811726720247e-08   2.50264106765782e+01
   1.50914819000000e+08   1.73932551206235e-06   2.50424233025953e+01
   1.51314822000000e+08   2.59405396718648e-06   2.50464264590994e+01
   1.51714824000000e+08   1.40467886922124e-06   2.50624390851152e+01
   1.52114827000000e+08   2.10600182981580e-06   2.50864580241371e+01
   1.52514829000000e+08  -4.77031278478535e-07   2.50824548676336e+01
   1.52914832000000e+08   2.01893612938875e-06   2.50784517111300e+01
   1.53314835000000e+08   1.65155040576792e-06   2.50184043635693e+01
   1.53714837000000e+08   1.52937252551055e-06   2.50264106765782e+01
   1.54114840000000e+08   1.79487949480972e-06   2.50424233025953e+01
   1.54514842000000e+08  -5.42764730937506e-08   2.50624390851152e+01
   1.54914845000000e+08   2.13587350117450e-06   2.50744485546264e+01
   1.55314848000000e+08   2.31469766731607e-06   2.49423443899722e+01
   1.55714850000000e+08   2.01652096620819e-06   2.49823759550261e+01
   1.56114853000000e+08   1.69362749602442e-06   2.50464264590994e+01
   1.56514855000000e+08   2.85513323206033e-07   2.50864580241371e+01
   1.56914858000000e+08   2.37543781622662e-06   2.50184043635693e+01
   1.57314861000000e+08   2.59422199633264e-06   2.49703664855106e+01
   1.57714863000000e+08   1.52577683820709e-06   2.50144012070648e+01
   1.58114866000000e+08   2.31740636991162e-06   2.50384201460911e+01
   1.93002622000000e+08   2.38868803717196e-03   2.50184043635693e+01
   1.93402624000000e+08   2.62504863712820e-06   2.49863791115312e+01
   1.93802627000000e+08   2.41701491177082e-06   2.50424233025953e+01
   1.94202630000000e+08   1.63790980423073e-06   2.50184043635693e+01
   1.94602632000000e+08   1.90181867765205e-06   2.49543538594890e+01
   1.95002635000000e+08   1.15132968403486e-06   2.49503507029835e+01
   1.95402637000000e+08   2.41578641180240e-06   2.49663633290053e+01
   1.95802640000000e+08   1.98796601580398e-06   2.49903822680362e+01
   1.96202643000000e+08   1.89973570741131e-06   2.49783727985210e+01
   1.96602645000000e+08   1.68146357282239e-06   2.49823759550261e+01
   1.97002648000000e+08   1.15862894745078e-06   2.49503507029835e+01
   1.97402650000000e+08   1.88727790373378e-06   2.49663633290053e+01
   1.97802653000000e+08   2.32676120504038e-06   2.49583570159945e+01
   1.98202656000000e+08   1.97443682736775e-06   2.50063948940555e+01
   1.98602658000000e+08   1.55219504449633e-06   2.49383412334665e+01
   1.99002661000000e+08   9.98135988083959e-07   2.50624390851152e+01
   1.99402663000000e+08   2.66328515863279e-06   2.49863791115312e+01
   1.99802666000000e+08   2.44074863076094e-06   2.51104769631567e+01
   2.00202669000000e+08   1.17428567136812e-06   2.49943854245411e+01
   2.00602671000000e+08   1.68663405020197e-06   2.49503507029835e+01
   2.01002674000000e+08   1.10819746623747e-06   2.49823759550261e+01
   2.01402676000000e+08   1.86648242106457e-06   2.50023917375508e+01
   2.01802679000000e+08   1.19048934266175e-06   2.50063948940555e+01
   2.02202682000000e+08   1.95842221728526e-06   2.49663633290053e+01
   2.02602684000000e+08   1.59880244154920e-06   2.50544327721075e+01
