   4.00002000000000e+05   1.75357661191811e-06   2.50664422416190e+01
   8.00005000000000e+05   1.57283784574247e-06   2.50864580241371e+01
   1.20000800000000e+06   1.52087375226984e-06   2.50664422416190e+01
   1.60001000000000e+06   1.77555227764969e-06   2.50504296156035e+01
   2.00001300000000e+06   1.38339510158403e-06   2.50464264590994e+01
   2.40001500000000e+06   1.78022366981168e-06   2.50664422416190e+01
   2.80001800000000e+06   1.52988968693535e-06   2.50224075200738e+01
   3.20002100000000e+06   1.48725200688204e-06   2.51104769631567e+01
   3.60002300000000e+06   1.83477277460042e-06   2.50184043635693e+01
   4.00002600000000e+06   1.38182963382860e-06   2.50384201460911e+01
   4.40002800000000e+06   1.81230745965877e-06   2.51104769631567e+01
   4.80003100000000e+06   1.57964529989840e-06   2.50744485546264e+01
   5.20003400000000e+06   1.70528278431448e-06   2.50504296156035e+01
   5.60003600000000e+06   1.77985043592344e-06   2.50624390851152e+01
   6.00003900000000e+06   1.59083208473021e-06   2.50744485546264e+01
   6.40004100000000e+06   1.84687507953640e-06   2.49503507029835e+01
   6.80004400000000e+06   1.74354102000507e-06   2.49663633290053e+01
   7.20004600000000e+06   1.74706133293512e-06   2.51104769631567e+01
   7.60004900000000e+06   1.95938014257990e-06   2.49943854245411e+01
   8.00005200000000e+06   1.85335966307321e-06   2.51024706501504e+01
   8.40005400000000e+06   2.11681685868825e-06   2.50464264590994e+01
   8.80005700000000e+06   1.94673975784099e-06   2.50704453981228e+01
   9.20005900000000e+06   2.10802204492211e-06   2.50384201460911e+01
   9.60006200000000e+06   2.03731906367466e-06   2.50944643371439e+01
   4.20261630000000e+07  -2.08157463930547e-03   2.50544327721075e+01
   4.24261660000000e+07   1.98453699340462e-06   2.50744485546264e+01
   4.28261690000000e+07   2.98587201541523e-06   2.50063948940555e+01
   4.32261710000000e+07   1.28826127365755e-06   2.50744485546264e+01
   4.36261740000000e+07   3.00790998153389e-06   2.50784517111300e+01
   4.40261760000000e+07   2.10312782655819e-06   2.49863791115312e+01
   4.44261790000000e+07   1.67667076311773e-06   2.50464264590994e+01
   4.48261820000000e+07   2.56252087638131e-06   2.49663633290053e+01
   4.52261840000000e+07   8.70839357958175e-07   2.50424233025953e+01
   4.56261870000000e+07   2.82909945781284e-06   2.50984674936472e+01
   4.60261890000000e+07   1.70375813013379e-06   2.50023917375508e+01
   4.64261920000000e+07   1.51355880007031e-06   2.49823759550261e+01
   4.68261950000000e+07   2.30855721383705e-06   2.50624390851152e+01
   4.72261970000000e+07   8.32820944651758e-07   2.50344169895869e+01
   4.76262000000000e+07   2.53713460551808e-06   2.49103191379245e+01
   4.80262020000000e+07   1.39452777148108e-06   2.49823759550261e+01
   4.84262050000000e+07   1.26274619560718e-06   2.50944643371439e+01
   4.88262080000000e+07   1.93669961845444e-06   2.50184043635693e+01
   4.92262100000000e+07   6.17044975115277e-07   2.49743696420159e+01
   4.96262130000000e+07   2.19909520637884e-06   2.50504296156035e+01
   5.00262150000000e+07   1.21613913961482e-06   2.49983885810460e+01
   5.04262180000000e+07   1.12248994810216e-06   2.49943854245411e+01
   5.08262210000000e+07   1.74180809153768e-06   2.50544327721075e+01
   5.12262230000000e+07   2.92590925710101e-07   2.50144012070648e+01
   5.16262260000000e+07   2.16689318222052e-06   2.51064738066536e+01
   9.52856250000000e+07   4.65199956670403e-03   2.50384201460911e+01
   9.56856280000000e+07   3.10546624859853e-06   2.50103980505602e+01
   9.60856300000000e+07   1.29546265270619e-06   2.50824548676336e+01
   9.64856330000000e+07   1.53751398102031e-06   2.49143222944307e+01
   9.68856350000000e+07   2.69820407083898e-06   2.49943854245411e+01
   9.72856380000000e+07   8.39014660414250e-07   2.49983885810460e+01
   9.76856410000000e+07   2.96433108815108e-06   2.49983885810460e+01
   9.80856430000000e+07   1.35297545966750e-06   2.50103980505602e+01
   9.84856460000000e+07   1.73523392277275e-06   2.49743696420159e+01
   9.88856480000000e+07   2.70325404017058e-06   2.50103980505602e+01
   9.92856510000000e+07   1.00308182027220e-06   2.49423443899722e+01
   9.96856540000000e+07   2.77398021353292e-06   2.50664422416190e+01
   1.00085656000000e+08   9.91497586255718e-07   2.49983885810460e+01
   1.00485659000000e+08   1.35376410526078e-06   2.49743696420159e+01
   1.00885661000000e+08   2.35881202570454e-06   2.50424233025953e+01
   1.01285664000000e+08   3.99240178694527e-07   2.49703664855106e+01
   1.01685667000000e+08   2.96242274089309e-06   2.49183254509368e+01
   1.02085669000000e+08   1.45916578730976e-06   2.50664422416190e+01
   1.02485672000000e+08   2.21397908717336e-06   2.50664422416190e+01
   1.02885674000000e+08   2.90196726382419e-06   2.49823759550261e+01
   1.03285677000000e+08   1.42554574722453e-06   2.49143222944307e+01
   1.03685680000000e+08   3.15184024657356e-06   2.49823759550261e+01
   1.04085682000000e+08   1.26567897495988e-06   2.50144012070648e+01
   1.04485685000000e+08   2.22627181756252e-06   2.49983885810460e+01
   1.04885687000000e+08   2.38531242757745e-06   2.50424233025953e+01
   1.48500322000000e+08  -4.25374973565340e-03   2.50023917375508e+01
   1.48900325000000e+08   2.12412896871683e-06   2.50784517111300e+01
   1.49300327000000e+08   2.27515761253017e-06   2.50344169895869e+01
   1.49700330000000e+08   1.14225895231357e-06   2.51384990586767e+01
   1.50100332000000e+08   1.10817506993044e-06   2.50944643371439e+01
   1.50500335000000e+08   1.43244187711389e-06   2.50504296156035e+01
   1.50900338000000e+08   2.35353718380793e-06   2.50864580241371e+01
   1.51300340000000e+08   2.45143428401207e-06   2.51184832761627e+01
   1.51700343000000e+08   7.32447119844437e-07   2.51384990586767e+01
   1.52100345000000e+08   8.69350458287954e-07   2.49663633290053e+01
   1.52500348000000e+08   1.33132709834172e-06   2.49863791115312e+01
   1.52900351000000e+08   1.94148196897004e-06   2.51224864326656e+01
   1.53300353000000e+08   1.76478954472259e-06   2.49343380769607e+01
   1.53700356000000e+08   7.83580446750420e-07   2.50904611806405e+01
   1.54100358000000e+08   1.14644399218378e-06   2.50264106765782e+01
   1.54500361000000e+08   1.22526580526028e-06   2.49423443899722e+01
   1.54900364000000e+08   2.08168853532698e-06   2.50984674936472e+01
   1.55300366000000e+08   2.00224803847959e-06   2.49463475464779e+01
   1.55700369000000e+08   1.01854982403893e-06   2.50264106765782e+01
   1.56100371000000e+08   1.32616196424351e-06   2.50224075200738e+01
   1.56500374000000e+08   1.80823690243415e-06   2.50864580241371e+01
   1.56900377000000e+08   2.57543570114649e-06   2.50664422416190e+01
   1.57300379000000e+08   2.25994540414831e-06   2.50544327721075e+01
   1.57700382000000e+08   1.46134595979674e-06   2.51024706501504e+01
   1.58100384000000e+08   2.00235331249132e-06   2.51104769631567e+01
   1.93027004000000e+08   2.38601304590702e-03   2.50144012070648e+01
   1.93427007000000e+08   1.94502604244917e-06   2.50304138330826e+01
   1.93827009000000e+08   1.62829235250683e-06   2.49983885810460e+01
   1.94227012000000e+08   2.58265436059446e-06   2.50103980505602e+01
   1.94627014000000e+08   2.61953550761973e-06   2.50144012070648e+01
   1.95027017000000e+08   7.57078453261784e-07   2.50904611806405e+01
   1.95427020000000e+08   2.31492163038638e-06   2.50464264590994e+01
   1.95827022000000e+08   1.94220888261043e-06   2.49703664855106e+01
   1.96227025000000e+08   2.52545692092099e-06   2.50424233025953e+01
   1.96627027000000e+08   2.59449643635890e-06   2.50144012070648e+01
   1.97027030000000e+08   1.54009376274189e-06   2.49863791115312e+01
   1.97427033000000e+08   2.45401884058083e-06   2.50664422416190e+01
   1.97827035000000e+08   1.48920730680402e-06   2.50504296156035e+01
   1.98227038000000e+08   2.47584307544457e-06   2.50184043635693e+01
   1.98627040000000e+08   2.56325643022137e-06   2.51505085281844e+01
   1.99027043000000e+08   1.21752134418784e-06   2.49103191379245e+01
   1.99427046000000e+08   1.91760295820131e-06   2.50704453981228e+01
   1.99827048000000e+08   1.77137303580821e-06   2.50144012070648e+01
   2.00227051000000e+08   2.31573562814447e-06   2.50584359286114e+01
   2.00627053000000e+08   2.05357196136902e-06   2.50264106765782e+01
   2.01027056000000e+08   9.24610276342719e-07   2.49783727985210e+01
   2.01427059000000e+08   2.12887016459717e-06   2.50144012070648e+01
   2.01827061000000e+08   1.35172581394727e-06   2.49423443899722e+01
   2.02227064000000e+08   1.74608692304901e-06   2.49863791115312e+01
   2.02627066000000e+08   1.96621726900048e-06   2.50224075200738e+01
