   4.00002000000000e+05   1.34147569497145e-06   2.50544327721075e+01
   8.00005000000000e+05   1.52013979004550e-06   2.50504296156035e+01
   1.20000700000000e+06   1.57799206590425e-06   2.49903822680362e+01
   1.60001000000000e+06   1.76232060766779e-06   2.49663633290053e+01
   2.00001300000000e+06   1.71912608948332e-06   2.51264895891685e+01
   2.40001500000000e+06   1.64352582032734e-06   2.50344169895869e+01
   2.80001800000000e+06   1.62458013619471e-06   2.50704453981228e+01
   3.20002000000000e+06   1.04546677448525e-06   2.51024706501504e+01
   3.60002300000000e+06   1.04453954463679e-06   2.50624390851152e+01
   4.00002600000000e+06   9.89547288554604e-07   2.49983885810460e+01
   4.40002800000000e+06   1.01342050129460e-06   2.51384990586767e+01
   4.80003100000000e+06   1.24933171719022e-06   2.49863791115312e+01
   5.20003300000000e+06   1.62207209086773e-06   2.50144012070648e+01
   5.60003600000000e+06   1.82285532446258e-06   2.50344169895869e+01
   6.00003800000000e+06   1.85450562639744e-06   2.49823759550261e+01
   6.40004100000000e+06   1.73381135937234e-06   2.49903822680362e+01
   6.80004400000000e+06   1.89727279575891e-06   2.50184043635693e+01
   7.20004600000000e+06   1.78029529251944e-06   2.49303349204548e+01
   7.60004900000000e+06   1.87422585895547e-06   2.49943854245411e+01
   8.00005100000000e+06   1.76192884282500e-06   2.49423443899722e+01
   8.40005400000000e+06   1.82091048372968e-06   2.50144012070648e+01
   8.80005700000000e+06   1.95374514078139e-06   2.49783727985210e+01
   9.20005900000000e+06   2.00101135305886e-06   2.50464264590994e+01
   9.60006200000000e+06   2.10470398087637e-06   2.50023917375508e+01
   4.21712320000000e+07  -2.09951237775385e-03   2.50464264590994e+01
   4.25712350000000e+07   1.95032453120803e-06   2.50544327721075e+01
   4.29712370000000e+07   2.28488443099195e-06   2.50464264590994e+01
   4.33712400000000e+07   2.11622659662680e-06   2.50464264590994e+01
   4.37712420000000e+07   1.55992972850072e-06   2.50144012070648e+01
   4.41712450000000e+07   1.43490296977689e-06   2.50304138330826e+01
   4.45712470000000e+07   1.79288758772600e-06   2.49703664855106e+01
   4.49712500000000e+07   2.09646009352582e-06   2.49543538594890e+01
   4.53712530000000e+07   2.03510512619687e-06   2.49743696420159e+01
   4.57712550000000e+07   1.53520431922516e-06   2.50504296156035e+01
   4.61712580000000e+07   1.34176502797345e-06   2.50944643371439e+01
   4.65712600000000e+07   1.59802925736585e-06   2.50103980505602e+01
   4.69712630000000e+07   2.16621128856787e-06   2.49983885810460e+01
   4.73712660000000e+07   1.99774672182684e-06   2.50224075200738e+01
   4.77712680000000e+07   1.40335771448008e-06   2.50424233025953e+01
   4.81712710000000e+07   1.21865184610215e-06   2.50944643371439e+01
   4.85712730000000e+07   1.55996497142041e-06   2.49823759550261e+01
   4.89712760000000e+07   2.09406402973400e-06   2.51104769631567e+01
   4.93712790000000e+07   2.01413718059484e-06   2.50984674936472e+01
   4.97712810000000e+07   1.55992222516943e-06   2.51304927456713e+01
   5.01712840000000e+07   1.38955317652290e-06   2.50103980505602e+01
   5.05712860000000e+07   1.64678795044892e-06   2.51064738066536e+01
   5.09712890000000e+07   2.05949459086696e-06   2.50544327721075e+01
   5.13712910000000e+07   2.16346529668954e-06   2.50063948940555e+01
   5.17712940000000e+07   1.61303682943981e-06   2.50144012070648e+01
   9.54279520000000e+07   4.70122462138534e-03   2.50784517111300e+01
   9.58279550000000e+07   2.56202315540577e-06   2.49583570159945e+01
   9.62279570000000e+07   1.22326889595570e-06   2.50424233025953e+01
   9.66279600000000e+07   1.30144553622813e-06   2.50063948940555e+01
   9.70279630000000e+07   2.10546750167850e-06   2.50264106765782e+01
   9.74279650000000e+07   1.78308164322516e-06   2.49423443899722e+01
   9.78279680000000e+07   3.30035004481033e-06   2.50344169895869e+01
   9.82279700000000e+07   1.87552575425798e-06   2.48702875728593e+01
   9.86279730000000e+07   2.19291791836440e-06   2.49583570159945e+01
   9.90279760000000e+07   2.37201902564266e-06   2.50144012070648e+01
   9.94279780000000e+07   1.84119176083186e-06   2.50144012070648e+01
   9.98279810000000e+07   3.24167240250972e-06   2.49983885810460e+01
   1.00227983000000e+08   2.20234619519033e-06   2.50063948940555e+01
   1.00627986000000e+08   2.29868510359665e-06   2.50304138330826e+01
   1.01027989000000e+08   2.07754601433408e-06   2.50384201460911e+01
   1.01427991000000e+08   1.38875759603252e-06   2.50344169895869e+01
   1.01827994000000e+08   2.68634175881743e-06   2.49743696420159e+01
   1.02227996000000e+08   1.73975740835886e-06   2.50584359286114e+01
   1.02627999000000e+08   1.73538876424573e-06   2.50864580241371e+01
   1.03028002000000e+08   1.99869396055874e-06   2.49743696420159e+01
   1.03428004000000e+08   1.18392335934914e-06   2.49623601725000e+01
   1.03828007000000e+08   2.54565202340018e-06   2.51024706501504e+01
   1.04228009000000e+08   1.65041240052233e-06   2.51024706501504e+01
   1.04628012000000e+08   1.85534179308888e-06   2.50664422416190e+01
   1.05028014000000e+08   1.64241032507562e-06   2.51264895891685e+01
   1.48767094000000e+08  -4.31517418473959e-03   2.49863791115312e+01
   1.49167096000000e+08   1.72578290857928e-06   2.50063948940555e+01
   1.49567099000000e+08   2.02433261620172e-06   2.50144012070648e+01
   1.49967102000000e+08   2.38216534853564e-06   2.49943854245411e+01
   1.50367104000000e+08   2.28965154747129e-06   2.50584359286114e+01
   1.50767107000000e+08   1.83487861704634e-06   2.49903822680362e+01
   1.51167109000000e+08   2.17313049688528e-06   2.50784517111300e+01
   1.51567112000000e+08   2.31341869039170e-06   2.50424233025953e+01
   1.51967115000000e+08   2.72971487902396e-06   2.50184043635693e+01
   1.52367117000000e+08   2.63783385889838e-06   2.50744485546264e+01
   1.52767120000000e+08   2.41911175180576e-06   2.50464264590994e+01
   1.53167122000000e+08   2.28423232329078e-06   2.48822970423795e+01
   1.53567125000000e+08   2.51482606472564e-06   2.50984674936472e+01
   1.53967128000000e+08   2.79353230325796e-06   2.49663633290053e+01
   1.54367130000000e+08   2.88228375211474e-06   2.49863791115312e+01
   1.54767133000000e+08   2.53054895438254e-06   2.49303349204548e+01
   1.55167135000000e+08   2.14160149880627e-06   2.49623601725000e+01
   1.55567138000000e+08   2.16973489841621e-06   2.50624390851152e+01
   1.55967140000000e+08   2.62845514953369e-06   2.49863791115312e+01
   1.56367143000000e+08   2.61992090599961e-06   2.50344169895869e+01
   1.56767146000000e+08   2.35016477745376e-06   2.49943854245411e+01
   1.57167148000000e+08   1.49850347952452e-06   2.50784517111300e+01
   1.57567151000000e+08   1.48827143675589e-06   2.50504296156035e+01
   1.57967153000000e+08   1.78326922650740e-06   2.49823759550261e+01
   1.58367156000000e+08   1.94916151485813e-06   2.50424233025953e+01
   1.93526984000000e+08   2.41634994745255e-03   2.49623601725000e+01
   1.93926986000000e+08   9.93603293863998e-07   2.50984674936472e+01
   1.94326989000000e+08   1.51511949297856e-06   2.50304138330826e+01
   1.94726992000000e+08   1.55735119733436e-06   2.49623601725000e+01
   1.95126994000000e+08   5.54402220132033e-07   2.50424233025953e+01
   1.95526997000000e+08   1.65874382673792e-06   2.50424233025953e+01
   1.95926999000000e+08   7.52905179979280e-07   2.50103980505602e+01
   1.96327002000000e+08   8.53932476729824e-07   2.50424233025953e+01
   1.96727005000000e+08   1.30544549392653e-06   2.49983885810460e+01
   1.97127007000000e+08   2.19705924564551e-07   2.51064738066536e+01
   1.97527010000000e+08   1.68469455275044e-06   2.50063948940555e+01
   1.97927012000000e+08   5.73134741443937e-07   2.50584359286114e+01
   1.98327015000000e+08   6.97943221439346e-07   2.51184832761627e+01
   1.98727018000000e+08   1.33421156078839e-06   2.50344169895869e+01
   1.99127020000000e+08   1.46167758430238e-06   2.50224075200738e+01
   1.99527023000000e+08   2.69689439846843e-06   2.51064738066536e+01
   1.99927025000000e+08   1.83254564944946e-06   2.50103980505602e+01
   2.00327028000000e+08   1.97243502952915e-06   2.50063948940555e+01
   2.00727030000000e+08   2.50576226790145e-06   2.50544327721075e+01
   2.01127033000000e+08   2.02835349227826e-06   2.49703664855106e+01
   2.01527036000000e+08   3.04210402646277e-06   2.50224075200738e+01
   2.01927038000000e+08   2.41067800743622e-06   2.49543538594890e+01
   2.02327041000000e+08   2.35368793255475e-06   2.49863791115312e+01
   2.02727043000000e+08   3.01006480185606e-06   2.50023917375508e+01
   2.03127046000000e+08   2.25100257011945e-06   2.50384201460911e+01
