   4.00003000000000e+05   1.54324322920729e-06   2.50464264590994e+01
   8.00005000000000e+05   1.63179981882422e-06   2.51024706501504e+01
   1.20000800000000e+06   1.57029057845648e-06   2.49823759550261e+01
   1.60001000000000e+06   1.58610168909945e-06   2.49703664855106e+01
   2.00001300000000e+06   1.62183516749792e-06   2.49583570159945e+01
   2.40001600000000e+06   1.50563903389411e-06   2.51064738066536e+01
   2.80001800000000e+06   1.47825551266578e-06   2.50384201460911e+01
   3.20002100000000e+06   1.50583866798115e-06   2.50103980505602e+01
   3.60002300000000e+06   1.40742918119940e-06   2.50624390851152e+01
   4.00002600000000e+06   1.60524496095604e-06   2.50103980505602e+01
   4.40002900000000e+06   1.33163041482476e-06   2.50144012070648e+01
   4.80003100000000e+06   1.49312120356626e-06   2.50384201460911e+01
   5.20003400000000e+06   1.44622003972472e-06   2.49583570159945e+01
   5.60003600000000e+06   1.43494230542274e-06   2.49783727985210e+01
   6.00003900000000e+06   1.53575354033819e-06   2.48943065118992e+01
   6.40004200000000e+06   1.68167889569304e-06   2.50063948940555e+01
   6.80004400000000e+06   1.86346551345196e-06   2.49583570159945e+01
   7.20004700000000e+06   1.84040675321739e-06   2.49223286074429e+01
   7.60004900000000e+06   1.75016828052321e-06   2.50184043635693e+01
   8.00005200000000e+06   1.91114168046624e-06   2.49583570159945e+01
   8.40005500000000e+06   1.81760515260976e-06   2.49903822680362e+01
   8.80005700000000e+06   1.87635373549710e-06   2.49943854245411e+01
   9.20006000000000e+06   1.90295656921080e-06   2.50103980505602e+01
   9.60006200000000e+06   1.89376135040220e-06   2.49783727985210e+01
   4.24002000000000e+07  -2.04154965467751e-03   2.50944643371439e+01
   4.28002030000000e+07   3.15968463837635e-06   2.51104769631567e+01
   4.32002060000000e+07   2.48117999035458e-06   2.49543538594890e+01
   4.36002080000000e+07   3.08735138787597e-06   2.50784517111300e+01
   4.40002110000000e+07  -4.54247697234678e-08   2.50224075200738e+01
   4.44002130000000e+07   1.24797088574269e-06   2.50624390851152e+01
   4.48002160000000e+07   3.26497001879034e-06   2.49983885810460e+01
   4.52002190000000e+07   2.02182786779304e-06   2.50464264590994e+01
   4.56002210000000e+07   2.34734329751518e-06   2.49863791115312e+01
   4.60002240000000e+07  -2.42488397361740e-07   2.49583570159945e+01
   4.64002260000000e+07   1.92982906810357e-06   2.50584359286114e+01
   4.68002290000000e+07   3.30675084114773e-06   2.50144012070648e+01
   4.72002320000000e+07   1.78393179339764e-06   2.49303349204548e+01
   4.76002340000000e+07   1.97019039660518e-06   2.49903822680362e+01
   4.80002370000000e+07  -9.02762167243054e-08   2.50384201460911e+01
   4.84002390000000e+07   2.44604962063022e-06   2.50464264590994e+01
   4.88002420000000e+07   3.08057838083187e-06   2.50344169895869e+01
   4.92002450000000e+07   1.37428708057996e-06   2.49903822680362e+01
   4.96002470000000e+07   1.44738282870094e-06   2.50544327721075e+01
   5.00002500000000e+07   3.03319410477343e-07   2.50504296156035e+01
   5.04002520000000e+07   2.87830062006833e-06   2.49943854245411e+01
   5.08002550000000e+07   2.88704200102075e-06   2.50384201460911e+01
   5.12002580000000e+07   1.05777996850520e-06   2.50784517111300e+01
   5.16002600000000e+07   1.48007234201941e-06   2.50464264590994e+01
   5.20002630000000e+07   7.95355219906924e-07   2.49863791115312e+01
   9.54403440000000e+07   4.58527449518442e-03   2.48222496947727e+01
   9.58403460000000e+07   1.43459499213350e-06   2.50904611806405e+01
   9.62403490000000e+07   3.40860037795210e-06   2.49903822680362e+01
   9.66403510000000e+07   7.43052510188136e-07   2.48822970423795e+01
   9.70403540000000e+07   9.85943302111991e-07   2.53226442577325e+01
   9.74403570000000e+07   2.33617083722493e-06   2.49663633290053e+01
   9.78403590000000e+07   1.26585541693203e-06   2.50944643371439e+01
   9.82403620000000e+07   3.16313867188001e-06   2.48382623208026e+01
   9.86403640000000e+07   4.06817633802348e-07   2.49023128249120e+01
   9.90403670000000e+07   1.31529145619425e-06   2.52345748147222e+01
   9.94403690000000e+07   2.28624776354991e-06   2.55628336476084e+01
   9.98403720000000e+07   1.48065112171025e-06   2.50664422416190e+01
   1.00240375000000e+08   2.82763062386948e-06   2.45900666172260e+01
   1.00640377000000e+08   3.27385208720443e-07   2.51665211541937e+01
   1.01040380000000e+08   1.63983452239336e-06   2.53586726662280e+01
   1.01440382000000e+08   2.46073614107445e-06   2.50944643371439e+01
   1.01840385000000e+08   1.38411871830613e-06   2.50384201460911e+01
   1.02240388000000e+08   2.72402439804864e-06   2.47742118166770e+01
   1.02640390000000e+08   6.40917846794764e-07   2.54187200137095e+01
   1.03040393000000e+08   2.38572579291940e-06   2.50584359286114e+01
   1.03440395000000e+08   2.68337021225307e-06   2.47061581560259e+01
   1.03840398000000e+08   1.72588033819920e-06   2.53186411012327e+01
   1.04240401000000e+08   2.70154691861535e-06   2.51024706501504e+01
   1.04640403000000e+08   7.29960504486371e-07   2.47782149731853e+01
   1.05040406000000e+08   2.62470325651520e-06   2.48582781033385e+01
   1.48416849000000e+08  -4.18679881840944e-03   2.51745274671980e+01
   1.48816852000000e+08   2.19914363697171e-06   2.49983885810460e+01
   1.49216855000000e+08   2.76418563771585e-06   2.50103980505602e+01
   1.49616857000000e+08   1.13299790882593e-06   2.48983096684056e+01
   1.50016860000000e+08   3.30206967191771e-06   2.52786095362311e+01
   1.50416862000000e+08  -5.67540439533332e-07   2.52265685017198e+01
   1.50816865000000e+08   2.76660193776479e-06   2.54747642046797e+01
   1.51216868000000e+08   2.61784407484811e-06   2.50584359286114e+01
   1.51616870000000e+08   1.34912318117131e-06   2.49863791115312e+01
   1.52016873000000e+08   2.92526283374173e-06   2.48983096684056e+01
   1.52416875000000e+08  -4.84203667383554e-07   2.55268052391412e+01
   1.52816878000000e+08   3.15125635097502e-06   2.48622812598455e+01
   1.53216881000000e+08   2.24471705223550e-06   2.46781360604584e+01
   1.53616883000000e+08   1.15834927782998e-06   2.47141644690447e+01
   1.54016886000000e+08   2.47912203121814e-06   2.49543538594890e+01
   1.54416888000000e+08  -3.20232828698863e-07   2.46461108083774e+01
   1.54816891000000e+08   3.27532779920148e-06   2.53786884487234e+01
   1.55216894000000e+08   1.67612552104401e-06   2.50424233025953e+01
   1.55616896000000e+08   9.54872120928485e-07   2.49423443899722e+01
   1.56016899000000e+08   2.25578969548224e-06   2.54867736741717e+01
   1.56416901000000e+08   9.88491635212085e-08   2.51905400932058e+01
   1.56816904000000e+08   3.63063281838549e-06   2.52105558757142e+01
   1.57216907000000e+08   1.53345752096357e-06   2.55628336476084e+01
   1.57616909000000e+08   1.25337157896865e-06   2.49023128249120e+01
   1.58016912000000e+08   2.17939123103861e-06   2.49863791115312e+01
   1.92867476000000e+08   2.35138786956668e-03   2.50063948940555e+01
   1.93267478000000e+08   2.02711453312077e-06   2.50824548676336e+01
   1.93667481000000e+08   1.83402119091625e-06   2.50424233025953e+01
   1.94067484000000e+08   2.73840851150453e-06   2.49743696420159e+01
   1.94467486000000e+08   6.40821951947146e-07   2.49543538594890e+01
   1.94867489000000e+08   2.65636708718375e-06   2.49943854245411e+01
   1.95267491000000e+08   2.03819831767760e-06   2.49783727985210e+01
   1.95667494000000e+08   2.03362810680119e-06   2.48782938858728e+01
   1.96067497000000e+08   2.62033017861540e-06   2.49503507029835e+01
   1.96467499000000e+08   6.32354897334153e-07   2.49503507029835e+01
   1.96867502000000e+08   2.74378567155509e-06   2.49623601725000e+01
   1.97267504000000e+08   1.85350972969900e-06   2.49583570159945e+01
   1.97667507000000e+08   1.81292602974281e-06   2.50384201460911e+01
   1.98067510000000e+08   2.20390870708798e-06   2.49703664855106e+01
   1.98467512000000e+08   6.34535183507978e-07   2.50864580241371e+01
   1.98867515000000e+08   2.76168520940701e-06   2.51144801196597e+01
   1.99267517000000e+08   1.47099092373537e-06   2.50103980505602e+01
   1.99667520000000e+08   1.66926417932700e-06   2.50904611806405e+01
   2.00067523000000e+08   1.89467675681954e-06   2.50944643371439e+01
   2.00467525000000e+08   8.32743637602107e-07   2.51264895891685e+01
   2.00867528000000e+08   2.74762442131760e-06   2.50424233025953e+01
   2.01267530000000e+08   1.50599043990951e-06   2.50384201460911e+01
   2.01667533000000e+08   1.71429780948529e-06   2.49943854245411e+01
   2.02067535000000e+08   1.83981853751902e-06   2.50664422416190e+01
   2.02467538000000e+08   1.13251519451296e-06   2.49983885810460e+01
