   4.00002000000000e+05   1.83603503955965e-06   2.48662844163524e+01
   8.00005000000000e+05   2.02382375391608e-06   2.53586726662280e+01
   1.20000700000000e+06   1.93340520127094e-06   2.50544327721075e+01
   1.60001000000000e+06   1.94277049558877e-06   2.51625179976914e+01
   2.00001300000000e+06   1.95488701137947e-06   2.48782938858728e+01
   2.40001500000000e+06   1.88692013125547e-06   2.51024706501504e+01
   2.80001800000000e+06   2.04077969101490e-06   2.49663633290053e+01
   3.20002000000000e+06   1.86036788818456e-06   2.53186411012327e+01
   3.60002300000000e+06   1.84454472673679e-06   2.49703664855106e+01
   4.00002600000000e+06   1.84880900633289e-06   2.51425022151793e+01
   4.40002800000000e+06   1.76231571913377e-06   2.49663633290053e+01
   4.80003100000000e+06   1.87636089776788e-06   2.50184043635693e+01
   5.20003300000000e+06   1.77673632606457e-06   2.51465053716819e+01
   5.60003600000000e+06   1.90761261364969e-06   2.50424233025953e+01
   6.00003900000000e+06   1.98964903574961e-06   2.49663633290053e+01
   6.40004100000000e+06   1.81660664111405e-06   2.48983096684056e+01
   6.80004400000000e+06   2.01230000129726e-06   2.46140855562924e+01
   7.20004600000000e+06   1.79491689777933e-06   2.51344959021740e+01
   7.60004900000000e+06   1.89177831089182e-06   2.50023917375508e+01
   8.00005200000000e+06   1.78377763404569e-06   2.52826126927315e+01
   8.40005400000000e+06   1.79920527898503e-06   2.49423443899722e+01
   8.80005700000000e+06   1.87791908956569e-06   2.50464264590994e+01
   9.20005900000000e+06   1.78222069280309e-06   2.48863001988861e+01
   9.60006200000000e+06   1.89649790627300e-06   2.49383412334665e+01
   4.21356110000000e+07   1.41912780236453e-04   2.48102402252496e+01
   4.25356140000000e+07   1.52027553212974e-06   2.58830861670993e+01
   4.29356160000000e+07   1.58314867348963e-06   2.54867736741717e+01
   4.33356190000000e+07   1.64430571203411e-06   2.47021549995165e+01
   4.37356210000000e+07   1.75290995230171e-06   2.52305716582210e+01
   4.41356240000000e+07   1.78731784217234e-06   2.58190356632324e+01
   4.45356260000000e+07   1.73143735082704e-06   2.51585148411891e+01
   4.49356290000000e+07   1.87399314199865e-06   2.45460318955982e+01
   4.53356320000000e+07   1.78707409759227e-06   2.48742907293661e+01
   4.57356340000000e+07   1.95155666915525e-06   2.53987042312172e+01
   4.61356370000000e+07   1.92558309208835e-06   2.51344959021740e+01
   4.65356390000000e+07   1.90175705938600e-06   2.46300981823354e+01
   4.69356420000000e+07   1.99235523723473e-06   2.53626758227272e+01
   4.73356450000000e+07   1.80290828666330e-06   2.46621234344184e+01
   4.77356470000000e+07   1.73610612819175e-06   2.55067894566572e+01
   4.81356500000000e+07   1.72282943822211e-06   2.46901455299877e+01
   4.85356520000000e+07   1.61380978624948e-06   2.49703664855106e+01
   4.89356550000000e+07   1.82320320618601e-06   2.47982307557260e+01
   4.93356580000000e+07   1.66132588219625e-06   2.46461108083774e+01
   4.97356600000000e+07   1.87049386113358e-06   2.46661265909285e+01
   5.01356630000000e+07   1.79376547748689e-06   2.53466631967301e+01
   5.05356650000000e+07   1.78421623786562e-06   2.48062370687418e+01
   5.09356680000000e+07   1.97596546058776e-06   2.50464264590994e+01
   5.13356710000000e+07   1.65019923770160e-06   2.53866947617211e+01
   5.17356730000000e+07   1.83688530341897e-06   2.48622812598455e+01
   9.52951060000000e+07   2.09850099054165e-04   2.52425811277244e+01
   9.56951080000000e+07   2.11772157854284e-06   2.52946221622325e+01
   9.60951110000000e+07   1.57171905357245e-06   2.51825337802020e+01
   9.64951130000000e+07   2.24665609493968e-06   2.50023917375508e+01
   9.68951160000000e+07   1.71306362517498e-06   2.50304138330826e+01
   9.72951190000000e+07   1.97578356164740e-06   2.49463475464779e+01
   9.76951210000000e+07   1.99646001419751e-06   2.50264106765782e+01
   9.80951240000000e+07   1.57070792283776e-06   2.49903822680362e+01
   9.84951260000000e+07   2.15485169974272e-06   2.49863791115312e+01
   9.88951290000000e+07   1.62012759119534e-06   2.49783727985210e+01
   9.92951310000000e+07   1.88181263638398e-06   2.50944643371439e+01
   9.96951340000000e+07   2.06038089345384e-06   2.50584359286114e+01
   1.00095137000000e+08   1.76660046236066e-06   2.50344169895869e+01
   1.00495139000000e+08   2.26696965910378e-06   2.49663633290053e+01
   1.00895142000000e+08   1.76134051343979e-06   2.50103980505602e+01
   1.01295144000000e+08   2.07837342713901e-06   2.51865369367039e+01
   1.01695147000000e+08   1.94939775610692e-06   2.51625179976914e+01
   1.02095150000000e+08   1.63502329542098e-06   2.50664422416190e+01
   1.02495152000000e+08   2.12399845622713e-06   2.53306505707319e+01
   1.02895155000000e+08   1.63846209488838e-06   2.51304927456713e+01
   1.03295157000000e+08   2.00349040824221e-06   2.51745274671980e+01
   1.03695160000000e+08   2.03026115741523e-06   2.49743696420159e+01
   1.04095163000000e+08   1.85606688773987e-06   2.50984674936472e+01
   1.04495165000000e+08   2.25135113396391e-06   2.52505874407263e+01
   1.04895168000000e+08   1.77795322997554e-06   2.49983885810460e+01
   1.48619898000000e+08   1.88425256055780e-04   2.50944643371439e+01
   1.49019901000000e+08   1.45368233006593e-06   2.51184832761627e+01
   1.49419904000000e+08   2.18477657654148e-06   2.50103980505602e+01
   1.49819906000000e+08   1.54136955643480e-06   2.50344169895869e+01
   1.50219909000000e+08   1.93966820916103e-06   2.48582781033385e+01
   1.50619911000000e+08   1.97239933186211e-06   2.50584359286114e+01
   1.51019914000000e+08   1.53459689045121e-06   2.50103980505602e+01
   1.51419917000000e+08   2.17008187064494e-06   2.51545116846868e+01
   1.51819919000000e+08   1.57793044763821e-06   2.51224864326656e+01
   1.52219922000000e+08   1.98767634174146e-06   2.50103980505602e+01
   1.52619924000000e+08   1.92125617104466e-06   2.48863001988861e+01
   1.53019927000000e+08   1.62088701927132e-06   2.46941486864974e+01
   1.53419930000000e+08   2.18650507122220e-06   2.51985464062093e+01
   1.53819932000000e+08   1.45527997119643e-06   2.51865369367039e+01
   1.54219935000000e+08   1.95910411093791e-06   2.52946221622325e+01
   1.54619937000000e+08   1.80607366928598e-06   2.47702086601686e+01
   1.55019940000000e+08   1.61284378918936e-06   2.49783727985210e+01
   1.55419943000000e+08   1.93516621038725e-06   2.51585148411891e+01
   1.55819945000000e+08   1.29605291476764e-06   2.47461897211170e+01
   1.56219948000000e+08   1.73845080553292e-06   2.44139277306688e+01
   1.56619950000000e+08   1.51846597873373e-06   2.51224864326656e+01
   1.57019953000000e+08   1.38766824875347e-06   2.52345748147222e+01
   1.57419955000000e+08   1.86929378287459e-06   2.52505874407263e+01
   1.57819958000000e+08   1.30410467136244e-06   2.51425022151793e+01
   1.58219961000000e+08   1.85600958957366e-06   2.50063948940555e+01
   1.92915426000000e+08   1.62725060363300e-04   2.49263317639489e+01
   1.93315428000000e+08   2.04567845685233e-06   2.50304138330826e+01
   1.93715431000000e+08   1.69705663211062e-06   2.49063159814183e+01
   1.94115433000000e+08   1.76465312051732e-06   2.49823759550261e+01
   1.94515436000000e+08   1.86895908882434e-06   2.49263317639489e+01
   1.94915438000000e+08   1.62129720138182e-06   2.49743696420159e+01
   1.95315441000000e+08   1.91929711945704e-06   2.50664422416190e+01
   1.95715444000000e+08   1.67124653671635e-06   2.49623601725000e+01
   1.96115446000000e+08   1.98083648683678e-06   2.48702875728593e+01
   1.96515449000000e+08   1.82442818186246e-06   2.50784517111300e+01
   1.96915451000000e+08   1.81250766218000e-06   2.48062370687418e+01
   1.97315454000000e+08   1.99356463781442e-06   2.49943854245411e+01
   1.97715457000000e+08   2.00607428268995e-06   2.51384990586767e+01
   1.98115459000000e+08   2.13221483136294e-06   2.49943854245411e+01
   1.98515462000000e+08   2.16094963434443e-06   2.49703664855106e+01
   1.98915464000000e+08   2.03186777980591e-06   2.51264895891685e+01
   1.99315467000000e+08   2.21154891733022e-06   2.49423443899722e+01
   1.99715470000000e+08   1.94822951016249e-06   2.50504296156035e+01
   2.00115472000000e+08   2.02949809136044e-06   2.51304927456713e+01
   2.00515475000000e+08   2.06717959372327e-06   2.50184043635693e+01
   2.00915477000000e+08   1.91583785635885e-06   2.50144012070648e+01
   2.01315480000000e+08   2.08282381208846e-06   2.51344959021740e+01
   2.01715482000000e+08   1.77245192389819e-06   2.48742907293661e+01
   2.02115485000000e+08   1.85135297670058e-06   2.50544327721075e+01
   2.02515488000000e+08   1.81990287728695e-06   2.47622023471517e+01
