   4.00003000000000e+05   1.91379149327986e-06   2.50504296156035e+01
   8.00006000000000e+05   2.18769264392904e-06   2.49903822680362e+01
   1.20000800000000e+06   2.04708226192452e-06   2.49823759550261e+01
   1.60001100000000e+06   2.01698571800080e-06   2.49823759550261e+01
   2.00001300000000e+06   2.12325403481373e-06   2.50984674936472e+01
   2.40001600000000e+06   2.00181034415436e-06   2.49743696420159e+01
   2.80001900000000e+06   2.04318826035887e-06   2.49223286074429e+01
   3.20002100000000e+06   1.79885955731152e-06   2.51384990586767e+01
   3.60002400000000e+06   1.51817278037925e-06   2.50624390851152e+01
   4.00002600000000e+06   1.87784371519228e-06   2.50664422416190e+01
   4.40002900000000e+06   1.42574583605892e-06   2.50344169895869e+01
   4.80003100000000e+06   1.85270619112998e-06   2.51585148411891e+01
   5.20003400000000e+06   1.50740095250512e-06   2.50224075200738e+01
   5.60003700000000e+06   1.68417966506240e-06   2.51425022151793e+01
   6.00003900000000e+06   1.68081544416054e-06   2.50504296156035e+01
   6.40004200000000e+06   1.56384294314194e-06   2.50624390851152e+01
   6.80004400000000e+06   1.67847588272707e-06   2.50864580241371e+01
   7.20004700000000e+06   2.07755442716007e-06   2.50264106765782e+01
   7.60005000000000e+06   2.05430342248292e-06   2.49983885810460e+01
   8.00005200000000e+06   2.39748942476581e-06   2.50464264590994e+01
   8.40005500000000e+06   1.94868357539235e-06   2.49463475464779e+01
   8.80005700000000e+06   2.41856560023734e-06   2.49743696420159e+01
   9.20006000000000e+06   1.90100820418593e-06   2.50144012070648e+01
   9.60006300000000e+06   2.11251449400152e-06   2.49703664855106e+01
   4.21600520000000e+07  -2.05933675169945e-03   2.50103980505602e+01
   4.25600540000000e+07   1.47218725032872e-06   2.50704453981228e+01
   4.29600570000000e+07   3.19390369440953e-06   2.50464264590994e+01
   4.33600590000000e+07   1.85051430889871e-06   2.49983885810460e+01
   4.37600620000000e+07   1.68790450061351e-06   2.49623601725000e+01
   4.41600650000000e+07   1.60279830652144e-06   2.50864580241371e+01
   4.45600670000000e+07   1.16284184059623e-06   2.51224864326656e+01
   4.49600700000000e+07   2.71986414190906e-06   2.49903822680362e+01
   4.53600720000000e+07   1.92584820979391e-06   2.50744485546264e+01
   4.57600750000000e+07   1.65427275078400e-06   2.51705243106959e+01
   4.61600780000000e+07   1.89504351055803e-06   2.50584359286114e+01
   4.65600800000000e+07   1.34010383590066e-06   2.50904611806405e+01
   4.69600830000000e+07   2.89966351374460e-06   2.50384201460911e+01
   4.73600850000000e+07   1.34658444039815e-06   2.50904611806405e+01
   4.77600880000000e+07   1.44067257679126e-06   2.51024706501504e+01
   4.81600900000000e+07   1.47854370879941e-06   2.50864580241371e+01
   4.85600930000000e+07   1.23044458177901e-06   2.50544327721075e+01
   4.89600960000000e+07   2.49180789069214e-06   2.49823759550261e+01
   4.93600980000000e+07   1.20970571515500e-06   2.49863791115312e+01
   4.97601010000000e+07   1.45259843975509e-06   2.49583570159945e+01
   5.01601030000000e+07   1.35587936256343e-06   2.50144012070648e+01
   5.05601060000000e+07   1.36945004669542e-06   2.51024706501504e+01
   5.09601090000000e+07   2.37279073189711e-06   2.50624390851152e+01
   5.13601110000000e+07   1.35963011871354e-06   2.50264106765782e+01
   5.17601140000000e+07   1.47314642617857e-06   2.50904611806405e+01
   9.51458700000000e+07   4.62192483246326e-03   2.49703664855106e+01
   9.55458730000000e+07   1.17981574021542e-06   2.51224864326656e+01
   9.59458750000000e+07   2.01988154913124e-06   2.51625179976914e+01
   9.63458780000000e+07   9.08665242604911e-07   2.51705243106959e+01
   9.67458810000000e+07   1.97525173462054e-06   2.51224864326656e+01
   9.71458830000000e+07   3.08560311168549e-06   2.51745274671980e+01
   9.75458860000000e+07   7.97660277385148e-07   2.51585148411891e+01
   9.79458880000000e+07   2.05758715310367e-06   2.50664422416190e+01
   9.83458910000000e+07   7.23297546301183e-07   2.50784517111300e+01
   9.87458930000000e+07   2.16767330130097e-06   2.51144801196597e+01
   9.91458960000000e+07   2.98856457447982e-06   2.50344169895869e+01
   9.95458990000000e+07   9.74727640823403e-07   2.50464264590994e+01
   9.99459010000000e+07   2.32419324674993e-06   2.50784517111300e+01
   1.00345904000000e+08   1.13752491870400e-06   2.50184043635693e+01
   1.00745906000000e+08   2.55622671829769e-06   2.50304138330826e+01
   1.01145909000000e+08   2.73903651759611e-06   2.49983885810460e+01
   1.01545912000000e+08   8.91682191195287e-07   2.51104769631567e+01
   1.01945914000000e+08   2.10133293876424e-06   2.50664422416190e+01
   1.02345917000000e+08   1.06950346889789e-06   2.50344169895869e+01
   1.02745919000000e+08   2.38891516346484e-06   2.50664422416190e+01
   1.03145922000000e+08   2.76122727882466e-06   2.50784517111300e+01
   1.03545925000000e+08   1.13603948648233e-06   2.51264895891685e+01
   1.03945927000000e+08   2.41613861362566e-06   2.50544327721075e+01
   1.04345930000000e+08   1.40583199481625e-06   2.50704453981228e+01
   1.04745932000000e+08   2.91808646579739e-06   2.50704453981228e+01
   1.48443046000000e+08  -4.21994924545288e-03   2.50384201460911e+01
   1.48843048000000e+08  -1.06934237464884e-06   2.49583570159945e+01
   1.49243051000000e+08   3.08619746647310e-06   2.49543538594890e+01
   1.49643054000000e+08   9.03191164525197e-07   2.50344169895869e+01
   1.50043056000000e+08   3.07580830849474e-06   2.50023917375508e+01
   1.50443059000000e+08   2.44312946051650e-06   2.50664422416190e+01
   1.50843061000000e+08  -7.21419780802535e-07   2.49463475464779e+01
   1.51243064000000e+08   3.01953855341708e-06   2.50704453981228e+01
   1.51643067000000e+08   8.43076463752368e-07   2.50944643371439e+01
   1.52043069000000e+08   2.78356606031593e-06   2.50063948940555e+01
   1.52443072000000e+08   1.90619118711766e-06   2.49783727985210e+01
   1.52843074000000e+08  -7.21218214039254e-07   2.49343380769607e+01
   1.53243077000000e+08   3.26320878230035e-06   2.50224075200738e+01
   1.53643080000000e+08   1.04103821740864e-06   2.50864580241371e+01
   1.54043082000000e+08   2.82978521681798e-06   2.49943854245411e+01
   1.54443085000000e+08   1.68574820236245e-06   2.50023917375508e+01
   1.54843087000000e+08  -2.21646345721638e-07   2.50184043635693e+01
   1.55243090000000e+08   3.52727715835499e-06   2.50063948940555e+01
   1.55643093000000e+08   1.38755740408669e-06   2.50063948940555e+01
   1.56043095000000e+08   3.07259756482381e-06   2.50304138330826e+01
   1.56443098000000e+08   1.61121113251284e-06   2.50103980505602e+01
   1.56843100000000e+08   5.62188233743655e-07   2.49703664855106e+01
   1.57243103000000e+08   3.44239197147544e-06   2.49703664855106e+01
   1.57643106000000e+08   1.51251629176841e-06   2.50063948940555e+01
   1.58043108000000e+08   2.76192372439255e-06   2.50464264590994e+01
   1.93133224000000e+08   2.37182504497468e-03   2.49703664855106e+01
   1.93533227000000e+08   1.86410431979311e-06   2.50344169895869e+01
   1.93933229000000e+08   1.93937444237235e-06   2.50544327721075e+01
   1.94333232000000e+08   7.08027300788672e-07   2.50144012070648e+01
   1.94733235000000e+08   3.54907274413563e-06   2.50304138330826e+01
   1.95133237000000e+08   1.03792967820482e-06   2.50464264590994e+01
   1.95533240000000e+08   2.06138133762579e-06   2.50184043635693e+01
   1.95933242000000e+08   1.93378787116671e-06   2.49823759550261e+01
   1.96333245000000e+08   8.38800701785658e-07   2.49863791115312e+01
   1.96733248000000e+08   3.51545827470545e-06   2.49623601725000e+01
   1.97133250000000e+08   9.12423843146826e-07   2.49903822680362e+01
   1.97533253000000e+08   2.16855323742493e-06   2.50224075200738e+01
   1.97933255000000e+08   1.84358646038163e-06   2.50264106765782e+01
   1.98333258000000e+08   1.24069003959448e-06   2.50063948940555e+01
   1.98733260000000e+08   3.37920096171729e-06   2.50584359286114e+01
   1.99133263000000e+08   8.67979167651356e-07   2.50904611806405e+01
   1.99533266000000e+08   1.95545862879953e-06   2.50304138330826e+01
   1.99933268000000e+08   1.86796410162060e-06   2.49103191379245e+01
   2.00333271000000e+08   1.05425760921207e-06   2.50824548676336e+01
   2.00733273000000e+08   3.25842529491638e-06   2.50304138330826e+01
   2.01133276000000e+08   6.42914244508574e-07   2.49663633290053e+01
   2.01533279000000e+08   2.11056817533972e-06   2.50584359286114e+01
   2.01933281000000e+08   1.68135375133716e-06   2.50584359286114e+01
   2.02333284000000e+08   1.24066616535856e-06   2.49503507029835e+01
   2.02733286000000e+08   3.03665433420974e-06   2.50464264590994e+01
