   4.00002000000000e+05   1.65006952101976e-06   2.52025495627110e+01
   8.00005000000000e+05   1.75445836703148e-06   2.49343380769607e+01
   1.20000800000000e+06   1.57049157678557e-06   2.48502717903243e+01
   1.60001000000000e+06   1.67243581472576e-06   2.50424233025953e+01
   2.00001300000000e+06   1.63317974966048e-06   2.49863791115312e+01
   2.40001500000000e+06   1.61265995757276e-06   2.50624390851152e+01
   2.80001800000000e+06   1.73256830748869e-06   2.51384990586767e+01
   3.20002100000000e+06   1.62261449077050e-06   2.50224075200738e+01
   3.60002300000000e+06   1.59609976435604e-06   2.48342591642952e+01
   4.00002600000000e+06   1.67007397067209e-06   2.50023917375508e+01
   4.40002800000000e+06   1.55179156990926e-06   2.49583570159945e+01
   4.80003100000000e+06   1.64707182648272e-06   2.50264106765782e+01
   5.20003400000000e+06   1.54119140916009e-06   2.50023917375508e+01
   5.60003600000000e+06   1.63100673944427e-06   2.50144012070648e+01
   6.00003900000000e+06   1.73568980699201e-06   2.49343380769607e+01
   6.40004100000000e+06   1.45407125273778e-06   2.52265685017198e+01
   6.80004400000000e+06   1.69879581335408e-06   2.48983096684056e+01
   7.20004700000000e+06   1.52479151438456e-06   2.52145590322157e+01
   7.60004900000000e+06   1.61265381848352e-06   2.49143222944307e+01
   8.00005200000000e+06   1.54312158429093e-06   2.48782938858728e+01
   8.40005400000000e+06   1.60211857291870e-06   2.50544327721075e+01
   8.80005700000000e+06   1.81931295628601e-06   2.49783727985210e+01
   9.20006000000000e+06   1.75410082192684e-06   2.53306505707319e+01
   9.60006200000000e+06   1.73145463122637e-06   2.50344169895869e+01
   4.21287820000000e+07   1.57662638230249e-04   2.49623601725000e+01
   4.25287850000000e+07   1.79117057541589e-06   2.49623601725000e+01
   4.29287870000000e+07   1.60956767558673e-06   2.49863791115312e+01
   4.33287900000000e+07   1.77305810211692e-06   2.51625179976914e+01
   4.37287920000000e+07   1.64608161412616e-06   2.51945432497076e+01
   4.41287950000000e+07   1.66054292094486e-06   2.49663633290053e+01
   4.45287980000000e+07   1.69431666563469e-06   2.50384201460911e+01
   4.49288000000000e+07   1.43847444178391e-06   2.51425022151793e+01
   4.53288030000000e+07   1.69156510310131e-06   2.52465842842254e+01
   4.57288050000000e+07   1.48571882618853e-06   2.52746063797306e+01
   4.61288080000000e+07   1.68297242453264e-06   2.49583570159945e+01
   4.65288110000000e+07   1.56387852712214e-06   2.50344169895869e+01
   4.69288130000000e+07   1.57402109834948e-06   2.51224864326656e+01
   4.73288160000000e+07   1.60720549047255e-06   2.49423443899722e+01
   4.77288190000000e+07   1.59001569954853e-06   2.49743696420159e+01
   4.81288210000000e+07   1.60019112627197e-06   2.52906190057322e+01
   4.85288240000000e+07   1.93380355995032e-06   2.52065527192126e+01
   4.89288260000000e+07   1.72641534845752e-06   2.50504296156035e+01
   4.93288290000000e+07   2.01661305254675e-06   2.51825337802020e+01
   4.97288320000000e+07   1.78219829649606e-06   2.52465842842254e+01
   5.01288340000000e+07   1.95256075130601e-06   2.49703664855106e+01
   5.05288370000000e+07   1.84044756679214e-06   2.48222496947727e+01
   5.09288390000000e+07   1.81466566573363e-06   2.50384201460911e+01
   5.13288420000000e+07   1.94063136405020e-06   2.51264895891685e+01
   5.17288450000000e+07   1.86641466370929e-06   2.51465053716819e+01
   9.57352380000000e+07   1.90675185876898e-04   2.50184043635693e+01
   9.61352400000000e+07   1.72073544035811e-06   2.52225653452185e+01
   9.65352430000000e+07   2.05058449864737e-06   2.51024706501504e+01
   9.69352450000000e+07   1.64549840064865e-06   2.48863001988861e+01
   9.73352480000000e+07   2.02363276002870e-06   2.49823759550261e+01
   9.77352510000000e+07   1.80684094175376e-06   2.51024706501504e+01
   9.81352530000000e+07   1.72674299392384e-06   2.49823759550261e+01
   9.85352560000000e+07   1.89767115443829e-06   2.50864580241371e+01
   9.89352580000000e+07   1.63577760758926e-06   2.49583570159945e+01
   9.93352610000000e+07   1.89785293969180e-06   2.50144012070648e+01
   9.97352640000000e+07   1.64395851243171e-06   2.52385779712233e+01
   1.00135266000000e+08   1.75917909928103e-06   2.51825337802020e+01
   1.00535269000000e+08   2.05057654056873e-06   2.50864580241371e+01
   1.00935271000000e+08   1.67911855442071e-06   2.49223286074429e+01
   1.01335274000000e+08   2.05842275136092e-06   2.49743696420159e+01
   1.01735277000000e+08   1.78653317561839e-06   2.47782149731853e+01
   1.02135279000000e+08   1.92599213733047e-06   2.49183254509368e+01
   1.02535282000000e+08   1.96619748749072e-06   2.53346537272316e+01
   1.02935284000000e+08   1.78576044618239e-06   2.48903033553927e+01
   1.03335287000000e+08   2.10020493796037e-06   2.51585148411891e+01
   1.03735290000000e+08   1.86897784715256e-06   2.50704453981228e+01
   1.04135292000000e+08   1.85584110568016e-06   2.50984674936472e+01
   1.04535295000000e+08   1.97129975276766e-06   2.52225653452185e+01
   1.04935297000000e+08   1.64041603056830e-06   2.49423443899722e+01
   1.05335300000000e+08   1.89549427886959e-06   2.51024706501504e+01
   1.49104499000000e+08   2.11225196835585e-04   2.50424233025953e+01
   1.49504502000000e+08   1.88673482170998e-06   2.50664422416190e+01
   1.49904505000000e+08   1.96619839698542e-06   2.50384201460911e+01
   1.50304507000000e+08   1.69806503436121e-06   2.49343380769607e+01
   1.50704510000000e+08   1.84628834176692e-06   2.49703664855106e+01
   1.51104512000000e+08   1.78300626885175e-06   2.49583570159945e+01
   1.51504515000000e+08   1.70917883224320e-06   2.49783727985210e+01
   1.51904518000000e+08   1.96386622519640e-06   2.50224075200738e+01
   1.52304520000000e+08   1.57267947997752e-06   2.50744485546264e+01
   1.52704523000000e+08   1.89941704320518e-06   2.50144012070648e+01
   1.53104525000000e+08   1.61386367381056e-06   2.49383412334665e+01
   1.53504528000000e+08   1.80095696578064e-06   2.51224864326656e+01
   1.53904531000000e+08   1.70528642229328e-06   2.50184043635693e+01
   1.54304533000000e+08   1.75510024291725e-06   2.50144012070648e+01
   1.54704536000000e+08   1.89298168606911e-06   2.49823759550261e+01
   1.55104538000000e+08   1.90627076790406e-06   2.51505085281844e+01
   1.55504541000000e+08   1.85175053957209e-06   2.50384201460911e+01
   1.55904544000000e+08   1.96642099581368e-06   2.50224075200738e+01
   1.56304546000000e+08   1.71682086147484e-06   2.50424233025953e+01
   1.56704549000000e+08   1.81856614744902e-06   2.49623601725000e+01
   1.57104551000000e+08   1.57445185777760e-06   2.50704453981228e+01
   1.57504554000000e+08   1.79280482370814e-06   2.50664422416190e+01
   1.57904557000000e+08   1.68635961017571e-06   2.50504296156035e+01
   1.58304559000000e+08   1.69121290127805e-06   2.50864580241371e+01
   1.58704562000000e+08   1.80447148068197e-06   2.50023917375508e+01
   1.93819693000000e+08   1.55050234752707e-04   2.49743696420159e+01
   1.94219695000000e+08   1.79398637101258e-06   2.51344959021740e+01
   1.94619698000000e+08   1.84765895028249e-06   2.50944643371439e+01
   1.95019700000000e+08   1.98792577066342e-06   2.50624390851152e+01
   1.95419703000000e+08   1.71036731444474e-06   2.50544327721075e+01
   1.95819706000000e+08   2.09609606827144e-06   2.51264895891685e+01
   1.96219708000000e+08   1.71835108631058e-06   2.50103980505602e+01
   1.96619711000000e+08   1.86332033536019e-06   2.49943854245411e+01
   1.97019713000000e+08   1.80898268808960e-06   2.50704453981228e+01
   1.97419716000000e+08   1.65254948569782e-06   2.51104769631567e+01
   1.97819719000000e+08   1.92986772162840e-06   2.50824548676336e+01
   1.98219721000000e+08   1.63186496138223e-06   2.51625179976914e+01
   1.98619724000000e+08   1.72266766185203e-06   2.50784517111300e+01
   1.99019726000000e+08   1.84824864390976e-06   2.51505085281844e+01
   1.99419729000000e+08   1.60644890456751e-06   2.50864580241371e+01
   1.99819732000000e+08   1.91130175153376e-06   2.50224075200738e+01
   2.00219734000000e+08   1.51193773945124e-06   2.50224075200738e+01
   2.00619737000000e+08   1.85271346708760e-06   2.50504296156035e+01
   2.01019739000000e+08   1.61232412665413e-06   2.50224075200738e+01
   2.01419742000000e+08   1.57384477006417e-06   2.50704453981228e+01
   2.01819745000000e+08   1.81973916824063e-06   2.51264895891685e+01
   2.02219747000000e+08   1.63242816597631e-06   2.50264106765782e+01
   2.02619750000000e+08   1.82460701125819e-06   2.50704453981228e+01
   2.03019752000000e+08   1.81363736828644e-06   2.49983885810460e+01
   2.03419755000000e+08   1.73540297510044e-06   2.50144012070648e+01
