   4.00003000000000e+05   1.54247470618429e-06   2.50584359286114e+01
   8.00006000000000e+05   1.45758508551808e-06   2.51024706501504e+01
   1.20000800000000e+06   1.76230503257102e-06   2.49943854245411e+01
   1.60001100000000e+06   2.18914965444128e-06   2.49863791115312e+01
   2.00001300000000e+06   2.69052111434576e-06   2.50504296156035e+01
   2.40001600000000e+06   2.54232031693391e-06   2.51264895891685e+01
   2.80001900000000e+06   2.55944632954197e-06   2.50664422416190e+01
   3.20002100000000e+06   2.66788401859230e-06   2.49423443899722e+01
   3.60002400000000e+06   2.46994341068785e-06   2.50144012070648e+01
   4.00002600000000e+06   2.58582394963014e-06   2.49783727985210e+01
   4.40002900000000e+06   2.49168374466535e-06   2.50784517111300e+01
   4.80003200000000e+06   2.51084338742658e-06   2.50063948940555e+01
   5.20003400000000e+06   2.61315949501295e-06   2.50464264590994e+01
   5.60003700000000e+06   2.36493133343174e-06   2.50264106765782e+01
   6.00003900000000e+06   2.49752793024527e-06   2.50063948940555e+01
   6.40004200000000e+06   2.43738486460643e-06   2.50304138330826e+01
   6.80004500000000e+06   2.42625787905126e-06   2.50264106765782e+01
   7.20004700000000e+06   2.47408115683356e-06   2.51425022151793e+01
   7.60005000000000e+06   1.78635571046470e-06   2.50864580241371e+01
   8.00005200000000e+06   1.85330975455145e-06   2.51064738066536e+01
   8.40005500000000e+06   1.67598932421242e-06   2.51064738066536e+01
   8.80005800000000e+06   1.68826750268636e-06   2.50424233025953e+01
   9.20006000000000e+06   1.74744548075978e-06   2.50344169895869e+01
   9.60006300000000e+06   1.24962127756589e-06   2.49863791115312e+01
   4.20959670000000e+07   2.39156256429851e-03   2.49623601725000e+01
   4.24959690000000e+07   1.80267909399845e-06   2.49343380769607e+01
   4.28959720000000e+07   1.15567786451720e-06   2.50664422416190e+01
   4.32959740000000e+07   1.96408177544072e-06   2.49623601725000e+01
   4.36959770000000e+07   7.11631628291798e-07   2.50464264590994e+01
   4.40959800000000e+07   1.16856108434149e-06   2.50424233025953e+01
   4.44959820000000e+07   1.09472739495686e-06   2.51104769631567e+01
   4.48959850000000e+07   6.49242849704024e-07   2.50384201460911e+01
   4.52959870000000e+07   1.41580164836341e-06   2.50864580241371e+01
   4.56959900000000e+07   1.36402070438635e-06   2.51505085281844e+01
   4.60959930000000e+07   1.92076663552143e-06   2.51705243106959e+01
   4.64959950000000e+07   2.06002118829929e-06   2.51545116846868e+01
   4.68959980000000e+07   1.34805225115997e-06   2.51304927456713e+01
   4.72960000000000e+07   2.31247145165980e-06   2.51505085281844e+01
   4.76960030000000e+07   2.36108326134854e-06   2.51224864326656e+01
   4.80960060000000e+07   3.16042996928445e-06   2.50824548676336e+01
   4.84960080000000e+07   3.01586419482192e-06   2.50704453981228e+01
   4.88960110000000e+07   2.52656218435732e-06   2.50063948940555e+01
   4.92960130000000e+07   3.02083731185121e-06   2.50424233025953e+01
   4.96960160000000e+07   2.06932622859313e-06   2.50584359286114e+01
   5.00960190000000e+07   2.33831701734744e-06   2.50144012070648e+01
   5.04960210000000e+07   2.44298121288011e-06   2.49863791115312e+01
   5.08960240000000e+07   1.76369530890952e-06   2.49863791115312e+01
   5.12960260000000e+07   2.43461863647099e-06   2.51384990586767e+01
   5.16960290000000e+07   1.69738916611095e-06   2.50344169895869e+01
   9.55170130000000e+07  -4.28892439231277e-03   2.50544327721075e+01
   9.59170150000000e+07   1.19202172754740e-06   2.49903822680362e+01
   9.63170180000000e+07   7.23146058589919e-07   2.50544327721075e+01
   9.67170200000000e+07   1.51474966969545e-06   2.50464264590994e+01
   9.71170230000000e+07   2.08201527129859e-06   2.50864580241371e+01
   9.75170260000000e+07   1.60203364885092e-06   2.49463475464779e+01
   9.79170280000000e+07   1.76155333520001e-06   2.49863791115312e+01
   9.83170310000000e+07   1.51310609908251e-06   2.50304138330826e+01
   9.87170330000000e+07   2.17660772250383e-06   2.50824548676336e+01
   9.91170360000000e+07   2.80062658930547e-06   2.50464264590994e+01
   9.95170390000000e+07   1.71332953868841e-06   2.50264106765782e+01
   9.99170410000000e+07   1.75676973412919e-06   2.49543538594890e+01
   1.00317044000000e+08   1.37698509661277e-06   2.49743696420159e+01
   1.00717046000000e+08   1.84627606358845e-06   2.50304138330826e+01
   1.01117049000000e+08   2.44738407673140e-06   2.49623601725000e+01
   1.01517052000000e+08   1.58788725457271e-06   2.50624390851152e+01
   1.01917054000000e+08   1.71710917129531e-06   2.50224075200738e+01
   1.02317057000000e+08   1.24477230656339e-06   2.50264106765782e+01
   1.02717059000000e+08   1.73470016306965e-06   2.49863791115312e+01
   1.03117062000000e+08   2.33748551181634e-06   2.50864580241371e+01
   1.03517065000000e+08   1.82979965757113e-06   2.49583570159945e+01
   1.03917067000000e+08   2.02876185539935e-06   2.50184043635693e+01
   1.04317070000000e+08   1.60849106123351e-06   2.50184043635693e+01
   1.04717072000000e+08   1.95945108316664e-06   2.49143222944307e+01
   1.05117075000000e+08   2.54241899710905e-06   2.50584359286114e+01
   1.48916902000000e+08   4.68977447599173e-03   2.51745274671980e+01
   1.49316905000000e+08   1.29614238630893e-06   2.51144801196597e+01
   1.49716907000000e+08   2.89591639557329e-06   2.50584359286114e+01
   1.50116910000000e+08   1.51383801494376e-06   2.50063948940555e+01
   1.50516913000000e+08   2.47549405685277e-06   2.49743696420159e+01
   1.50916915000000e+08   1.85798467100540e-06   2.50624390851152e+01
   1.51316918000000e+08   1.60238414537162e-06   2.51465053716819e+01
   1.51716920000000e+08   2.83341364593070e-06   2.50224075200738e+01
   1.52116923000000e+08   1.41692544275429e-06   2.49903822680362e+01
   1.52516926000000e+08   2.48249421019864e-06   2.50504296156035e+01
   1.52916928000000e+08   1.96262976714934e-06   2.51224864326656e+01
   1.53316931000000e+08   1.41752934723627e-06   2.49903822680362e+01
   1.53716933000000e+08   2.41554835156421e-06   2.51184832761627e+01
   1.54116936000000e+08   1.13443957161508e-06   2.50744485546264e+01
   1.54516939000000e+08   2.10097050512559e-06   2.50103980505602e+01
   1.54916941000000e+08   1.50394475895155e-06   2.51144801196597e+01
   1.55316944000000e+08   1.18654554626119e-06   2.50624390851152e+01
   1.55716946000000e+08   2.27364807869890e-06   2.51104769631567e+01
   1.56116949000000e+08   1.14892077363038e-06   2.50384201460911e+01
   1.56516952000000e+08   1.88835633707640e-06   2.49743696420159e+01
   1.56916954000000e+08   1.57595286509604e-06   2.49743696420159e+01
   1.57316957000000e+08   1.24532800782617e-06   2.50264106765782e+01
   1.57716959000000e+08   2.37828180615907e-06   2.50984674936472e+01
   1.58116962000000e+08   1.21529774332885e-06   2.50544327721075e+01
   1.58516965000000e+08   2.20145057028276e-06   2.50544327721075e+01
   1.93519657000000e+08  -2.08565010689199e-03   2.50144012070648e+01
   1.93919660000000e+08   2.24642212742765e-06   2.49943854245411e+01
   1.94319663000000e+08   1.55196357809473e-06   2.50464264590994e+01
   1.94719665000000e+08   1.38335155952518e-06   2.49983885810460e+01
   1.95119668000000e+08   2.41531961364672e-06   2.50864580241371e+01
   1.95519670000000e+08   2.14849956137186e-06   2.49903822680362e+01
   1.95919673000000e+08   2.40472945733927e-06   2.50304138330826e+01
   1.96319676000000e+08   1.72868021763861e-06   2.49823759550261e+01
   1.96719678000000e+08   1.82167059392668e-06   2.51465053716819e+01
   1.97119681000000e+08   2.50469361162686e-06   2.50384201460911e+01
   1.97519683000000e+08   2.12650661524094e-06   2.49863791115312e+01
   1.97919686000000e+08   2.26392853619473e-06   2.52225653452185e+01
   1.98319689000000e+08   1.87480304703058e-06   2.49623601725000e+01
   1.98719691000000e+08   1.69025952345692e-06   2.52986253187327e+01
   1.99119694000000e+08   2.33773107538582e-06   2.45580413651338e+01
   1.99519696000000e+08   2.17913725464314e-06   2.49663633290053e+01
   1.99919699000000e+08   2.62889443547465e-06   2.50144012070648e+01
   2.00319702000000e+08   1.99590044758224e-06   2.50063948940555e+01
   2.00719704000000e+08   1.96548126041307e-06   2.49623601725000e+01
   2.01119707000000e+08   2.47946809395216e-06   2.50144012070648e+01
   2.01519709000000e+08   1.85432895705162e-06   2.49903822680362e+01
   2.01919712000000e+08   1.81227551365737e-06   2.50784517111300e+01
   2.02319715000000e+08   1.41970815548120e-06   2.50144012070648e+01
   2.02719717000000e+08   1.27847852127161e-06   2.50063948940555e+01
   2.03119720000000e+08   1.68309645687259e-06   2.50264106765782e+01
