   4.00003000000000e+05   1.91336880561721e-06   2.54747642046797e+01
   8.00005000000000e+05   2.01055604520661e-06   2.48903033553927e+01
   1.20000800000000e+06   1.82910730472940e-06   2.48983096684056e+01
   1.60001000000000e+06   2.06366416932724e-06   2.49463475464779e+01
   2.00001300000000e+06   1.90060870863817e-06   2.50624390851152e+01
   2.40001600000000e+06   2.01112675313198e-06   2.50264106765782e+01
   2.80001800000000e+06   1.98224302039307e-06   2.48782938858728e+01
   3.20002100000000e+06   1.95722941498389e-06   2.51264895891685e+01
   3.60002300000000e+06   2.06250956580334e-06   2.49783727985210e+01
   4.00002600000000e+06   2.04280695470516e-06   2.50384201460911e+01
   4.40002800000000e+06   2.27289342547010e-06   2.50384201460911e+01
   4.80003100000000e+06   2.26193446906109e-06   2.50584359286114e+01
   5.20003400000000e+06   2.14905821849243e-06   2.50864580241371e+01
   5.60003600000000e+06   2.34495223594422e-06   2.51865369367039e+01
   6.00003900000000e+06   2.07134553420474e-06   2.50664422416190e+01
   6.40004100000000e+06   2.25392773245403e-06   2.48582781033385e+01
   6.80004400000000e+06   2.13068210541678e-06   2.49383412334665e+01
   7.20004700000000e+06   2.18399941331882e-06   2.46260950258248e+01
   7.60004900000000e+06   2.25215990212746e-06   2.52065527192126e+01
   8.00005200000000e+06   1.90060404747783e-06   2.50184043635693e+01
   8.40005400000000e+06   1.95720940610045e-06   2.49543538594890e+01
   8.80005700000000e+06   1.87758234915236e-06   2.48422654773099e+01
   9.20006000000000e+06   1.84279338100168e-06   2.50023917375508e+01
   9.60006200000000e+06   1.93047867469431e-06   2.48102402252496e+01
   4.20504520000000e+07  -2.04723677597940e-03   2.52225653452185e+01
   4.24504540000000e+07   2.44703073803976e-06   2.48502717903243e+01
   4.28504570000000e+07   2.06906133826124e-06   2.48382623208026e+01
   4.32504590000000e+07   1.03273680451821e-06   2.51785306237000e+01
   4.36504620000000e+07   2.24258724301762e-06   2.49823759550261e+01
   4.40504640000000e+07  -2.21211408302224e-07   2.50184043635693e+01
   4.44504670000000e+07   2.62836692854762e-06   2.51745274671980e+01
   4.48504700000000e+07   1.56170438003755e-06   2.53146379447328e+01
   4.52504720000000e+07   8.45472754917864e-07   2.49663633290053e+01
   4.56504750000000e+07   1.91013850781019e-06   2.50784517111300e+01
   4.60504770000000e+07   2.90251534806885e-07   2.50103980505602e+01
   4.64504800000000e+07   3.00728174806864e-06   2.51184832761627e+01
   4.68504830000000e+07   1.65324411227630e-06   2.51985464062093e+01
   4.72504850000000e+07   1.22928508972109e-06   2.51104769631567e+01
   4.76504880000000e+07   2.12038708014006e-06   2.49943854245411e+01
   4.80504900000000e+07   8.21798494143877e-07   2.51425022151793e+01
   4.84504930000000e+07   3.48918683812371e-06   2.51865369367039e+01
   4.88504960000000e+07   1.73084038124216e-06   2.52625969102287e+01
   4.92504980000000e+07   1.42778412737243e-06   2.50384201460911e+01
   4.96505010000000e+07   2.55782947533589e-06   2.52585937537280e+01
   5.00505030000000e+07   1.10488917925977e-06   2.51465053716819e+01
   5.04505060000000e+07   3.64869947588886e-06   2.52305716582210e+01
   5.08505090000000e+07   1.41516022722499e-06   2.49623601725000e+01
   5.12505110000000e+07   1.76797982476273e-06   2.49503507029835e+01
   5.16505140000000e+07   2.62065577771864e-06   2.49103191379245e+01
   9.54296990000000e+07   4.58687497302890e-03   2.50624390851152e+01
   9.58297020000000e+07   2.89569811684487e-06   2.50304138330826e+01
   9.62297040000000e+07   8.85905251379882e-07   2.51184832761627e+01
   9.66297070000000e+07   2.21512300413451e-06   2.50584359286114e+01
   9.70297100000000e+07   1.19586627533863e-06   2.50103980505602e+01
   9.74297120000000e+07   1.30229932437942e-06   2.50464264590994e+01
   9.78297150000000e+07   2.60923843597993e-06   2.49303349204548e+01
   9.82297170000000e+07   1.07043808839080e-06   2.49623601725000e+01
   9.86297200000000e+07   2.13584507946507e-06   2.49903822680362e+01
   9.90297230000000e+07   1.39823396239080e-06   2.50063948940555e+01
   9.94297250000000e+07   1.64660093560087e-06   2.50544327721075e+01
   9.98297280000000e+07   2.60368165072578e-06   2.50264106765782e+01
   1.00229730000000e+08   8.52592961564369e-07   2.49263317639489e+01
   1.00629733000000e+08   2.27724308388133e-06   2.50103980505602e+01
   1.01029736000000e+08   1.31831473026978e-06   2.50184043635693e+01
   1.01429738000000e+08   1.86517593192548e-06   2.50184043635693e+01
   1.01829741000000e+08   2.49510139838094e-06   2.50384201460911e+01
   1.02229743000000e+08   1.05235778846691e-06   2.50424233025953e+01
   1.02629746000000e+08   2.42126770899631e-06   2.51224864326656e+01
   1.03029749000000e+08   1.44120406275761e-06   2.50624390851152e+01
   1.03429751000000e+08   2.03692547984247e-06   2.50544327721075e+01
   1.03829754000000e+08   2.40945541918336e-06   2.51985464062093e+01
   1.04229756000000e+08   9.99972712634190e-07   2.50184043635693e+01
   1.04629759000000e+08   2.33659579862433e-06   2.49943854245411e+01
   1.05029762000000e+08   1.46754371144198e-06   2.49823759550261e+01
   1.48673446000000e+08  -4.18434897437692e-03   2.50464264590994e+01
   1.49073449000000e+08   1.14754163860198e-06   2.49303349204548e+01
   1.49473451000000e+08   3.00386682283715e-06   2.50063948940555e+01
   1.49873454000000e+08   2.17387992051954e-06   2.50464264590994e+01
   1.50273456000000e+08   1.20852382679004e-06   2.50304138330826e+01
   1.50673459000000e+08   1.38013069772569e-06   2.50224075200738e+01
   1.51073462000000e+08   1.47947378081881e-06   2.49863791115312e+01
   1.51473464000000e+08   2.86872909782687e-06   2.50624390851152e+01
   1.51873467000000e+08   1.76569278664829e-06   2.48983096684056e+01
   1.52273469000000e+08   8.61291312048706e-07   2.49863791115312e+01
   1.52673472000000e+08   1.43464114898961e-06   2.50784517111300e+01
   1.53073474000000e+08   1.51258166170010e-06   2.50864580241371e+01
   1.53473477000000e+08   2.60629167314619e-06   2.49983885810460e+01
   1.53873480000000e+08   1.41852706292411e-06   2.50184043635693e+01
   1.54273482000000e+08   1.18956234018697e-06   2.49863791115312e+01
   1.54673485000000e+08   1.88082481145102e-06   2.50264106765782e+01
   1.55073487000000e+08   2.03456784220180e-06   2.49823759550261e+01
   1.55473490000000e+08   2.73428190666891e-06   2.49823759550261e+01
   1.55873493000000e+08   1.31370234157657e-06   2.49943854245411e+01
   1.56273495000000e+08   1.24685334412789e-06   2.49343380769607e+01
   1.56673498000000e+08   2.01131433641422e-06   2.50144012070648e+01
   1.57073500000000e+08   2.01377019948268e-06   2.50464264590994e+01
   1.57473503000000e+08   2.40038275478582e-06   2.49783727985210e+01
   1.57873506000000e+08   1.15288082724874e-06   2.49983885810460e+01
   1.58273508000000e+08   1.58901423219504e-06   2.49583570159945e+01
   1.93270864000000e+08   2.35490011982620e-03   2.50023917375508e+01
   1.93670867000000e+08   3.63458229912794e-06   2.50144012070648e+01
   1.94070869000000e+08   1.90662183285895e-06   2.50384201460911e+01
   1.94470872000000e+08   1.79556718649110e-06   2.51745274671980e+01
   1.94870875000000e+08   3.88274457918669e-07   2.50584359286114e+01
   1.95270877000000e+08   5.75587577600345e-08   2.50904611806405e+01
   1.95670880000000e+08   3.72406748283538e-06   2.51344959021740e+01
   1.96070882000000e+08   1.83058989478013e-06   2.50944643371439e+01
   1.96470885000000e+08   1.60610898092273e-06   2.48983096684056e+01
   1.96870888000000e+08   5.65880213798664e-07   2.49423443899722e+01
   1.97270890000000e+08   1.08826270661666e-06   2.50344169895869e+01
   1.97670893000000e+08   4.06704612032627e-06   2.51384990586767e+01
   1.98070895000000e+08   1.22668745916599e-06   2.50784517111300e+01
   1.98470898000000e+08   1.21901666716440e-06   2.50824548676336e+01
   1.98870901000000e+08   6.42776399217837e-07   2.49303349204548e+01
   1.99270903000000e+08   1.63651930051856e-06   2.49263317639489e+01
   1.99670906000000e+08   3.76511411559477e-06   2.49703664855106e+01
   2.00070908000000e+08   8.47665489800420e-07   2.50464264590994e+01
   2.00470911000000e+08   1.30789396735054e-06   2.49903822680362e+01
   2.00870913000000e+08   9.37889751639887e-07   2.48983096684056e+01
   2.01270916000000e+08   2.12209988603718e-06   2.50063948940555e+01
   2.01670919000000e+08   3.49625997841940e-06   2.49663633290053e+01
   2.02070921000000e+08   5.74321688873169e-07   2.49303349204548e+01
   2.02470924000000e+08   1.33398680191021e-06   2.48983096684056e+01
   2.02870926000000e+08   1.36778078285715e-06   2.51625179976914e+01
