   4.00002000000000e+05   1.62996411745553e-06   2.50384201460911e+01
   8.00005000000000e+05   1.65212884439825e-06   2.50264106765782e+01
   1.20000700000000e+06   1.75758111709001e-06   2.49623601725000e+01
   1.60001000000000e+06   1.56776820858795e-06   2.50784517111300e+01
   2.00001300000000e+06   1.76661967543623e-06   2.49663633290053e+01
   2.40001500000000e+06   1.78657217020373e-06   2.50224075200738e+01
   2.80001800000000e+06   1.90688172096998e-06   2.49783727985210e+01
   3.20002100000000e+06   1.97932081391627e-06   2.49063159814183e+01
   3.60002300000000e+06   1.95313282347342e-06   2.49943854245411e+01
   4.00002600000000e+06   1.94332847058831e-06   2.49143222944307e+01
   4.40002800000000e+06   1.86268096058484e-06   2.50304138330826e+01
   4.80003100000000e+06   1.69940551586478e-06   2.49223286074429e+01
   5.20003400000000e+06   1.67774828696565e-06   2.50464264590994e+01
   5.60003600000000e+06   1.69082511547458e-06   2.50624390851152e+01
   6.00003900000000e+06   1.70079840700055e-06   2.50023917375508e+01
   6.40004200000000e+06   1.79022617885494e-06   2.49183254509368e+01
   6.80004400000000e+06   1.93789310287684e-06   2.50144012070648e+01
   7.20004700000000e+06   1.84924829227384e-06   2.48943065118992e+01
   7.60004900000000e+06   1.98067527890089e-06   2.50184043635693e+01
   8.00005200000000e+06   1.71857141140208e-06   2.50344169895869e+01
   8.40005500000000e+06   1.98337124857062e-06   2.50384201460911e+01
   8.80005700000000e+06   1.75801403656806e-06   2.50023917375508e+01
   9.20006000000000e+06   1.70644500485650e-06   2.49783727985210e+01
   9.60006300000000e+06   1.94493532035267e-06   2.50504296156035e+01
   4.22191270000000e+07   2.33595003373921e-03   2.50864580241371e+01
   4.26191290000000e+07   3.03257365885656e-06   2.50544327721075e+01
   4.30191320000000e+07   1.58123532401078e-06   2.50103980505602e+01
   4.34191350000000e+07   2.16275543607480e-06   2.50544327721075e+01
   4.38191370000000e+07   1.24557436720352e-06   2.50103980505602e+01
   4.42191400000000e+07   1.51644394463801e-06   2.50664422416190e+01
   4.46191430000000e+07   2.94646588372416e-06   2.49223286074429e+01
   4.50191450000000e+07   1.56443331889022e-06   2.50344169895869e+01
   4.54191480000000e+07   2.08983146876562e-06   2.49663633290053e+01
   4.58191500000000e+07   1.17205922833818e-06   2.49463475464779e+01
   4.62191530000000e+07   1.88150079338811e-06   2.49023128249120e+01
   4.66191560000000e+07   3.10949053528020e-06   2.49023128249120e+01
   4.70191580000000e+07   1.41924681429373e-06   2.49183254509368e+01
   4.74191610000000e+07   2.05599303626514e-06   2.49863791115312e+01
   4.78191640000000e+07   1.53950384174095e-06   2.49903822680362e+01
   4.82191660000000e+07   2.38584971157252e-06   2.48863001988861e+01
   4.86191690000000e+07   2.77650769930915e-06   2.50103980505602e+01
   4.90191710000000e+07   1.23305471788626e-06   2.50704453981228e+01
   4.94191740000000e+07   2.31224635172111e-06   2.50103980505602e+01
   4.98191770000000e+07   1.66071401963563e-06   2.50464264590994e+01
   5.02191790000000e+07   2.46847002927097e-06   2.51024706501504e+01
   5.06191820000000e+07   2.47634466177260e-06   2.50304138330826e+01
   5.10191850000000e+07   1.09870768483233e-06   2.50824548676336e+01
   5.14191870000000e+07   2.01693069357134e-06   2.50624390851152e+01
   5.18191900000000e+07   1.44592706874391e-06   2.50103980505602e+01
   9.55611870000000e+07  -4.16852487251163e-03   2.50063948940555e+01
   9.59611900000000e+07   5.80208165956719e-07   2.50464264590994e+01
   9.63611930000000e+07   1.35167522330448e-06   2.50344169895869e+01
   9.67611950000000e+07   1.58403634031856e-06   2.50224075200738e+01
   9.71611980000000e+07   4.75810384159558e-06   2.50784517111300e+01
   9.75612000000000e+07   6.57626401334710e-07   2.50304138330826e+01
   9.79612030000000e+07   6.35154719930142e-07   2.49503507029835e+01
   9.83612060000000e+07   1.99078181140067e-06   2.50464264590994e+01
   9.87612080000000e+07   1.78456582489162e-06   2.50144012070648e+01
   9.91612110000000e+07   4.10051734434091e-06   2.49983885810460e+01
   9.95612140000000e+07  -6.33876240385689e-09   2.49383412334665e+01
   9.99612160000000e+07   8.86789166543167e-07   2.50624390851152e+01
   1.00361219000000e+08   2.08363303499937e-06   2.51104769631567e+01
   1.00761221000000e+08   2.21505229092145e-06   2.49983885810460e+01
   1.01161224000000e+08   3.61464913112286e-06   2.50704453981228e+01
   1.01561227000000e+08  -4.36057092656483e-07   2.51064738066536e+01
   1.01961229000000e+08   1.27523242099414e-06   2.50864580241371e+01
   1.02361232000000e+08   2.67570339929080e-06   2.50023917375508e+01
   1.02761235000000e+08   2.08368032872386e-06   2.50624390851152e+01
   1.03161237000000e+08   2.72648753707472e-06   2.50544327721075e+01
   1.03561240000000e+08  -7.98653445599484e-07   2.50224075200738e+01
   1.03961243000000e+08   1.96850805878057e-06   2.49863791115312e+01
   1.04361245000000e+08   2.68341068476730e-06   2.49783727985210e+01
   1.04761248000000e+08   1.76561172793299e-06   2.50424233025953e+01
   1.05161250000000e+08   2.26091401600570e-06   2.49903822680362e+01
   1.48770501000000e+08   4.57464996725321e-03   2.50744485546264e+01
   1.49170503000000e+08   1.51251992974721e-06   2.50424233025953e+01
   1.49570506000000e+08   1.39488349759631e-06   2.50464264590994e+01
   1.49970509000000e+08   1.96676955965813e-06   2.50984674936472e+01
   1.50370511000000e+08   1.98037332665990e-06   2.51545116846868e+01
   1.50770514000000e+08   2.46707440965110e-06   2.50744485546264e+01
   1.51170517000000e+08   1.03789432159829e-06   2.50864580241371e+01
   1.51570519000000e+08   1.40851045671297e-06   2.51505085281844e+01
   1.51970522000000e+08   2.22258586290991e-06   2.50824548676336e+01
   1.52370524000000e+08   1.97512099475716e-06   2.50784517111300e+01
   1.52770527000000e+08   2.05487299353990e-06   2.50664422416190e+01
   1.53170530000000e+08   9.66157813309110e-07   2.50624390851152e+01
   1.53570532000000e+08   1.87913985882915e-06   2.50023917375508e+01
   1.53970535000000e+08   2.20622723645647e-06   2.50304138330826e+01
   1.54370538000000e+08   1.69222971635463e-06   2.49743696420159e+01
   1.54770540000000e+08   1.90593186744081e-06   2.49583570159945e+01
   1.55170543000000e+08   1.16272940431372e-06   2.50264106765782e+01
   1.55570545000000e+08   1.84515977252886e-06   2.50744485546264e+01
   1.55970548000000e+08   1.95478673958860e-06   2.50704453981228e+01
   1.56370551000000e+08   1.90742207450967e-06   2.51825337802020e+01
   1.56770553000000e+08   1.81556481493317e-06   2.49983885810460e+01
   1.57170556000000e+08   9.66667016655265e-07   2.50264106765782e+01
   1.57570559000000e+08   2.04658681468572e-06   2.51304927456713e+01
   1.57970561000000e+08   1.99779037757253e-06   2.51264895891685e+01
   1.58370564000000e+08   1.73263481428876e-06   2.50224075200738e+01
   1.93259089000000e+08  -2.02323775738478e-03   2.50023917375508e+01
   1.93659091000000e+08   9.44885471199086e-07   2.49863791115312e+01
   1.94059094000000e+08   1.21731898161670e-06   2.50384201460911e+01
   1.94459096000000e+08   1.00704289707210e-06   2.49423443899722e+01
   1.94859099000000e+08   1.83699012268335e-06   2.50063948940555e+01
   1.95259102000000e+08   3.20814319820784e-06   2.50344169895869e+01
   1.95659104000000e+08   4.84208158013644e-07   2.50264106765782e+01
   1.96059107000000e+08   1.00801855751342e-06   2.49983885810460e+01
   1.96459110000000e+08   1.42300643801718e-06   2.49183254509368e+01
   1.96859112000000e+08   1.79680807832483e-06   2.50584359286114e+01
   1.97259115000000e+08   2.80375411421119e-06   2.50704453981228e+01
   1.97659117000000e+08   8.93738487661722e-08   2.50464264590994e+01
   1.98059120000000e+08   1.37930408072862e-06   2.50063948940555e+01
   1.98459123000000e+08   1.55666941736854e-06   2.50144012070648e+01
   1.98859125000000e+08   2.30656473831914e-06   2.50304138330826e+01
   1.99259128000000e+08   2.75520164905174e-06   2.50864580241371e+01
   1.99659131000000e+08   2.47756304361246e-07   2.51304927456713e+01
   2.00059133000000e+08   1.77140225332550e-06   2.50664422416190e+01
   2.00459136000000e+08   2.02489445655374e-06   2.49623601725000e+01
   2.00859138000000e+08   2.54774295171956e-06   2.50664422416190e+01
   2.01259141000000e+08   2.15756358556973e-06   2.50063948940555e+01
   2.01659144000000e+08   4.27011286774359e-07   2.50544327721075e+01
   2.02059146000000e+08   2.37200561059581e-06   2.50184043635693e+01
   2.02459149000000e+08   2.26794782065554e-06   2.50864580241371e+01
   2.02859152000000e+08   2.03055242309347e-06   2.50424233025953e+01
