   4.00003000000000e+05   1.53173039052490e-06   2.49663633290053e+01
   8.00005000000000e+05   1.91734625332174e-06   2.49983885810460e+01
   1.20000800000000e+06   1.64238383604243e-06   2.50824548676336e+01
   1.60001100000000e+06   1.80679353434243e-06   2.50424233025953e+01
   2.00001300000000e+06   1.71149247307767e-06   2.49983885810460e+01
   2.40001600000000e+06   1.48883702877356e-06   2.50784517111300e+01
   2.80001900000000e+06   1.86186628070573e-06   2.51104769631567e+01
   3.20002100000000e+06   1.52986433477054e-06   2.50704453981228e+01
   3.60002400000000e+06   1.73399473624158e-06   2.51224864326656e+01
   4.00002600000000e+06   1.73684236415284e-06   2.50304138330826e+01
   4.40002900000000e+06   1.70841894941987e-06   2.51585148411891e+01
   4.80003200000000e+06   1.86967952231498e-06   2.50103980505602e+01
   5.20003400000000e+06   1.57008582846174e-06   2.50063948940555e+01
   5.60003700000000e+06   1.79879305051145e-06   2.49983885810460e+01
   6.00004000000000e+06   1.79275730260997e-06   2.49343380769607e+01
   6.40004200000000e+06   1.55254485889600e-06   2.49463475464779e+01
   6.80004500000000e+06   1.93107166523987e-06   2.50424233025953e+01
   7.20004700000000e+06   1.56896771841275e-06   2.50904611806405e+01
   7.60005000000000e+06   1.88452827387664e-06   2.49663633290053e+01
   8.00005300000000e+06   1.52554514443182e-06   2.50304138330826e+01
   8.40005500000000e+06   1.70053135661874e-06   2.50023917375508e+01
   8.80005800000000e+06   1.66895495112840e-06   2.49703664855106e+01
   9.20006000000000e+06   1.52440304646007e-06   2.50344169895869e+01
   9.60006300000000e+06   1.67696452990640e-06   2.51665211541937e+01
   4.23354760000000e+07   2.35273758880794e-03   2.49303349204548e+01
   4.27354780000000e+07   1.63540914854821e-06   2.48702875728593e+01
   4.31354810000000e+07   6.24396250259451e-07   2.50224075200738e+01
   4.35354840000000e+07   3.20691515298677e-06   2.49943854245411e+01
   4.39354860000000e+07   9.91778961179079e-07   2.49823759550261e+01
   4.43354890000000e+07   2.33656760428858e-06   2.51104769631567e+01
   4.47354910000000e+07   1.13073883767356e-06   2.50063948940555e+01
   4.51354940000000e+07   5.74140869957773e-07   2.49823759550261e+01
   4.55354970000000e+07   3.23647395816806e-06   2.50144012070648e+01
   4.59354990000000e+07   1.03455602129543e-06   2.50464264590994e+01
   4.63355020000000e+07   2.15548539017618e-06   2.49983885810460e+01
   4.67355040000000e+07   1.11654787815496e-06   2.49863791115312e+01
   4.71355070000000e+07   1.30453133806441e-06   2.51064738066536e+01
   4.75355100000000e+07   3.28769897350867e-06   2.49623601725000e+01
   4.79355120000000e+07   1.01635953342338e-06   2.50704453981228e+01
   4.83355150000000e+07   2.80117978945782e-06   2.50544327721075e+01
   4.87355180000000e+07   1.66888037256285e-06   2.50224075200738e+01
   4.91355200000000e+07   1.80688095952064e-06   2.50464264590994e+01
   4.95355230000000e+07   3.33401931129629e-06   2.50344169895869e+01
   4.99355250000000e+07   1.06212394257454e-06   2.50864580241371e+01
   5.03355280000000e+07   2.44690704676032e-06   2.50544327721075e+01
   5.07355310000000e+07   1.16255864668346e-06   2.50063948940555e+01
   5.11355330000000e+07   1.75770719579305e-06   2.49783727985210e+01
   5.15355360000000e+07   3.16483078677265e-06   2.50744485546264e+01
   5.19355380000000e+07   7.61719491038093e-07   2.50624390851152e+01
   9.54094930000000e+07  -4.19364962726831e-03   2.50063948940555e+01
   9.58094960000000e+07   6.38436972622003e-07   2.50103980505602e+01
   9.62094980000000e+07   9.01566636457574e-07   2.50704453981228e+01
   9.66095010000000e+07   2.08818460123439e-06   2.50504296156035e+01
   9.70095040000000e+07   4.37139806308551e-06   2.50424233025953e+01
   9.74095060000000e+07   2.36086884797260e-06   2.49903822680362e+01
   9.78095090000000e+07   3.98423139813531e-07   2.49983885810460e+01
   9.82095110000000e+07   1.38782411340799e-06   2.49863791115312e+01
   9.86095140000000e+07   2.67808286480431e-06   2.50103980505602e+01
   9.90095170000000e+07   4.20590595240355e-06   2.50744485546264e+01
   9.94095190000000e+07   1.76064929746644e-06   2.50103980505602e+01
   9.98095220000000e+07   3.04983331034236e-07   2.50144012070648e+01
   1.00209525000000e+08   1.61413390742382e-06   2.50184043635693e+01
   1.00609527000000e+08   2.60153092312976e-06   2.49983885810460e+01
   1.01009530000000e+08   3.59582668352232e-06   2.49223286074429e+01
   1.01409532000000e+08   1.05065396382997e-06   2.49743696420159e+01
   1.01809535000000e+08   3.64514420425621e-07   2.50264106765782e+01
   1.02209538000000e+08   2.04196453523764e-06   2.50063948940555e+01
   1.02609540000000e+08   2.86199792753905e-06   2.50464264590994e+01
   1.03009543000000e+08   3.21987249662925e-06   2.49783727985210e+01
   1.03409545000000e+08   7.11254699581332e-07   2.49663633290053e+01
   1.03809548000000e+08   3.76141912283856e-07   2.50224075200738e+01
   1.04209551000000e+08   2.12301051760733e-06   2.50063948940555e+01
   1.04609553000000e+08   2.41616453422466e-06   2.50023917375508e+01
   1.05009556000000e+08   2.41908901443821e-06   2.50063948940555e+01
   1.48680414000000e+08   4.59487596526742e-03   2.50063948940555e+01
   1.49080416000000e+08   2.32806291933230e-06   2.50504296156035e+01
   1.49480419000000e+08   6.59367060507066e-07   2.49943854245411e+01
   1.49880422000000e+08   4.18836680182721e-06   2.50544327721075e+01
   1.50280424000000e+08   1.10592429791723e-06   2.50584359286114e+01
   1.50680427000000e+08   4.53848031156667e-07   2.50544327721075e+01
   1.51080429000000e+08   2.92360641651612e-06   2.50184043635693e+01
   1.51480432000000e+08   1.14374381610105e-06   2.51384990586767e+01
   1.51880435000000e+08   4.06628805649234e-06   2.50704453981228e+01
   1.52280437000000e+08   7.71551469824772e-07   2.50824548676336e+01
   1.52680440000000e+08   7.91109926012723e-07   2.51224864326656e+01
   1.53080442000000e+08   3.00793522001186e-06   2.51184832761627e+01
   1.53480445000000e+08   1.36125947847177e-06   2.50944643371439e+01
   1.53880448000000e+08   3.56019927494344e-06   2.50304138330826e+01
   1.54280450000000e+08   1.28725716308509e-07   2.50344169895869e+01
   1.54680453000000e+08   7.62259446673852e-07   2.51264895891685e+01
   1.55080456000000e+08   2.76926380138320e-06   2.50384201460911e+01
   1.55480458000000e+08   1.11728627416596e-06   2.50824548676336e+01
   1.55880461000000e+08   3.30776947521372e-06   2.49783727985210e+01
   1.56280463000000e+08   1.58634676949987e-07   2.49983885810460e+01
   1.56680466000000e+08   1.42855230933492e-06   2.50344169895869e+01
   1.57080469000000e+08   3.02063654089579e-06   2.49343380769607e+01
   1.57480471000000e+08   1.30978560264339e-06   2.50103980505602e+01
   1.57880474000000e+08   3.27341126649117e-06   2.49783727985210e+01
   1.58280476000000e+08   2.87712452973210e-07   2.50624390851152e+01
   1.93227701000000e+08  -2.03487486578524e-03   2.50504296156035e+01
   1.93627704000000e+08   1.23631684800785e-06   2.51024706501504e+01
   1.94027706000000e+08   2.19706407733611e-06   2.50023917375508e+01
   1.94427709000000e+08   7.00415512255859e-07   2.49903822680362e+01
   1.94827712000000e+08   1.31586568841158e-06   2.50664422416190e+01
   1.95227714000000e+08   3.73505781681160e-06   2.50344169895869e+01
   1.95627717000000e+08   1.15523550903163e-06   2.50784517111300e+01
   1.96027719000000e+08   1.96380960915121e-06   2.50904611806405e+01
   1.96427722000000e+08   7.91764477980905e-07   2.49863791115312e+01
   1.96827725000000e+08   1.51716835716798e-06   2.50464264590994e+01
   1.97227727000000e+08   3.45381795341382e-06   2.50063948940555e+01
   1.97627730000000e+08   7.99838005605125e-07   2.50023917375508e+01
   1.98027733000000e+08   1.88430271919060e-06   2.50304138330826e+01
   1.98427735000000e+08   9.04415344393783e-07   2.50424233025953e+01
   1.98827738000000e+08   1.96922610484762e-06   2.50144012070648e+01
   1.99227740000000e+08   3.22166874866525e-06   2.50744485546264e+01
   1.99627743000000e+08   7.85556437676860e-07   2.49663633290053e+01
   2.00027746000000e+08   2.05345054382633e-06   2.50664422416190e+01
   2.00427748000000e+08   1.14648946691887e-06   2.50344169895869e+01
   2.00827751000000e+08   2.30786622523738e-06   2.50304138330826e+01
   2.01227753000000e+08   3.00090277960408e-06   2.49703664855106e+01
   2.01627756000000e+08   9.71223585111147e-07   2.50704453981228e+01
   2.02027759000000e+08   2.29017223318806e-06   2.50944643371439e+01
   2.02427761000000e+08   1.69605164046516e-06   2.50704453981228e+01
   2.02827764000000e+08   2.85030796476349e-06   2.50864580241371e+01
