   4.00002000000000e+05   1.92097718354489e-06   2.50184043635693e+01
   8.00005000000000e+05   1.92759284800559e-06   2.48702875728593e+01
   1.20000700000000e+06   1.75116247191909e-06   2.50344169895869e+01
   1.60001000000000e+06   1.85248302386753e-06   2.49303349204548e+01
   2.00001300000000e+06   1.60446927566227e-06   2.50344169895869e+01
   2.40001500000000e+06   1.61714558544190e-06   2.49823759550261e+01
   2.80001800000000e+06   1.50213656979759e-06   2.49583570159945e+01
   3.20002000000000e+06   1.40110978463781e-06   2.49583570159945e+01
   3.60002300000000e+06   1.64219557063916e-06   2.49743696420159e+01
   4.00002600000000e+06   1.49429013163171e-06   2.49663633290053e+01
   4.40002800000000e+06   1.82438736828772e-06   2.50664422416190e+01
   4.80003100000000e+06   1.68824817592395e-06   2.50384201460911e+01
   5.20003300000000e+06   1.62009280302300e-06   2.49503507029835e+01
   5.60003600000000e+06   1.77730180439539e-06   2.50384201460911e+01
   6.00003900000000e+06   1.66229290243791e-06   2.49983885810460e+01
   6.40004100000000e+06   1.91501908375358e-06   2.49543538594890e+01
   6.80004400000000e+06   1.79705148184439e-06   2.49703664855106e+01
   7.20004600000000e+06   1.75799368662410e-06   2.49983885810460e+01
   7.60004900000000e+06   1.95291568161338e-06   2.50023917375508e+01
   8.00005100000000e+06   1.78106415660295e-06   2.50304138330826e+01
   8.40005400000000e+06   1.98181783161999e-06   2.50744485546264e+01
   8.80005700000000e+06   1.86545128144644e-06   2.49143222944307e+01
   9.20005900000000e+06   1.90525702237210e-06   2.50664422416190e+01
   9.60006200000000e+06   2.06153526960406e-06   2.49823759550261e+01
   4.23514060000000e+07  -2.05937447026372e-03   2.49143222944307e+01
   4.27514080000000e+07   1.74962042365223e-06   2.49743696420159e+01
   4.31514110000000e+07   2.02299611373746e-06   2.50864580241371e+01
   4.35514140000000e+07   2.48093101617997e-06   2.49663633290053e+01
   4.39514160000000e+07   5.43005512554373e-07   2.50063948940555e+01
   4.43514190000000e+07   1.37303811698075e-06   2.50584359286114e+01
   4.47514210000000e+07   2.16438252209628e-06   2.50464264590994e+01
   4.51514240000000e+07   2.13825569517212e-06   2.50624390851152e+01
   4.55514270000000e+07   2.42998385147075e-06   2.51024706501504e+01
   4.59514290000000e+07   7.47410751955613e-07   2.50384201460911e+01
   4.63514320000000e+07   1.50190464864863e-06   2.49623601725000e+01
   4.67514340000000e+07   2.20603283196397e-06   2.49623601725000e+01
   4.71514370000000e+07   2.05124410967983e-06   2.50464264590994e+01
   4.75514400000000e+07   2.39972223425866e-06   2.50544327721075e+01
   4.79514420000000e+07   6.93474078161671e-07   2.50264106765782e+01
   4.83514450000000e+07   1.82986764230009e-06   2.50944643371439e+01
   4.87514470000000e+07   2.28338922170224e-06   2.50584359286114e+01
   4.91514500000000e+07   2.24121663450205e-06   2.50424233025953e+01
   4.95514530000000e+07   2.06961567528197e-06   2.50384201460911e+01
   4.99514550000000e+07   8.60475438457797e-07   2.50184043635693e+01
   5.03514580000000e+07   2.01213856598770e-06   2.50704453981228e+01
   5.07514600000000e+07   2.43797330767848e-06   2.49703664855106e+01
   5.11514630000000e+07   2.07361608772771e-06   2.51024706501504e+01
   5.15514650000000e+07   2.07154084819194e-06   2.49823759550261e+01
   5.19514680000000e+07   1.02930414414004e-06   2.49423443899722e+01
   9.56969670000000e+07   4.62275044992566e-03   2.50704453981228e+01
   9.60969700000000e+07   2.36725190916331e-06   2.50264106765782e+01
   9.64969730000000e+07   6.85543966483237e-07   2.50464264590994e+01
   9.68969750000000e+07   1.08710548829549e-06   2.50464264590994e+01
   9.72969780000000e+07   2.35470770348911e-06   2.50784517111300e+01
   9.76969800000000e+07   3.07356316398000e-07   2.50023917375508e+01
   9.80969830000000e+07   2.67403311227099e-06   2.50504296156035e+01
   9.84969860000000e+07   1.23297729714977e-06   2.50584359286114e+01
   9.88969880000000e+07   1.52386326135456e-06   2.51344959021740e+01
   9.92969910000000e+07   2.84544830719824e-06   2.50624390851152e+01
   9.96969930000000e+07   8.84155497260508e-07   2.50384201460911e+01
   1.00096996000000e+08   2.77577942142671e-06   2.49943854245411e+01
   1.00496999000000e+08   1.27960629470181e-06   2.50184043635693e+01
   1.00897001000000e+08   1.92032416634902e-06   2.50144012070648e+01
   1.01297004000000e+08   2.83868166661705e-06   2.50063948940555e+01
   1.01697006000000e+08   9.15415796498564e-07   2.50304138330826e+01
   1.02097009000000e+08   2.71897033599089e-06   2.50584359286114e+01
   1.02497011000000e+08   1.13616590624588e-06   2.49783727985210e+01
   1.02897014000000e+08   1.95900565813645e-06   2.50464264590994e+01
   1.03297017000000e+08   2.48821652348852e-06   2.50304138330826e+01
   1.03697019000000e+08   9.73046212493500e-07   2.50264106765782e+01
   1.04097022000000e+08   2.76017226497061e-06   2.50184043635693e+01
   1.04497024000000e+08   1.02599005913362e-06   2.49863791115312e+01
   1.04897027000000e+08   2.02494243239926e-06   2.50103980505602e+01
   1.05297030000000e+08   2.51613005275431e-06   2.51064738066536e+01
   1.49219718000000e+08  -4.21612476930022e-03   2.50063948940555e+01
   1.49619721000000e+08   2.50174662141944e-06   2.50063948940555e+01
   1.50019723000000e+08   1.27010389405768e-06   2.49663633290053e+01
   1.50419726000000e+08   2.39247583522229e-06   2.50544327721075e+01
   1.50819728000000e+08   1.02336127838498e-06   2.49983885810460e+01
   1.51219731000000e+08   2.33243054026389e-06   2.50864580241371e+01
   1.51619733000000e+08   2.05518222173851e-06   2.49983885810460e+01
   1.52019736000000e+08   1.43032013966149e-06   2.50464264590994e+01
   1.52419739000000e+08   2.54680458056100e-06   2.50304138330826e+01
   1.52819741000000e+08   1.59912008257379e-06   2.50304138330826e+01
   1.53219744000000e+08   2.62519984062237e-06   2.50584359286114e+01
   1.53619746000000e+08   2.52830500357959e-06   2.49863791115312e+01
   1.54019749000000e+08   1.51124186231755e-06   2.50744485546264e+01
   1.54419752000000e+08   2.62878188550530e-06   2.50584359286114e+01
   1.54819754000000e+08   1.52992629409709e-06   2.50103980505602e+01
   1.55219757000000e+08   2.61848822447064e-06   2.49943854245411e+01
   1.55619759000000e+08   2.37610493059037e-06   2.50744485546264e+01
   1.56019762000000e+08   1.52219888605032e-06   2.49343380769607e+01
   1.56419765000000e+08   2.49693721343647e-06   2.50784517111300e+01
   1.56819767000000e+08   1.66540485224687e-06   2.49703664855106e+01
   1.57219770000000e+08   2.54848532676988e-06   2.49503507029835e+01
   1.57619772000000e+08   2.27294003707357e-06   2.49943854245411e+01
   1.58019775000000e+08   1.28994327042165e-06   2.50864580241371e+01
   1.58419777000000e+08   1.97553026737296e-06   2.50304138330826e+01
   1.58819780000000e+08   9.84809048532043e-07   2.49903822680362e+01
   1.93629094000000e+08   2.36702500842512e-03   2.49823759550261e+01
   1.94029097000000e+08   1.94090443983441e-06   2.49543538594890e+01
   1.94429099000000e+08   8.50460310175549e-07   2.50264106765782e+01
   1.94829102000000e+08   3.89025899494300e-06   2.49903822680362e+01
   1.95229104000000e+08   2.26737620323547e-06   2.50103980505602e+01
   1.95629107000000e+08   2.73944715445396e-06   2.50424233025953e+01
   1.96029110000000e+08   1.69275108419242e-06   2.51024706501504e+01
   1.96429112000000e+08   8.00465102201997e-07   2.50704453981228e+01
   1.96829115000000e+08   3.67213874596928e-06   2.49783727985210e+01
   1.97229117000000e+08   2.05395599550684e-06   2.51024706501504e+01
   1.97629120000000e+08   2.28307703764585e-06   2.51184832761627e+01
   1.98029123000000e+08   1.46989884797222e-06   2.50224075200738e+01
   1.98429125000000e+08   9.12489099391678e-07   2.49943854245411e+01
   1.98829128000000e+08   3.72111321667035e-06   2.50904611806405e+01
   1.99229130000000e+08   1.46560307712207e-06   2.50224075200738e+01
   1.99629133000000e+08   2.34587378145079e-06   2.51425022151793e+01
   2.00029136000000e+08   1.05938556771434e-06   2.50304138330826e+01
   2.00429138000000e+08   1.43695854148973e-06   2.49103191379245e+01
   2.00829141000000e+08   3.13853161060251e-06   2.49863791115312e+01
   2.01229143000000e+08   1.77948538748751e-06   2.48863001988861e+01
   2.01629146000000e+08   1.68353631124774e-06   2.50103980505602e+01
   2.02029148000000e+08   1.52433779021521e-06   2.50063948940555e+01
   2.02429151000000e+08   1.01219541193132e-06   2.50304138330826e+01
   2.02829154000000e+08   3.38848849423812e-06   2.49943854245411e+01
   2.03229156000000e+08   1.16138778594177e-06   2.50584359286114e+01
