   4.00003000000000e+05   1.73449438989337e-06   2.50624390851152e+01
   8.00005000000000e+05   1.91093454304792e-06   2.50504296156035e+01
   1.20000800000000e+06   1.61815592036874e-06   2.49543538594890e+01
   1.60001100000000e+06   1.50311871038866e-06   2.49823759550261e+01
   2.00001300000000e+06   1.85526766927069e-06   2.50304138330826e+01
   2.40001600000000e+06   1.68340773143427e-06   2.50944643371439e+01
   2.80001800000000e+06   1.44720320349734e-06   2.50144012070648e+01
   3.20002100000000e+06   1.62246738000249e-06   2.50944643371439e+01
   3.60002400000000e+06   1.63321567470120e-06   2.49343380769607e+01
   4.00002600000000e+06   1.73826231275598e-06   2.49583570159945e+01
   4.40002900000000e+06   1.47341256706568e-06   2.50984674936472e+01
   4.80003200000000e+06   1.91054687093128e-06   2.51064738066536e+01
   5.20003400000000e+06   1.96659470930172e-06   2.50704453981228e+01
   5.60003700000000e+06   1.65467463375535e-06   2.50824548676336e+01
   6.00003900000000e+06   1.86424119874573e-06   2.51785306237000e+01
   6.40004200000000e+06   1.76465619006194e-06   2.50904611806405e+01
   6.80004500000000e+06   1.77674803580885e-06   2.51104769631567e+01
   7.20004700000000e+06   1.47261323490966e-06   2.52105558757142e+01
   7.60005000000000e+06   1.62674427883758e-06   2.51104769631567e+01
   8.00005300000000e+06   1.85214901193831e-06   2.50744485546264e+01
   8.40005500000000e+06   1.83926852059813e-06   2.51745274671980e+01
   8.80005800000000e+06   1.83770384865056e-06   2.50624390851152e+01
   9.20006100000000e+06   2.29321949518635e-06   2.50864580241371e+01
   9.60006300000000e+06   2.03438594326144e-06   2.51224864326656e+01
   4.21054820000000e+07   2.34068720601499e-03   2.50063948940555e+01
   4.25054850000000e+07   5.07202571498055e-07   2.50504296156035e+01
   4.29054880000000e+07   2.17536694435694e-06   2.50704453981228e+01
   4.33054900000000e+07   1.19913261187321e-06   2.49863791115312e+01
   4.37054930000000e+07   1.36810820094979e-06   2.49463475464779e+01
   4.41054960000000e+07   4.31090484198648e-06   2.50144012070648e+01
   4.45054980000000e+07   2.94143234214062e-07   2.50704453981228e+01
   4.49055010000000e+07   2.50971515924903e-06   2.50384201460911e+01
   4.53055030000000e+07   1.50393282183359e-06   2.50304138330826e+01
   4.57055060000000e+07   1.90070409189502e-06   2.49583570159945e+01
   4.61055090000000e+07   4.05276978199254e-06   2.50144012070648e+01
   4.65055110000000e+07   1.66259866318796e-07   2.50023917375508e+01
   4.69055140000000e+07   2.31962462748925e-06   2.49663633290053e+01
   4.73055170000000e+07   1.49452819186990e-06   2.50103980505602e+01
   4.77055190000000e+07   2.17479941966303e-06   2.50344169895869e+01
   4.81055220000000e+07   3.66303424925718e-06   2.50544327721075e+01
   4.85055240000000e+07  -2.56179589541716e-07   2.50184043635693e+01
   4.89055270000000e+07   2.45680712396279e-06   2.50144012070648e+01
   4.93055300000000e+07   1.56103340032132e-06   2.49943854245411e+01
   4.97055320000000e+07   2.38051347878354e-06   2.50384201460911e+01
   5.01055350000000e+07   2.83945064438740e-06   2.50424233025953e+01
   5.05055380000000e+07  -1.94311027712502e-07   2.49823759550261e+01
   5.09055400000000e+07   2.58362115346245e-06   2.48542749468314e+01
   5.13055430000000e+07   1.49491506817867e-06   2.50264106765782e+01
   5.17055450000000e+07   2.14534088627261e-06   2.49543538594890e+01
   9.50583860000000e+07  -4.17747534811497e-03   2.50544327721075e+01
   9.54583890000000e+07   1.92715879165917e-06   2.49743696420159e+01
   9.58583920000000e+07   2.02401542992448e-06   2.50144012070648e+01
   9.62583940000000e+07   1.36503308567626e-06   2.49743696420159e+01
   9.66583970000000e+07   2.05282663046091e-06   2.50103980505602e+01
   9.70584000000000e+07   2.05277387976821e-06   2.50144012070648e+01
   9.74584020000000e+07   1.85062003765779e-06   2.50544327721075e+01
   9.78584050000000e+07   1.77620859176386e-06   2.49983885810460e+01
   9.82584070000000e+07   1.10332939584623e-06   2.50464264590994e+01
   9.86584100000000e+07   1.86850604677602e-06   2.50744485546264e+01
   9.90584130000000e+07   2.31009175877261e-06   2.51705243106959e+01
   9.94584150000000e+07   1.55731265749637e-06   2.51425022151793e+01
   9.98584180000000e+07   1.47549064877239e-06   2.50504296156035e+01
   1.00258421000000e+08   1.13567955395411e-06   2.49863791115312e+01
   1.00658423000000e+08   2.19101184484316e-06   2.50904611806405e+01
   1.01058426000000e+08   1.70368753060757e-06   2.50344169895869e+01
   1.01458428000000e+08   1.11340841613128e-06   2.50544327721075e+01
   1.01858431000000e+08   1.41393945796153e-06   2.50304138330826e+01
   1.02258434000000e+08   1.40888187161181e-06   2.49463475464779e+01
   1.02658436000000e+08   2.02722299036395e-06   2.49263317639489e+01
   1.03058439000000e+08   1.77690765212901e-06   2.49703664855106e+01
   1.03458442000000e+08   1.42714213779982e-06   2.49543538594890e+01
   1.03858444000000e+08   1.61504897278064e-06   2.50264106765782e+01
   1.04258447000000e+08   1.37194547278341e-06   2.50664422416190e+01
   1.04658449000000e+08   2.28310432248691e-06   2.49503507029835e+01
   1.48107049000000e+08   4.58055036142468e-03   2.50304138330826e+01
   1.48507051000000e+08   9.11958238702937e-07   2.50103980505602e+01
   1.48907054000000e+08   3.28608120980789e-06   2.50464264590994e+01
   1.49307057000000e+08   2.13744715438224e-06   2.51224864326656e+01
   1.49707059000000e+08   1.50531411691190e-06   2.50264106765782e+01
   1.50107062000000e+08   1.50865685100143e-06   2.50464264590994e+01
   1.50507065000000e+08   9.09267896531674e-07   2.50744485546264e+01
   1.50907067000000e+08   3.85868361263420e-06   2.49703664855106e+01
   1.51307070000000e+08   1.62151138738409e-06   2.50384201460911e+01
   1.51707072000000e+08   1.27258294924104e-06   2.49743696420159e+01
   1.52107075000000e+08   1.39651524477813e-06   2.50224075200738e+01
   1.52507078000000e+08   1.71137673987687e-06   2.50864580241371e+01
   1.52907080000000e+08   3.50611276189738e-06   2.50464264590994e+01
   1.53307083000000e+08   1.16956869078422e-06   2.51304927456713e+01
   1.53707086000000e+08   1.35182870053541e-06   2.50264106765782e+01
   1.54107088000000e+08   1.85671842700685e-06   2.50624390851152e+01
   1.54507091000000e+08   1.80094639290473e-06   2.50784517111300e+01
   1.54907093000000e+08   3.01419595416519e-06   2.50744485546264e+01
   1.55307096000000e+08   9.74179783952422e-07   2.50784517111300e+01
   1.55707099000000e+08   1.40438532980625e-06   2.51344959021740e+01
   1.56107101000000e+08   1.64532457347377e-06   2.51425022151793e+01
   1.56507104000000e+08   2.00231602320855e-06   2.50544327721075e+01
   1.56907107000000e+08   2.69677389042045e-06   2.50664422416190e+01
   1.57307109000000e+08   3.99501715264705e-07   2.50023917375508e+01
   1.57707112000000e+08   1.31914578105352e-06   2.50624390851152e+01
   1.92352443000000e+08  -2.03327462077141e-03   2.49583570159945e+01
   1.92752446000000e+08   2.48162746174785e-06   2.49263317639489e+01
   1.93152449000000e+08   2.06206232178374e-06   2.49543538594890e+01
   1.93552451000000e+08   1.76123876372003e-06   2.50224075200738e+01
   1.93952454000000e+08   7.36562981273892e-07   2.50144012070648e+01
   1.94352456000000e+08   2.59815101344429e-06   2.50664422416190e+01
   1.94752459000000e+08   2.48332526098238e-06   2.50063948940555e+01
   1.95152462000000e+08   1.70232681284688e-06   2.50824548676336e+01
   1.95552464000000e+08   1.74082185822044e-06   2.49503507029835e+01
   1.95952467000000e+08   9.48477747897414e-07   2.50224075200738e+01
   1.96352470000000e+08   2.74342278316908e-06   2.50664422416190e+01
   1.96752472000000e+08   2.11817632589373e-06   2.50224075200738e+01
   1.97152475000000e+08   1.63181334755791e-06   2.50624390851152e+01
   1.97552477000000e+08   1.45117599004152e-06   2.50344169895869e+01
   1.97952480000000e+08   1.14472140921862e-06   2.50144012070648e+01
   1.98352483000000e+08   2.87925126940536e-06   2.50944643371439e+01
   1.98752485000000e+08   2.05074320547283e-06   2.49303349204548e+01
   1.99152488000000e+08   1.50460471104452e-06   2.50464264590994e+01
   1.99552491000000e+08   1.60057447828876e-06   2.49903822680362e+01
   1.99952493000000e+08   1.56480803070735e-06   2.49023128249120e+01
   2.00352496000000e+08   3.05400453726179e-06   2.49823759550261e+01
   2.00752498000000e+08   1.73786975210533e-06   2.49063159814183e+01
   2.01152501000000e+08   1.74127569607663e-06   2.50264106765782e+01
   2.01552504000000e+08   1.84456359875185e-06   2.50184043635693e+01
   2.01952506000000e+08   1.93503046830301e-06   2.49663633290053e+01
