   4.00002000000000e+05   3.04098148262710e-06   2.49823759550261e+01
   8.00005000000000e+05   2.59132639257587e-06   2.49663633290053e+01
   1.20000800000000e+06   2.46957074523380e-06   2.49783727985210e+01
   1.60001000000000e+06   2.08088022191077e-06   2.50784517111300e+01
   2.00001300000000e+06   2.22068774746731e-06   2.50264106765782e+01
   2.40001500000000e+06   2.30197156270151e-06   2.49303349204548e+01
   2.80001800000000e+06   2.02954424821655e-06   2.50264106765782e+01
   3.20002100000000e+06   2.40259828387934e-06   2.50944643371439e+01
   3.60002300000000e+06   2.13555904338136e-06   2.49783727985210e+01
   4.00002600000000e+06   2.27877330871706e-06   2.50704453981228e+01
   4.40002800000000e+06   2.31149465435010e-06   2.50384201460911e+01
   4.80003100000000e+06   2.07681182473607e-06   2.50344169895869e+01
   5.20003300000000e+06   2.24494488065830e-06   2.49943854245411e+01
   5.60003600000000e+06   1.94709559764306e-06   2.49783727985210e+01
   6.00003900000000e+06   2.08263645617990e-06   2.49983885810460e+01
   6.40004100000000e+06   2.15215345633624e-06   2.50704453981228e+01
   6.80004400000000e+06   1.78067011802341e-06   2.50224075200738e+01
   7.20004600000000e+06   1.64504683652922e-06   2.50664422416190e+01
   7.60004900000000e+06   1.18022944661789e-06   2.51064738066536e+01
   8.00005200000000e+06   1.46339982620702e-06   2.50984674936472e+01
   8.40005400000000e+06   1.33313835704030e-06   2.49343380769607e+01
   8.80005700000000e+06   1.22609992558864e-06   2.50144012070648e+01
   9.20005900000000e+06   1.48175502090453e-06   2.50023917375508e+01
   9.60006200000000e+06   1.25254882732406e-06   2.49583570159945e+01
   4.23009790000000e+07   2.39440053701401e-03   2.50504296156035e+01
   4.27009820000000e+07   1.72034674505994e-06   2.50624390851152e+01
   4.31009840000000e+07   1.75066486463038e-06   2.50023917375508e+01
   4.35009870000000e+07   1.84744533271441e-06   2.50144012070648e+01
   4.39009900000000e+07   1.98425982489425e-06   2.50464264590994e+01
   4.43009920000000e+07   1.28510055219522e-06   2.49703664855106e+01
   4.47009950000000e+07   2.03195259018685e-06   2.50184043635693e+01
   4.51009970000000e+07   2.10526900445984e-06   2.49543538594890e+01
   4.55010000000000e+07   2.00109889192390e-06   2.50304138330826e+01
   4.59010020000000e+07   2.46063450504153e-06   2.50424233025953e+01
   4.63010050000000e+07   1.53136045355495e-06   2.49983885810460e+01
   4.67010080000000e+07   2.28946373681538e-06   2.50384201460911e+01
   4.71010100000000e+07   1.82973553819465e-06   2.50544327721075e+01
   4.75010130000000e+07   1.84870759767364e-06   2.50304138330826e+01
   4.79010150000000e+07   2.13929706660565e-06   2.50063948940555e+01
   4.83010180000000e+07   1.34350398184324e-06   2.51264895891685e+01
   4.87010210000000e+07   2.04395973923965e-06   2.50664422416190e+01
   4.91010230000000e+07   1.63027630151191e-06   2.50704453981228e+01
   4.95010260000000e+07   1.56146631979937e-06   2.50384201460911e+01
   4.99010280000000e+07   2.03842182600056e-06   2.50664422416190e+01
   5.03010310000000e+07   1.17068691452005e-06   2.49903822680362e+01
   5.07010340000000e+07   1.78048139787279e-06   2.50784517111300e+01
   5.11010360000000e+07   1.55946395352657e-06   2.50584359286114e+01
   5.15010390000000e+07   1.75567481619510e-06   2.50744485546264e+01
   5.19010410000000e+07   2.17709407479560e-06   2.50424233025953e+01
   9.53410390000000e+07  -4.29854914546013e-03   2.50184043635693e+01
   9.57410410000000e+07   1.78534094175120e-06   2.49663633290053e+01
   9.61410440000000e+07   1.89437071185239e-06   2.49303349204548e+01
   9.65410470000000e+07   2.22467861021869e-06   2.50584359286114e+01
   9.69410490000000e+07   1.29312002172810e-06   2.50144012070648e+01
   9.73410520000000e+07   1.73069906850287e-06   2.49863791115312e+01
   9.77410540000000e+07   1.58481543621747e-06   2.50264106765782e+01
   9.81410570000000e+07   1.76270793872391e-06   2.50184043635693e+01
   9.85410600000000e+07   2.13344264921034e-06   2.50144012070648e+01
   9.89410620000000e+07   1.28751389638637e-06   2.51104769631567e+01
   9.93410650000000e+07   1.76116077454935e-06   2.50184043635693e+01
   9.97410670000000e+07   1.68208737250097e-06   2.50544327721075e+01
   1.00141070000000e+08   1.72789964381082e-06   2.50904611806405e+01
   1.00541073000000e+08   2.15387967728020e-06   2.51545116846868e+01
   1.00941075000000e+08   1.48729816373816e-06   2.51104769631567e+01
   1.01341078000000e+08   1.91180538422486e-06   2.50744485546264e+01
   1.01741080000000e+08   1.65738640589552e-06   2.51104769631567e+01
   1.02141083000000e+08   1.87887633273931e-06   2.50984674936472e+01
   1.02541085000000e+08   2.35970901485416e-06   2.50504296156035e+01
   1.02941088000000e+08   1.63367440109141e-06   2.50984674936472e+01
   1.03341091000000e+08   2.09201766665501e-06   2.50103980505602e+01
   1.03741093000000e+08   1.99589067051420e-06   2.49943854245411e+01
   1.04141096000000e+08   2.21193226934702e-06   2.50544327721075e+01
   1.04541098000000e+08   2.64944674199796e-06   2.50384201460911e+01
   1.04941101000000e+08   1.82348026100954e-06   2.50224075200738e+01
   1.48553778000000e+08   4.69574984163046e-03   2.49703664855106e+01
   1.48953781000000e+08   1.49806476201775e-06   2.49903822680362e+01
   1.49353783000000e+08   1.82285884875455e-06   2.50624390851152e+01
   1.49753786000000e+08   1.84681630344130e-06   2.50384201460911e+01
   1.50153788000000e+08   2.30282853408426e-06   2.49383412334665e+01
   1.50553791000000e+08   1.50276980548369e-06   2.50984674936472e+01
   1.50953794000000e+08   1.58648060732958e-06   2.49743696420159e+01
   1.51353796000000e+08   1.92698530554480e-06   2.49983885810460e+01
   1.51753799000000e+08   1.73649436874257e-06   2.49663633290053e+01
   1.52153801000000e+08   2.30263367484440e-06   2.49863791115312e+01
   1.52553804000000e+08   1.48872118188592e-06   2.49463475464779e+01
   1.52953807000000e+08   1.42411067827197e-06   2.49743696420159e+01
   1.53353809000000e+08   1.23321967748780e-06   2.50184043635693e+01
   1.53753812000000e+08   1.12587224521121e-06   2.50384201460911e+01
   1.54153814000000e+08   1.70077191796736e-06   2.50184043635693e+01
   1.54553817000000e+08   9.54507527239912e-07   2.50424233025953e+01
   1.54953820000000e+08   1.29522754832578e-06   2.50744485546264e+01
   1.55353822000000e+08   1.76798369011522e-06   2.50264106765782e+01
   1.55753825000000e+08   1.71572457929869e-06   2.50424233025953e+01
   1.56153827000000e+08   2.22154994844459e-06   2.50144012070648e+01
   1.56553830000000e+08   1.58482475853816e-06   2.50864580241371e+01
   1.56953833000000e+08   1.87767329862254e-06   2.50904611806405e+01
   1.57353835000000e+08   2.52268159783853e-06   2.50544327721075e+01
   1.57753838000000e+08   2.22745575229055e-06   2.50864580241371e+01
   1.58153840000000e+08   2.86123122350546e-06   2.50344169895869e+01
   1.92829715000000e+08  -2.08662496879697e-03   2.50304138330826e+01
   1.93229718000000e+08   1.74769434124755e-06   2.49383412334665e+01
   1.93629720000000e+08   1.73015894233686e-06   2.49783727985210e+01
   1.94029723000000e+08   1.49271374993987e-06   2.50063948940555e+01
   1.94429725000000e+08   9.58349005486525e-07   2.49423443899722e+01
   1.94829728000000e+08   2.50990206041024e-06   2.49863791115312e+01
   1.95229731000000e+08   1.95612210518448e-06   2.49223286074429e+01
   1.95629733000000e+08   1.77311676452518e-06   2.49943854245411e+01
   1.96029736000000e+08   1.81096459073160e-06   2.49743696420159e+01
   1.96429738000000e+08   1.22138078495482e-06   2.49783727985210e+01
   1.96829741000000e+08   2.63999959315697e-06   2.49943854245411e+01
   1.97229744000000e+08   1.82715837127034e-06   2.49663633290053e+01
   1.97629746000000e+08   1.67764846992213e-06   2.49423443899722e+01
   1.98029749000000e+08   1.70313956004975e-06   2.49103191379245e+01
   1.98429751000000e+08   1.19003641430027e-06   2.49423443899722e+01
   1.98829754000000e+08   2.42591659116442e-06   2.50023917375508e+01
   1.99229757000000e+08   1.77993956640421e-06   2.50864580241371e+01
   1.99629759000000e+08   1.51831352468434e-06   2.50384201460911e+01
   2.00029762000000e+08   1.69782765624404e-06   2.50144012070648e+01
   2.00429764000000e+08   1.08874655779800e-06   2.49823759550261e+01
   2.00829767000000e+08   2.35533707382274e-06   2.50344169895869e+01
   2.01229770000000e+08   1.96895848603162e-06   2.50144012070648e+01
   2.01629772000000e+08   1.86698161996901e-06   2.49583570159945e+01
   2.02029775000000e+08   2.14182159652410e-06   2.49383412334665e+01
   2.02429777000000e+08   1.55928250933357e-06   2.49623601725000e+01
