   4.00002000000000e+05   1.65399615070783e-06   2.50144012070648e+01
   8.00005000000000e+05   1.52675124809321e-06   2.50264106765782e+01
   1.20000700000000e+06   1.61911384566338e-06   2.49983885810460e+01
   1.60001000000000e+06   1.52243387674389e-06   2.50464264590994e+01
   2.00001200000000e+06   1.76322316747246e-06   2.50544327721075e+01
   2.40001500000000e+06   1.49822392359056e-06   2.50184043635693e+01
   2.80001800000000e+06   1.58393925175915e-06   2.50904611806405e+01
   3.20002000000000e+06   1.74431897903560e-06   2.50984674936472e+01
   3.60002300000000e+06   1.49063680510153e-06   2.50984674936472e+01
   4.00002500000000e+06   1.60404351845500e-06   2.49503507029835e+01
   4.40002800000000e+06   1.44604427987360e-06   2.49583570159945e+01
   4.80003100000000e+06   1.65310757438419e-06   2.50504296156035e+01
   5.20003300000000e+06   1.63394793162297e-06   2.50384201460911e+01
   5.60003600000000e+06   1.11148585801857e-06   2.50584359286114e+01
   6.00003800000000e+06   1.25381404814107e-06   2.49383412334665e+01
   6.40004100000000e+06   9.39761207519041e-07   2.50864580241371e+01
   6.80004400000000e+06   1.04658454347373e-06   2.50384201460911e+01
   7.20004600000000e+06   9.67289111031278e-07   2.49903822680362e+01
   7.60004900000000e+06   1.13761052489281e-06   2.50384201460911e+01
   8.00005100000000e+06   1.35831589886948e-06   2.49383412334665e+01
   8.40005400000000e+06   1.14896192826563e-06   2.50304138330826e+01
   8.80005600000000e+06   1.29035652207676e-06   2.48983096684056e+01
   9.20005900000000e+06   1.41186808377824e-06   2.49583570159945e+01
   9.60006200000000e+06   1.31465947106335e-06   2.49463475464779e+01
   4.20671740000000e+07   1.63012737175450e-04   2.51104769631567e+01
   4.24671770000000e+07   1.98107090909616e-06   2.50464264590994e+01
   4.28671790000000e+07   1.80291419837886e-06   2.50144012070648e+01
   4.32671820000000e+07   2.16524699681031e-06   2.50063948940555e+01
   4.36671840000000e+07   1.46151091939828e-06   2.49543538594890e+01
   4.40671870000000e+07   1.64196978857944e-06   2.49783727985210e+01
   4.44671900000000e+07   1.60558579409553e-06   2.50544327721075e+01
   4.48671920000000e+07   1.41071257075964e-06   2.50424233025953e+01
   4.52671950000000e+07   1.67322514244006e-06   2.49463475464779e+01
   4.56671970000000e+07   1.45055628308910e-06   2.51024706501504e+01
   4.60672000000000e+07   1.62222318067506e-06   2.50384201460911e+01
   4.64672020000000e+07   1.67687494467827e-06   2.50504296156035e+01
   4.68672050000000e+07   1.38920063363912e-06   2.49983885810460e+01
   4.72672080000000e+07   1.78803293238161e-06   2.50103980505602e+01
   4.76672100000000e+07   1.63458867064037e-06   2.50744485546264e+01
   4.80672130000000e+07   1.91974095287151e-06   2.50344169895869e+01
   4.84672150000000e+07   1.93341838894412e-06   2.50464264590994e+01
   4.88672180000000e+07   1.80799122517783e-06   2.51184832761627e+01
   4.92672210000000e+07   2.07906964533322e-06   2.50544327721075e+01
   4.96672230000000e+07   1.18438185836567e-06   2.50624390851152e+01
   5.00672260000000e+07   9.13597091312113e-07   2.49783727985210e+01
   5.04672280000000e+07   9.74671479525568e-07   2.49543538594890e+01
   5.08672310000000e+07   8.01654721271916e-07   2.50184043635693e+01
   5.12672340000000e+07   9.56904273152759e-07   2.50864580241371e+01
   5.16672360000000e+07   1.13993178274541e-06   2.49423443899722e+01
   9.54973010000000e+07   1.88525198609568e-04   2.49823759550261e+01
   9.58973040000000e+07   1.76329467649339e-06   2.49743696420159e+01
   9.62973070000000e+07   1.31310719098110e-06   2.49143222944307e+01
   9.66973090000000e+07   1.83144220500253e-06   2.48943065118992e+01
   9.70973120000000e+07   1.36659889449220e-06   2.48702875728593e+01
   9.74973140000000e+07   1.62501908107515e-06   2.48542749468314e+01
   9.78973170000000e+07   1.83727786406962e-06   2.48782938858728e+01
   9.82973200000000e+07   1.45355045333417e-06   2.49783727985210e+01
   9.86973220000000e+07   1.97676854440942e-06   2.48903033553927e+01
   9.90973250000000e+07   1.56136229634285e-06   2.50464264590994e+01
   9.94973270000000e+07   1.77090726083406e-06   2.48582781033385e+01
   9.98973300000000e+07   2.08637311516213e-06   2.49943854245411e+01
   1.00297333000000e+08   1.73775106304674e-06   2.50984674936472e+01
   1.00697335000000e+08   2.27325949708757e-06   2.50784517111300e+01
   1.01097338000000e+08   1.75026934812195e-06   2.50464264590994e+01
   1.01497340000000e+08   1.96697328647133e-06   2.51465053716819e+01
   1.01897343000000e+08   2.09454560717859e-06   2.50704453981228e+01
   1.02297345000000e+08   1.65533174367738e-06   2.51024706501504e+01
   1.02697348000000e+08   2.10841767511738e-06   2.51104769631567e+01
   1.03097351000000e+08   1.72130080500210e-06   2.50784517111300e+01
   1.03497353000000e+08   1.97367035070783e-06   2.50184043635693e+01
   1.03897356000000e+08   2.17365277421777e-06   2.50784517111300e+01
   1.04297358000000e+08   1.90007108358259e-06   2.50624390851152e+01
   1.04697361000000e+08   2.37015410675667e-06   2.49503507029835e+01
   1.05097364000000e+08   1.94380163520691e-06   2.50023917375508e+01
   1.48866048000000e+08   2.06850221729837e-04   2.50864580241371e+01
   1.49266050000000e+08   2.25016015065194e-06   2.49703664855106e+01
   1.49666053000000e+08   1.83618931259844e-06   2.50224075200738e+01
   1.50066056000000e+08   2.08648953048396e-06   2.49823759550261e+01
   1.50466058000000e+08   2.33069590649393e-06   2.49583570159945e+01
   1.50866061000000e+08   1.76269747953484e-06   2.49583570159945e+01
   1.51266063000000e+08   2.45625869865762e-06   2.50704453981228e+01
   1.51666066000000e+08   2.06229105970124e-06   2.50464264590994e+01
   1.52066069000000e+08   2.35515494750871e-06   2.50824548676336e+01
   1.52466071000000e+08   2.49081585934618e-06   2.50584359286114e+01
   1.52866074000000e+08   2.07256084649998e-06   2.49463475464779e+01
   1.53266076000000e+08   2.60690899267502e-06   2.51425022151793e+01
   1.53666079000000e+08   1.74244644313148e-06   2.50784517111300e+01
   1.54066082000000e+08   1.60584818331699e-06   2.49623601725000e+01
   1.54466084000000e+08   1.83763779659785e-06   2.50344169895869e+01
   1.54866087000000e+08   1.39039400437468e-06   2.50744485546264e+01
   1.55266089000000e+08   1.92825405065378e-06   2.50023917375508e+01
   1.55666092000000e+08   1.79163805569260e-06   2.50103980505602e+01
   1.56066095000000e+08   2.15371687772858e-06   2.50103980505602e+01
   1.56466097000000e+08   2.22093717638927e-06   2.49383412334665e+01
   1.56866100000000e+08   1.94787276086572e-06   2.50103980505602e+01
   1.57266102000000e+08   2.32793945542653e-06   2.50784517111300e+01
   1.57666105000000e+08   1.78767652414535e-06   2.50744485546264e+01
   1.58066108000000e+08   1.65099129390001e-06   2.49783727985210e+01
   1.58466110000000e+08   1.84856833129743e-06   2.49423443899722e+01
   1.93317709000000e+08   1.54200184624642e-04   2.50384201460911e+01
   1.93717712000000e+08   1.99670853362477e-06   2.49823759550261e+01
   1.94117714000000e+08   2.10135522138444e-06   2.49703664855106e+01
   1.94517717000000e+08   1.86191266493552e-06   2.50184043635693e+01
   1.94917719000000e+08   2.09276731766295e-06   2.49423443899722e+01
   1.95317722000000e+08   2.02129490389780e-06   2.50904611806405e+01
   1.95717725000000e+08   1.66932841239031e-06   2.50824548676336e+01
   1.96117727000000e+08   1.85016301657015e-06   2.50384201460911e+01
   1.96517730000000e+08   1.50094808759604e-06   2.50704453981228e+01
   1.96917732000000e+08   1.80170775365696e-06   2.50624390851152e+01
   1.97317735000000e+08   1.58182081122504e-06   2.50344169895869e+01
   1.97717737000000e+08   1.52045902268583e-06   2.50224075200738e+01
   1.98117740000000e+08   1.56928274464008e-06   2.49903822680362e+01
   1.98517743000000e+08   1.42032365602063e-06   2.50384201460911e+01
   1.98917745000000e+08   1.48454421378119e-06   2.49623601725000e+01
   1.99317748000000e+08   1.60737931764743e-06   2.50784517111300e+01
   1.99717750000000e+08   1.35133655021491e-06   2.50103980505602e+01
   2.00117753000000e+08   1.69037571140507e-06   2.50384201460911e+01
   2.00517756000000e+08   1.28744659377844e-06   2.50864580241371e+01
   2.00917758000000e+08   1.63099764449726e-06   2.50744485546264e+01
   2.01317761000000e+08   1.45013120800286e-06   2.49743696420159e+01
   2.01717763000000e+08   1.33997389184515e-06   2.50424233025953e+01
   2.02117766000000e+08   1.48685251133429e-06   2.49823759550261e+01
   2.02517769000000e+08   1.32085926907166e-06   2.50544327721075e+01
   2.02917771000000e+08   1.41261568842310e-06   2.50344169895869e+01
