   4.00003000000000e+05   1.98802285922284e-06   2.50103980505602e+01
   8.00005000000000e+05   2.32952402257069e-06   2.49743696420159e+01
   1.20000800000000e+06   2.33208447752986e-06   2.50304138330826e+01
   1.60001000000000e+06   2.05902665584290e-06   2.49263317639489e+01
   2.00001300000000e+06   2.57560736827145e-06   2.49503507029835e+01
   2.40001600000000e+06   2.10260827770981e-06   2.49463475464779e+01
   2.80001800000000e+06   2.38691268350522e-06   2.48702875728593e+01
   3.20002100000000e+06   1.96898395188327e-06   2.50584359286114e+01
   3.60002300000000e+06   1.62442404416652e-06   2.50144012070648e+01
   4.00002600000000e+06   2.13103453461372e-06   2.50704453981228e+01
   4.40002900000000e+06   1.61307673351985e-06   2.49583570159945e+01
   4.80003100000000e+06   1.79787366505479e-06   2.50264106765782e+01
   5.20003400000000e+06   1.63412710207922e-06   2.50063948940555e+01
   5.60003600000000e+06   1.22459437079669e-06   2.49183254509368e+01
   6.00003900000000e+06   1.65755614034424e-06   2.50103980505602e+01
   6.40004200000000e+06   1.20523293389851e-06   2.50304138330826e+01
   6.80004400000000e+06   1.48000367516943e-06   2.50384201460911e+01
   7.20004700000000e+06   1.07510948055278e-06   2.50023917375508e+01
   7.60004900000000e+06   6.11814016338030e-07   2.50344169895869e+01
   8.00005200000000e+06   1.18521393233095e-06   2.50544327721075e+01
   8.40005500000000e+06   6.69648841267190e-07   2.50184043635693e+01
   8.80005700000000e+06   1.02213277841656e-06   2.50904611806405e+01
   9.20006000000000e+06   1.28062742987822e-06   2.49303349204548e+01
   9.60006200000000e+06   1.02500803222938e-06   2.49743696420159e+01
   4.22209800000000e+07   1.69012710102834e-04   2.51945432497076e+01
   4.26209820000000e+07   1.87266311968415e-06   2.50824548676336e+01
   4.30209850000000e+07   1.53415180648153e-06   2.50304138330826e+01
   4.34209880000000e+07   1.79472181116580e-06   2.49903822680362e+01
   4.38209900000000e+07   1.75812681391108e-06   2.50744485546264e+01
   4.42209930000000e+07   1.50644757468399e-06   2.49783727985210e+01
   4.46209950000000e+07   2.02241653823876e-06   2.48943065118992e+01
   4.50209980000000e+07   1.38963923745905e-06   2.49503507029835e+01
   4.54210010000000e+07   1.75834304627642e-06   2.49063159814183e+01
   4.58210030000000e+07   1.57905640207900e-06   2.49303349204548e+01
   4.62210060000000e+07   1.51811002524482e-06   2.48702875728593e+01
   4.66210080000000e+07   1.69469194588601e-06   2.49103191379245e+01
   4.70210110000000e+07   1.38124380555382e-06   2.49103191379245e+01
   4.74210130000000e+07   1.46849015436601e-06   2.49943854245411e+01
   4.78210160000000e+07   1.56072417212272e-06   2.49823759550261e+01
   4.82210190000000e+07   1.18450873287657e-06   2.49743696420159e+01
   4.86210210000000e+07   1.69506120073493e-06   2.50384201460911e+01
   4.90210240000000e+07   1.25137682971399e-06   2.50023917375508e+01
   4.94210260000000e+07   1.46381728427514e-06   2.51144801196597e+01
   4.98210290000000e+07   1.39562018830475e-06   2.50424233025953e+01
   5.02210320000000e+07   1.29234535961587e-06   2.49983885810460e+01
   5.06210340000000e+07   1.54115150508005e-06   2.50464264590994e+01
   5.10210370000000e+07   1.35151253743970e-06   2.50744485546264e+01
   5.14210390000000e+07   1.72868192294118e-06   2.50624390851152e+01
   5.18210420000000e+07   1.75582908923388e-06   2.50664422416190e+01
   9.58258170000000e+07   1.83975193067454e-04   2.50544327721075e+01
   9.62258200000000e+07   1.64429775395547e-06   2.50063948940555e+01
   9.66258220000000e+07   1.49785932990198e-06   2.50224075200738e+01
   9.70258250000000e+07   1.56307316956372e-06   2.50624390851152e+01
   9.74258280000000e+07   1.37532072130853e-06   2.49983885810460e+01
   9.78258300000000e+07   1.25168867270986e-06   2.50384201460911e+01
   9.82258330000000e+07   1.37645645281737e-06   2.50144012070648e+01
   9.86258350000000e+07   1.23997574519308e-06   2.50224075200738e+01
   9.90258380000000e+07   1.51050028307509e-06   2.50824548676336e+01
   9.94258410000000e+07   1.45444437293918e-06   2.50504296156035e+01
   9.98258430000000e+07   1.48412277667376e-06   2.50224075200738e+01
   1.00225846000000e+08   1.70327894011280e-06   2.49143222944307e+01
   1.00625848000000e+08   1.43455076795362e-06   2.50144012070648e+01
   1.01025851000000e+08   1.66695372172398e-06   2.49663633290053e+01
   1.01425854000000e+08   1.72967497746868e-06   2.50624390851152e+01
   1.01825856000000e+08   1.72555462540913e-06   2.50224075200738e+01
   1.02225859000000e+08   1.85817475539807e-06   2.50704453981228e+01
   1.02625861000000e+08   1.65954202202556e-06   2.51024706501504e+01
   1.03025864000000e+08   1.95665211322193e-06   2.50103980505602e+01
   1.03425867000000e+08   1.98083421310002e-06   2.50264106765782e+01
   1.03825869000000e+08   1.92579364011181e-06   2.50904611806405e+01
   1.04225872000000e+08   2.02754358724633e-06   2.49823759550261e+01
   1.04625874000000e+08   1.90217213003052e-06   2.50904611806405e+01
   1.05025877000000e+08   2.22912831304711e-06   2.49263317639489e+01
   1.05425879000000e+08   2.31623789659352e-06   2.50544327721075e+01
   1.48955860000000e+08   2.17850334593095e-04   2.49663633290053e+01
   1.49355863000000e+08   2.35079710364516e-06   2.49823759550261e+01
   1.49755866000000e+08   1.99965597857954e-06   2.50224075200738e+01
   1.50155868000000e+08   2.23028450818674e-06   2.49983885810460e+01
   1.50555871000000e+08   2.14413330468233e-06   2.50864580241371e+01
   1.50955873000000e+08   2.11273027161951e-06   2.51064738066536e+01
   1.51355876000000e+08   2.29865145229269e-06   2.50784517111300e+01
   1.51755879000000e+08   2.00804379346664e-06   2.50584359286114e+01
   1.52155881000000e+08   2.28399881052610e-06   2.49623601725000e+01
   1.52555884000000e+08   2.13420116779162e-06   2.50624390851152e+01
   1.52955886000000e+08   2.18656646211457e-06   2.50584359286114e+01
   1.53355889000000e+08   2.60065780821606e-06   2.50544327721075e+01
   1.53755892000000e+08   2.35456900554709e-06   2.49743696420159e+01
   1.54155894000000e+08   2.60863384937693e-06   2.50944643371439e+01
   1.54555897000000e+08   2.51668052442255e-06   2.49583570159945e+01
   1.54955899000000e+08   2.28850126404723e-06   2.50704453981228e+01
   1.55355902000000e+08   2.12149825529195e-06   2.50584359286114e+01
   1.55755905000000e+08   1.69998702403973e-06   2.50424233025953e+01
   1.56155907000000e+08   2.02148930839030e-06   2.49983885810460e+01
   1.56555910000000e+08   1.89549621154583e-06   2.51104769631567e+01
   1.56955912000000e+08   1.83712472789921e-06   2.49303349204548e+01
   1.57355915000000e+08   2.12711734093318e-06   2.50744485546264e+01
   1.57755918000000e+08   1.89045556453493e-06   2.50063948940555e+01
   1.58155920000000e+08   2.09238714887761e-06   2.50184043635693e+01
   1.58555923000000e+08   2.02950468519703e-06   2.50864580241371e+01
   1.93638458000000e+08   1.47950253449380e-04   2.50464264590994e+01
   1.94038460000000e+08   1.64002426572551e-06   2.51064738066536e+01
   1.94438463000000e+08   1.79923119958403e-06   2.49663633290053e+01
   1.94838466000000e+08   1.75134493929363e-06   2.50264106765782e+01
   1.95238468000000e+08   1.62283708959876e-06   2.49263317639489e+01
   1.95638471000000e+08   1.53785310885723e-06   2.49663633290053e+01
   1.96038473000000e+08   1.55486929998006e-06   2.50144012070648e+01
   1.96438476000000e+08   1.62011622251157e-06   2.50504296156035e+01
   1.96838478000000e+08   1.66365907716681e-06   2.49743696420159e+01
   1.97238481000000e+08   1.88926401278877e-06   2.50864580241371e+01
   1.97638484000000e+08   2.12129748433654e-06   2.50624390851152e+01
   1.98038486000000e+08   1.98517477656424e-06   2.49903822680362e+01
   1.98438489000000e+08   2.00041449716082e-06   2.49663633290053e+01
   1.98838491000000e+08   1.93731989384105e-06   2.49663633290053e+01
   1.99238494000000e+08   1.87089767678117e-06   2.49823759550261e+01
   1.99638497000000e+08   1.82421001682087e-06   2.50023917375508e+01
   2.00038499000000e+08   1.75256798229384e-06   2.50103980505602e+01
   2.00438502000000e+08   1.83321878921561e-06   2.50464264590994e+01
   2.00838504000000e+08   1.95952975445834e-06   2.49863791115312e+01
   2.01238507000000e+08   2.18966465581616e-06   2.49383412334665e+01
   2.01638510000000e+08   2.35746892940369e-06   2.50063948940555e+01
   2.02038512000000e+08   2.34793742492911e-06   2.50704453981228e+01
   2.02438515000000e+08   2.33370974456193e-06   2.50504296156035e+01
   2.02838517000000e+08   2.26469569497567e-06   2.50224075200738e+01
   2.03238520000000e+08   1.82869712261891e-06   2.50023917375508e+01
