   4.00003000000000e+05   2.01046054826293e-06   2.50304138330826e+01
   8.00006000000000e+05   1.85215071724087e-06   2.50464264590994e+01
   1.20000800000000e+06   1.88375372545124e-06   2.50144012070648e+01
   1.60001100000000e+06   1.68728206517699e-06   2.50904611806405e+01
   2.00001300000000e+06   1.87653051852976e-06   2.50824548676336e+01
   2.40001600000000e+06   1.73966486727295e-06   2.50464264590994e+01
   2.80001900000000e+06   1.63319259627315e-06   2.50624390851152e+01
   3.20002100000000e+06   1.63491347393574e-06   2.52145590322157e+01
   3.60002400000000e+06   1.47813807416242e-06   2.51625179976914e+01
   4.00002600000000e+06   1.58767011271266e-06   2.51264895891685e+01
   4.40002900000000e+06   1.55831810388918e-06   2.51705243106959e+01
   4.80003200000000e+06   1.80232416369108e-06   2.50424233025953e+01
   5.20003400000000e+06   2.34045683100703e-06   2.50464264590994e+01
   5.60003700000000e+06   2.19750995711365e-06   2.49663633290053e+01
   6.00003900000000e+06   2.36486312132911e-06   2.50624390851152e+01
   6.40004200000000e+06   2.28244812205958e-06   2.50904611806405e+01
   6.80004500000000e+06   2.23265010390605e-06   2.49663633290053e+01
   7.20004700000000e+06   2.22775361180538e-06   2.50224075200738e+01
   7.60005000000000e+06   2.18852323996543e-06   2.50744485546264e+01
   8.00005200000000e+06   2.19044977711746e-06   2.50063948940555e+01
   8.40005500000000e+06   2.26096517508267e-06   2.50344169895869e+01
   8.80005800000000e+06   1.86814577318728e-06   2.50704453981228e+01
   9.20006000000000e+06   1.77672654899652e-06   2.50584359286114e+01
   9.60006300000000e+06   1.53770622546290e-06   2.50424233025953e+01
   4.21201790000000e+07   2.37706303596497e-03   2.50304138330826e+01
   4.25201810000000e+07   1.20992729080172e-06   2.50304138330826e+01
   4.29201840000000e+07   2.44375451075030e-06   2.50264106765782e+01
   4.33201860000000e+07   1.73577871009911e-06   2.50504296156035e+01
   4.37201890000000e+07   1.57225986185949e-06   2.50864580241371e+01
   4.41201920000000e+07   2.04395155378734e-06   2.50944643371439e+01
   4.45201940000000e+07   9.72042357716418e-07   2.50424233025953e+01
   4.49201970000000e+07   2.32564184443618e-06   2.50063948940555e+01
   4.53201990000000e+07   1.61982995905419e-06   2.50424233025953e+01
   4.57202020000000e+07   1.42326950935967e-06   2.51224864326656e+01
   4.61202040000000e+07   1.93469941223157e-06   2.52065527192126e+01
   4.65202070000000e+07   9.35641935484455e-07   2.51505085281844e+01
   4.69202100000000e+07   2.02467208509916e-06   2.51144801196597e+01
   4.73202120000000e+07   1.25620090329903e-06   2.51304927456713e+01
   4.77202150000000e+07   1.23911763694196e-06   2.51585148411891e+01
   4.81202170000000e+07   1.57461806793435e-06   2.50384201460911e+01
   4.85202200000000e+07   7.15612372914620e-07   2.51184832761627e+01
   4.89202230000000e+07   2.14317969948752e-06   2.50584359286114e+01
   4.93202250000000e+07   1.72065847436897e-06   2.50624390851152e+01
   4.97202280000000e+07   1.47212995216250e-06   2.50424233025953e+01
   5.01202300000000e+07   1.94431299860298e-06   2.49903822680362e+01
   5.05202330000000e+07   1.11333338281838e-06   2.49183254509368e+01
   5.09202360000000e+07   2.34300637202978e-06   2.50824548676336e+01
   5.13202380000000e+07   1.58651914716756e-06   2.49743696420159e+01
   5.17202410000000e+07   1.54932445184386e-06   2.50664422416190e+01
   9.53544340000000e+07  -4.25534974783659e-03   2.50504296156035e+01
   9.57544370000000e+07   2.40761369241227e-06   2.50304138330826e+01
   9.61544390000000e+07   6.41669601009198e-07   2.49983885810460e+01
   9.65544420000000e+07   2.81800635093532e-06   2.50304138330826e+01
   9.69544440000000e+07   1.37734718919091e-06   2.49463475464779e+01
   9.73544470000000e+07   1.70651014741452e-06   2.49903822680362e+01
   9.77544490000000e+07   2.52605650530313e-06   2.50544327721075e+01
   9.81544520000000e+07   9.83033032753156e-07   2.50384201460911e+01
   9.85544550000000e+07   2.93028733722167e-06   2.51104769631567e+01
   9.89544570000000e+07   1.58006832862156e-06   2.50384201460911e+01
   9.93544600000000e+07   1.91814160643844e-06   2.50304138330826e+01
   9.97544620000000e+07   2.64238860836485e-06   2.50944643371439e+01
   1.00154465000000e+08   1.19604931114736e-06   2.50103980505602e+01
   1.00554468000000e+08   3.09897382066993e-06   2.50384201460911e+01
   1.00954470000000e+08   1.63682329912263e-06   2.50304138330826e+01
   1.01354473000000e+08   1.99102032638621e-06   2.50023917375508e+01
   1.01754475000000e+08   2.64277900896559e-06   2.50784517111300e+01
   1.02154478000000e+08   1.32020795717835e-06   2.50144012070648e+01
   1.02554481000000e+08   3.12004135594179e-06   2.50784517111300e+01
   1.02954483000000e+08   1.64263440183277e-06   2.50664422416190e+01
   1.03354486000000e+08   2.03896138373239e-06   2.49863791115312e+01
   1.03754488000000e+08   2.60416413766507e-06   2.50063948940555e+01
   1.04154491000000e+08   1.36077062506956e-06   2.49543538594890e+01
   1.04554494000000e+08   3.07428672385868e-06   2.50384201460911e+01
   1.04954496000000e+08   1.27923590298451e-06   2.49983885810460e+01
   1.48839816000000e+08   4.65300027281046e-03   2.50063948940555e+01
   1.49239819000000e+08   2.25289522859384e-06   2.50304138330826e+01
   1.49639821000000e+08   2.45574165091966e-06   2.50304138330826e+01
   1.50039824000000e+08   2.04354682864505e-06   2.49663633290053e+01
   1.50439827000000e+08   2.34058484238631e-06   2.49583570159945e+01
   1.50839829000000e+08   9.50278888467437e-07   2.49583570159945e+01
   1.51239832000000e+08   2.48961669058190e-06   2.49863791115312e+01
   1.51639834000000e+08   2.67425480160455e-06   2.49983885810460e+01
   1.52039837000000e+08   2.18315108213574e-06   2.49303349204548e+01
   1.52439839000000e+08   2.49235995397612e-06   2.50704453981228e+01
   1.52839842000000e+08   1.15134093903180e-06   2.50224075200738e+01
   1.53239845000000e+08   2.50577681981667e-06   2.50704453981228e+01
   1.53639847000000e+08   2.61620175479038e-06   2.49783727985210e+01
   1.54039850000000e+08   2.12226723306230e-06   2.50584359286114e+01
   1.54439852000000e+08   2.50602124651778e-06   2.49583570159945e+01
   1.54839855000000e+08   8.80396612501499e-07   2.50264106765782e+01
   1.55239858000000e+08   1.97776171262376e-06   2.50384201460911e+01
   1.55639860000000e+08   2.00522276827542e-06   2.50063948940555e+01
   1.56039863000000e+08   1.57089596086735e-06   2.49983885810460e+01
   1.56439865000000e+08   1.85139549557789e-06   2.49583570159945e+01
   1.56839868000000e+08   7.15465148459771e-07   2.49423443899722e+01
   1.57239871000000e+08   2.23864731196954e-06   2.50103980505602e+01
   1.57639873000000e+08   2.21089794649743e-06   2.50464264590994e+01
   1.58039876000000e+08   1.81878317562223e-06   2.51144801196597e+01
   1.58439878000000e+08   2.07952371056308e-06   2.49743696420159e+01
   1.93234023000000e+08  -2.06618709489703e-03   2.49143222944307e+01
   1.93634026000000e+08   8.95373204912175e-07   2.50504296156035e+01
   1.94034028000000e+08   1.59275964506378e-06   2.50144012070648e+01
   1.94434031000000e+08   2.21602408601029e-06   2.49583570159945e+01
   1.94834033000000e+08   2.00209819922748e-06   2.51264895891685e+01
   1.95234036000000e+08   2.33422815654194e-06   2.50664422416190e+01
   1.95634039000000e+08   2.85789578668982e-08   2.50824548676336e+01
   1.96034041000000e+08   9.10798007680569e-07   2.50184043635693e+01
   1.96434044000000e+08   1.43422994369757e-06   2.50504296156035e+01
   1.96834046000000e+08   1.67852783761191e-06   2.51024706501504e+01
   1.97234049000000e+08   2.11051201404189e-06   2.49983885810460e+01
   1.97634052000000e+08   1.61611495741454e-07   2.49903822680362e+01
   1.98034054000000e+08   1.05568142316770e-06   2.50384201460911e+01
   1.98434057000000e+08   1.60045010488830e-06   2.49743696420159e+01
   1.98834059000000e+08   1.59724072545941e-06   2.49703664855106e+01
   1.99234062000000e+08   1.93551500160538e-06   2.49183254509368e+01
   1.99634065000000e+08   1.48760136653436e-07   2.49303349204548e+01
   2.00034067000000e+08   9.77649051492335e-07   2.48903033553927e+01
   2.00434070000000e+08   1.45518640692899e-06   2.49023128249120e+01
   2.00834072000000e+08   1.60988042807730e-06   2.50304138330826e+01
   2.01234075000000e+08   1.96079508896219e-06   2.49903822680362e+01
   2.01634078000000e+08   3.16511346909465e-07   2.49703664855106e+01
   2.02034080000000e+08   1.17861782200634e-06   2.50344169895869e+01
   2.02434083000000e+08   1.64390860390995e-06   2.49503507029835e+01
   2.02834085000000e+08   1.83706515599624e-06   2.49423443899722e+01
