   4.00003000000000e+05   1.72271199971874e-06   2.50504296156035e+01
   8.00005000000000e+05   1.58218222168216e-06   2.49743696420159e+01
   1.20000800000000e+06   1.84665680080798e-06   2.50824548676336e+01
   1.60001000000000e+06   1.85197393420822e-06   2.49343380769607e+01
   2.00001300000000e+06   1.44825037295959e-06   2.49423443899722e+01
   2.40001500000000e+06   2.14235387829831e-06   2.50063948940555e+01
   2.80001800000000e+06   1.67873702139332e-06   2.49543538594890e+01
   3.20002100000000e+06   1.76688968167582e-06   2.49863791115312e+01
   3.60002300000000e+06   1.57110139298311e-06   2.50023917375508e+01
   4.00002600000000e+06   1.81312816494028e-06   2.50464264590994e+01
   4.40002800000000e+06   1.95755615095550e-06   2.49783727985210e+01
   4.80003100000000e+06   1.59158730639319e-06   2.50144012070648e+01
   5.20003400000000e+06   2.08613346330822e-06   2.49543538594890e+01
   5.60003600000000e+06   2.04375146495295e-06   2.49663633290053e+01
   6.00003900000000e+06   1.93145410776197e-06   2.50344169895869e+01
   6.40004100000000e+06   2.02770775104000e-06   2.51104769631567e+01
   6.80004400000000e+06   1.68964288604911e-06   2.50144012070648e+01
   7.20004700000000e+06   1.96932046492293e-06   2.50824548676336e+01
   7.60004900000000e+06   1.64433697591448e-06   2.49863791115312e+01
   8.00005200000000e+06   1.76577384536358e-06   2.50144012070648e+01
   8.40005400000000e+06   1.89391585081466e-06   2.49943854245411e+01
   8.80005700000000e+06   1.65448011557601e-06   2.49943854245411e+01
   9.20006000000000e+06   2.02751471078955e-06   2.50544327721075e+01
   9.60006200000000e+06   1.94375775208755e-06   2.50784517111300e+01
   4.20729680000000e+07  -2.08546221256256e-03   2.50904611806405e+01
   4.24729700000000e+07   1.06289473933430e-06   2.50744485546264e+01
   4.28729730000000e+07   2.80932340501749e-06   2.50344169895869e+01
   4.32729750000000e+07   3.22063641533532e-07   2.49263317639489e+01
   4.36729780000000e+07   1.90984269465844e-06   2.50584359286114e+01
   4.40729810000000e+07   1.97341751118074e-06   2.49623601725000e+01
   4.44729830000000e+07   1.13476562546566e-06   2.49503507029835e+01
   4.48729860000000e+07   2.67173095380713e-06   2.49423443899722e+01
   4.52729880000000e+07   6.02236525537592e-07   2.49503507029835e+01
   4.56729910000000e+07   2.09729819289350e-06   2.49943854245411e+01
   4.60729940000000e+07   2.25298776967975e-06   2.49783727985210e+01
   4.64729960000000e+07   1.07229652712704e-06   2.49823759550261e+01
   4.68729990000000e+07   2.96975599667348e-06   2.50184043635693e+01
   4.72730010000000e+07   1.03586319255555e-06   2.49983885810460e+01
   4.76730040000000e+07   2.30333034778596e-06   2.50544327721075e+01
   4.80730070000000e+07   2.29877832680359e-06   2.49983885810460e+01
   4.84730090000000e+07   1.52098039052362e-06   2.50103980505602e+01
   4.88730120000000e+07   2.84603675027029e-06   2.50664422416190e+01
   4.92730140000000e+07   8.92499770088762e-07   2.51184832761627e+01
   4.96730170000000e+07   1.98555153474445e-06   2.51144801196597e+01
   5.00730200000000e+07   2.28322437578754e-06   2.51304927456713e+01
   5.04730220000000e+07   1.30820444610436e-06   2.50424233025953e+01
   5.08730250000000e+07   2.75172283181746e-06   2.50824548676336e+01
   5.12730270000000e+07   1.10197208869067e-06   2.51104769631567e+01
   5.16730300000000e+07   2.40665804085438e-06   2.50384201460911e+01
   9.53233280000000e+07   4.67184977605939e-03   2.50704453981228e+01
   9.57233310000000e+07   3.20250092045171e-06   2.49903822680362e+01
   9.61233330000000e+07   2.07940115615202e-06   2.50063948940555e+01
   9.65233360000000e+07   2.53055259236135e-06   2.49823759550261e+01
   9.69233390000000e+07   2.15009367821040e-06   2.50264106765782e+01
   9.73233410000000e+07   1.68652934462443e-06   2.49903822680362e+01
   9.77233440000000e+07   3.13963414555474e-06   2.49943854245411e+01
   9.81233460000000e+07   1.81891107331467e-06   2.49703664855106e+01
   9.85233490000000e+07   2.20574133891205e-06   2.50264106765782e+01
   9.89233520000000e+07   1.41298050948535e-06   2.50304138330826e+01
   9.93233540000000e+07   9.09747541300021e-07   2.49703664855106e+01
   9.97233570000000e+07   2.05292735699913e-06   2.49823759550261e+01
   1.00123359000000e+08   1.06627760487754e-06   2.50424233025953e+01
   1.00523362000000e+08   1.41961118060863e-06   2.50264106765782e+01
   1.00923365000000e+08   9.83640802587615e-07   2.49743696420159e+01
   1.01323367000000e+08   5.51271170934342e-07   2.50224075200738e+01
   1.01723370000000e+08   1.74426861576649e-06   2.49463475464779e+01
   1.02123372000000e+08   6.70708971028944e-07   2.49223286074429e+01
   1.02523375000000e+08   1.23311906463641e-06   2.50304138330826e+01
   1.02923377000000e+08   1.21530263186287e-06   2.49063159814183e+01
   1.03323380000000e+08   9.07768594515801e-07   2.50424233025953e+01
   1.03723383000000e+08   2.01580905923038e-06   2.49783727985210e+01
   1.04123385000000e+08   9.70674022937601e-07   2.49223286074429e+01
   1.04523388000000e+08   1.55841792093270e-06   2.50264106765782e+01
   1.04923390000000e+08   6.23161611201795e-07   2.49663633290053e+01
   1.48317742000000e+08  -4.26562456414104e-03   2.50704453981228e+01
   1.48717744000000e+08   2.36866208069841e-06   2.50624390851152e+01
   1.49117747000000e+08   2.36277787735162e-06   2.50904611806405e+01
   1.49517750000000e+08   7.55982966893498e-07   2.50384201460911e+01
   1.49917752000000e+08   3.04463128486532e-06   2.50184043635693e+01
   1.50317755000000e+08   8.69717098339606e-07   2.50144012070648e+01
   1.50717757000000e+08   2.27871237257204e-06   2.50464264590994e+01
   1.51117760000000e+08   2.37564950111846e-06   2.50103980505602e+01
   1.51517762000000e+08   9.16185967980709e-07   2.49743696420159e+01
   1.51917765000000e+08   3.19652349389798e-06   2.51184832761627e+01
   1.52317768000000e+08   1.19076412374852e-06   2.49823759550261e+01
   1.52717770000000e+08   2.09699942388397e-06   2.51545116846868e+01
   1.53117773000000e+08   2.21718823922856e-06   2.50424233025953e+01
   1.53517775000000e+08   1.01666580576421e-06   2.50984674936472e+01
   1.53917778000000e+08   2.97201700050209e-06   2.51144801196597e+01
   1.54317781000000e+08   9.93204253063595e-07   2.50264106765782e+01
   1.54717783000000e+08   2.12266400012595e-06   2.50744485546264e+01
   1.55117786000000e+08   2.34424965128710e-06   2.51104769631567e+01
   1.55517788000000e+08   1.00237855349405e-06   2.50504296156035e+01
   1.55917791000000e+08   2.89250237983651e-06   2.50184043635693e+01
   1.56317794000000e+08   1.22738072150241e-06   2.50424233025953e+01
   1.56717796000000e+08   1.97226631826197e-06   2.51465053716819e+01
   1.57117799000000e+08   2.03203694582044e-06   2.49703664855106e+01
   1.57517801000000e+08   7.88576244303840e-07   2.50103980505602e+01
   1.57917804000000e+08   2.69925590146158e-06   2.49783727985210e+01
   1.92922044000000e+08   2.39167502149940e-03   2.50144012070648e+01
   1.93322047000000e+08   2.57189958574600e-06   2.50784517111300e+01
   1.93722049000000e+08   1.84502505362616e-06   2.51184832761627e+01
   1.94122052000000e+08   8.06342768555623e-07   2.50944643371439e+01
   1.94522054000000e+08   3.33970024257724e-06   2.50144012070648e+01
   1.94922057000000e+08   1.66608583640482e-06   2.50824548676336e+01
   1.95322060000000e+08   2.69140946329571e-06   2.50384201460911e+01
   1.95722062000000e+08   1.79121047949593e-06   2.50224075200738e+01
   1.96122065000000e+08   9.10106166429614e-07   2.50304138330826e+01
   1.96522067000000e+08   3.26278609463770e-06   2.50063948940555e+01
   1.96922070000000e+08   1.79377195763664e-06   2.50784517111300e+01
   1.97322073000000e+08   2.68094095190463e-06   2.49863791115312e+01
   1.97722075000000e+08   1.90650416698190e-06   2.50824548676336e+01
   1.98122078000000e+08   1.11699523586140e-06   2.50304138330826e+01
   1.98522080000000e+08   3.28065812027489e-06   2.50784517111300e+01
   1.98922083000000e+08   1.25899691738596e-06   2.49943854245411e+01
   1.99322086000000e+08   2.10820394386246e-06   2.49903822680362e+01
   1.99722088000000e+08   1.23475263080763e-06   2.50063948940555e+01
   2.00122091000000e+08   6.14057285019953e-07   2.50384201460911e+01
   2.00522093000000e+08   2.60083311331982e-06   2.50904611806405e+01
   2.00922096000000e+08   1.32072602809785e-06   2.51104769631567e+01
   2.01322099000000e+08   2.16680450648710e-06   2.52105558757142e+01
   2.01722101000000e+08   1.57229976593953e-06   2.51304927456713e+01
   2.02122104000000e+08   8.63702837250457e-07   2.50624390851152e+01
   2.02522106000000e+08   2.70961027126759e-06   2.51505085281844e+01
