   4.00003000000000e+05   2.09543532037060e-06   2.49423443899722e+01
   8.00005000000000e+05   2.22134781324712e-06   2.50184043635693e+01
   1.20000800000000e+06   2.36235950978880e-06   2.49623601725000e+01
   1.60001100000000e+06   2.31238072956330e-06   2.50063948940555e+01
   2.00001300000000e+06   2.26626343646785e-06   2.50584359286114e+01
   2.40001600000000e+06   2.43407134803419e-06   2.50063948940555e+01
   2.80001800000000e+06   2.20727747546334e-06   2.51064738066536e+01
   3.20002100000000e+06   2.35259562941792e-06   2.49503507029835e+01
   3.60002400000000e+06   2.14865258385544e-06   2.50544327721075e+01
   4.00002600000000e+06   2.38679899666749e-06   2.50784517111300e+01
   4.40002900000000e+06   2.25494454753061e-06   2.50664422416190e+01
   4.80003100000000e+06   1.75882473740785e-06   2.49983885810460e+01
   5.20003400000000e+06   1.42418252835341e-06   2.50304138330826e+01
   5.60003700000000e+06   1.26030568026181e-06   2.50944643371439e+01
   6.00003900000000e+06   1.26889483453851e-06   2.51064738066536e+01
   6.40004200000000e+06   1.26694453683740e-06   2.51585148411891e+01
   6.80004400000000e+06   1.12865598111966e-06   2.50384201460911e+01
   7.20004700000000e+06   1.01340253877424e-06   2.51104769631567e+01
   7.60005000000000e+06   8.70036501510185e-07   2.50264106765782e+01
   8.00005200000000e+06   9.55779569267179e-07   2.49263317639489e+01
   8.40005500000000e+06   1.00929673862993e-06   2.50023917375508e+01
   8.80005700000000e+06   9.91938236438727e-07   2.49903822680362e+01
   9.20006000000000e+06   1.36576545628486e-06   2.49503507029835e+01
   9.60006300000000e+06   1.17891795525793e-06   2.49743696420159e+01
   4.21255320000000e+07   1.43237746669911e-04   2.49823759550261e+01
   4.25255350000000e+07   1.62830326644325e-06   2.49983885810460e+01
   4.29255370000000e+07   1.08877247839700e-06   2.49583570159945e+01
   4.33255400000000e+07   1.47041339459975e-06   2.50023917375508e+01
   4.37255420000000e+07   8.24613891836634e-07   2.50304138330826e+01
   4.41255450000000e+07   1.23722463740705e-06   2.49983885810460e+01
   4.45255480000000e+07   1.13129931378353e-06   2.50664422416190e+01
   4.49255500000000e+07   1.35172479076573e-06   2.49343380769607e+01
   4.53255530000000e+07   1.65755420766800e-06   2.50063948940555e+01
   4.57255550000000e+07   1.32788647988491e-06   2.50144012070648e+01
   4.61255580000000e+07   1.75817228864616e-06   2.50784517111300e+01
   4.65255610000000e+07   1.54781719174935e-06   2.51224864326656e+01
   4.69255630000000e+07   1.38279176553624e-06   2.51184832761627e+01
   4.73255660000000e+07   1.90012781331461e-06   2.49903822680362e+01
   4.77255680000000e+07   1.38805057758873e-06   2.50023917375508e+01
   4.81255710000000e+07   1.75617628883629e-06   2.50384201460911e+01
   4.85255740000000e+07   1.50918617691786e-06   2.50063948940555e+01
   4.89255760000000e+07   1.74296712884825e-06   2.50304138330826e+01
   4.93255790000000e+07   2.11658834814443e-06   2.50304138330826e+01
   4.97255810000000e+07   1.67012444762804e-06   2.49183254509368e+01
   5.01255840000000e+07   2.03243303076306e-06   2.50063948940555e+01
   5.05255870000000e+07   1.96832274923509e-06   2.50464264590994e+01
   5.09255890000000e+07   1.87385819572228e-06   2.49503507029835e+01
   5.13255920000000e+07   2.10954067370039e-06   2.50384201460911e+01
   5.17255940000000e+07   1.71659951320180e-06   2.49503507029835e+01
   9.53988930000000e+07   2.24800329306163e-04   2.50664422416190e+01
   9.57988960000000e+07   1.81273753696587e-06   2.51344959021740e+01
   9.61988980000000e+07   2.22241556002700e-06   2.51264895891685e+01
   9.65989010000000e+07   1.86898046194983e-06   2.51384990586767e+01
   9.69989030000000e+07   1.57539841438847e-06   2.50624390851152e+01
   9.73989060000000e+07   1.86612226116267e-06   2.50944643371439e+01
   9.77989090000000e+07   1.18183800168481e-06   2.50544327721075e+01
   9.81989110000000e+07   1.79195262717258e-06   2.50744485546264e+01
   9.85989140000000e+07   1.51655285662855e-06   2.51665211541937e+01
   9.89989160000000e+07   1.89904437775112e-06   2.51465053716819e+01
   9.93989190000000e+07   2.25156099986634e-06   2.49703664855106e+01
   9.97989220000000e+07   1.76079004177154e-06   2.49463475464779e+01
   1.00198924000000e+08   2.34902836382389e-06   2.50224075200738e+01
   1.00598927000000e+08   2.06077766051749e-06   2.50184043635693e+01
   1.00998929000000e+08   2.09123390959576e-06   2.49343380769607e+01
   1.01398932000000e+08   2.56837915912911e-06   2.50624390851152e+01
   1.01798935000000e+08   2.06548997994105e-06   2.49423443899722e+01
   1.02198937000000e+08   2.43338217842393e-06   2.50384201460911e+01
   1.02598940000000e+08   2.27336431635194e-06   2.49863791115312e+01
   1.02998943000000e+08   2.31603621614340e-06   2.50464264590994e+01
   1.03398945000000e+08   2.65177686742391e-06   2.50384201460911e+01
   1.03798948000000e+08   2.23739448301785e-06   2.50344169895869e+01
   1.04198950000000e+08   2.54596898230375e-06   2.51625179976914e+01
   1.04598953000000e+08   2.58226441474108e-06   2.50504296156035e+01
   1.04998956000000e+08   2.37117319557001e-06   2.50384201460911e+01
   1.48915890000000e+08   1.68900296557695e-04   2.50664422416190e+01
   1.49315893000000e+08   2.07364109883201e-06   2.49503507029835e+01
   1.49715896000000e+08   2.25978601520183e-06   2.49783727985210e+01
   1.50115898000000e+08   1.88537001122313e-06   2.50664422416190e+01
   1.50515901000000e+08   2.30134651246772e-06   2.49663633290053e+01
   1.50915903000000e+08   2.38965935750457e-06   2.49263317639489e+01
   1.51315906000000e+08   2.37588619711460e-06   2.49463475464779e+01
   1.51715909000000e+08   2.83461463368440e-06   2.50224075200738e+01
   1.52115911000000e+08   2.24793188863259e-06   2.50063948940555e+01
   1.52515914000000e+08   2.78461607194913e-06   2.50184043635693e+01
   1.52915916000000e+08   2.24280415750400e-06   2.50184043635693e+01
   1.53315919000000e+08   2.22659673454473e-06   2.49823759550261e+01
   1.53715922000000e+08   2.39317682826368e-06   2.49663633290053e+01
   1.54115924000000e+08   2.07428092835471e-06   2.50544327721075e+01
   1.54515927000000e+08   2.31426224672759e-06   2.50224075200738e+01
   1.54915929000000e+08   2.09086329050479e-06   2.51024706501504e+01
   1.55315932000000e+08   1.78299114850233e-06   2.51384990586767e+01
   1.55715935000000e+08   2.23280608224741e-06   2.50464264590994e+01
   1.56115937000000e+08   1.61584512170521e-06   2.50824548676336e+01
   1.56515940000000e+08   2.14429996958643e-06   2.51905400932058e+01
   1.56915942000000e+08   1.66406891821680e-06   2.50584359286114e+01
   1.57315945000000e+08   1.49884374422982e-06   2.50704453981228e+01
   1.57715948000000e+08   1.74524370777362e-06   2.50063948940555e+01
   1.58115950000000e+08   1.38846451136487e-06   2.50504296156035e+01
   1.58515953000000e+08   1.72985835433792e-06   2.50544327721075e+01
   1.93206419000000e+08   1.74637782038189e-04   2.50984674936472e+01
   1.93606421000000e+08   1.95038569472672e-06   2.50664422416190e+01
   1.94006424000000e+08   2.10274970413593e-06   2.50144012070648e+01
   1.94406426000000e+08   1.89457114174729e-06   2.51024706501504e+01
   1.94806429000000e+08   2.05981223189156e-06   2.51184832761627e+01
   1.95206432000000e+08   2.03735839932051e-06   2.50224075200738e+01
   1.95606434000000e+08   1.75607704022696e-06   2.50584359286114e+01
   1.96006437000000e+08   2.20060837818892e-06   2.50464264590994e+01
   1.96406439000000e+08   1.76506762272766e-06   2.50344169895869e+01
   1.96806442000000e+08   2.13304383578361e-06   2.50624390851152e+01
   1.97206445000000e+08   2.13208272725751e-06   2.50904611806405e+01
   1.97606447000000e+08   2.05159221877693e-06   2.50023917375508e+01
   1.98006450000000e+08   2.39009227698261e-06   2.50824548676336e+01
   1.98406452000000e+08   1.95943152903055e-06   2.50664422416190e+01
   1.98806455000000e+08   1.97638610188733e-06   2.50904611806405e+01
   1.99206458000000e+08   1.78576192411128e-06   2.51304927456713e+01
   1.99606460000000e+08   1.58494538027298e-06   2.50384201460911e+01
   2.00006463000000e+08   1.94298104361224e-06   2.50704453981228e+01
   2.00406466000000e+08   1.27906889701990e-06   2.51104769631567e+01
   2.00806468000000e+08   1.98871202883311e-06   2.50224075200738e+01
   2.01206471000000e+08   1.04817399915191e-06   2.51144801196597e+01
   2.01606473000000e+08   1.44158889270329e-06   2.50144012070648e+01
   2.02006476000000e+08   1.27804230487527e-06   2.50063948940555e+01
   2.02406479000000e+08   1.38066184263153e-06   2.50144012070648e+01
   2.02806481000000e+08   8.04995863745717e-07   2.50704453981228e+01
