   4.00003000000000e+05   1.93094228961854e-06   2.51465053716819e+01
   8.00005000000000e+05   1.99118085220107e-06   2.49103191379245e+01
   1.20000800000000e+06   2.00957833840221e-06   2.49503507029835e+01
   1.60001100000000e+06   1.75973605109903e-06   2.52465842842254e+01
   2.00001300000000e+06   1.61226398631698e-06   2.49463475464779e+01
   2.40001600000000e+06   1.68061853855761e-06   2.51425022151793e+01
   2.80001800000000e+06   1.77555170921551e-06   2.48062370687418e+01
   3.20002100000000e+06   1.64275240877032e-06   2.54827705176744e+01
   3.60002400000000e+06   1.74454316947958e-06   2.51705243106959e+01
   4.00002600000000e+06   1.74391345808544e-06   2.54747642046797e+01
   4.40002900000000e+06   1.75719503658911e-06   2.50664422416190e+01
   4.80003100000000e+06   1.69351130807627e-06   2.48863001988861e+01
   5.20003400000000e+06   1.63374954809115e-06   2.49663633290053e+01
   5.60003700000000e+06   1.68394672073191e-06   2.46300981823354e+01
   6.00003900000000e+06   1.50736980231159e-06   2.55748431170964e+01
   6.40004200000000e+06   1.48490653373301e-06   2.57189567509091e+01
   6.80004400000000e+06   1.56107910243009e-06   2.52986253187327e+01
   7.20004700000000e+06   1.48237427310960e-06   2.45940697737372e+01
   7.60005000000000e+06   1.66381209965039e-06   2.51224864326656e+01
   8.00005200000000e+06   1.60015792971535e-06   2.55908557430795e+01
   8.40005500000000e+06   1.77887875452143e-06   2.55027863001602e+01
   8.80005700000000e+06   1.67594146205374e-06   2.52946221622325e+01
   9.20006000000000e+06   1.66048437222344e-06   2.52866158492319e+01
   9.60006300000000e+06   1.70997009263374e-06   2.53146379447328e+01
   4.21757150000000e+07   1.64050172315910e-04   2.50344169895869e+01
   4.25757180000000e+07   1.82520909675077e-06   2.50344169895869e+01
   4.29757210000000e+07   1.88378021448443e-06   2.49543538594890e+01
   4.33757230000000e+07   1.55880661623087e-06   2.51104769631567e+01
   4.37757260000000e+07   2.01541843125597e-06   2.50304138330826e+01
   4.41757280000000e+07   1.76895298409363e-06   2.51905400932058e+01
   4.45757310000000e+07   1.78727475486085e-06   2.50504296156035e+01
   4.49757340000000e+07   2.05022865884530e-06   2.50224075200738e+01
   4.53757360000000e+07   1.53947098624485e-06   2.50904611806405e+01
   4.57757390000000e+07   2.26600104724639e-06   2.50624390851152e+01
   4.61757410000000e+07   1.57600993588858e-06   2.50464264590994e+01
   4.65757440000000e+07   2.05274591280613e-06   2.50103980505602e+01
   4.69757470000000e+07   1.79780715825473e-06   2.49383412334665e+01
   4.73757490000000e+07   1.72972238488001e-06   2.50264106765782e+01
   4.77757520000000e+07   1.82926589786803e-06   2.50624390851152e+01
   4.81757540000000e+07   1.55878353780281e-06   2.50464264590994e+01
   4.85757570000000e+07   1.73964792793413e-06   2.50063948940555e+01
   4.89757600000000e+07   1.87168041065888e-06   2.50063948940555e+01
   4.93757620000000e+07   1.48633705521206e-06   2.50704453981228e+01
   4.97757650000000e+07   1.96579026123800e-06   2.49543538594890e+01
   5.01757670000000e+07   1.53086648424505e-06   2.50824548676336e+01
   5.05757700000000e+07   1.82557846528653e-06   2.49663633290053e+01
   5.09757730000000e+07   1.64257789947442e-06   2.50224075200738e+01
   5.13757750000000e+07   1.60387048708799e-06   2.50184043635693e+01
   5.17757780000000e+07   1.87769182957709e-06   2.50184043635693e+01
   9.55062660000000e+07   1.73600012203678e-04   2.48022339122339e+01
   9.59062690000000e+07   2.14967894862639e-06   2.51384990586767e+01
   9.63062710000000e+07   1.03818524621602e-06   2.52225653452185e+01
   9.67062740000000e+07   2.57473698184185e-06   2.49903822680362e+01
   9.71062770000000e+07   1.06288246115582e-06   2.47702086601686e+01
   9.75062790000000e+07   2.24569112106110e-06   2.51224864326656e+01
   9.79062820000000e+07   1.74116848938866e-06   2.50063948940555e+01
   9.83062840000000e+07   1.11485019260726e-06   2.50584359286114e+01
   9.87062870000000e+07   2.53839471042738e-06   2.50304138330826e+01
   9.91062900000000e+07   8.96329765964765e-07   2.50904611806405e+01
   9.95062920000000e+07   2.13149019145931e-06   2.50584359286114e+01
   9.99062950000000e+07   1.73976911810314e-06   2.47461897211170e+01
   1.00306297000000e+08   1.37174458814115e-06   2.49983885810460e+01
   1.00706300000000e+08   2.62584353549755e-06   2.49503507029835e+01
   1.01106303000000e+08   1.17872900773364e-06   2.49943854245411e+01
   1.01506305000000e+08   2.27070700020704e-06   2.50704453981228e+01
   1.01906308000000e+08   1.99386977328686e-06   2.48022339122339e+01
   1.02306310000000e+08   1.51122333136300e-06   2.49023128249120e+01
   1.02706313000000e+08   2.74192689175834e-06   2.48943065118992e+01
   1.03106316000000e+08   7.06513219483895e-07   2.48342591642952e+01
   1.03506318000000e+08   3.04338868772902e-06   2.46941486864974e+01
   1.03906321000000e+08   1.21506309369579e-06   2.49303349204548e+01
   1.04306323000000e+08   1.86617614872375e-06   2.49103191379245e+01
   1.04706326000000e+08   2.35405968851410e-06   2.50184043635693e+01
   1.05106329000000e+08   1.40001066029072e-06   2.50624390851152e+01
   1.48866466000000e+08   2.26050091441721e-04   2.46381044953566e+01
   1.49266469000000e+08   1.32961849885760e-06   2.53186411012327e+01
   1.49666471000000e+08   2.34721960623574e-06   2.51425022151793e+01
   1.50066474000000e+08   9.14980091692996e-07   2.50984674936472e+01
   1.50466477000000e+08   2.13104021895560e-06   2.47862212862018e+01
   1.50866479000000e+08   1.71342537669261e-06   2.48742907293661e+01
   1.51266482000000e+08   1.11075155473372e-06   2.50624390851152e+01
   1.51666484000000e+08   2.09544737117540e-06   2.49903822680362e+01
   1.52066487000000e+08   9.67413029684394e-07   2.52105558757142e+01
   1.52466490000000e+08   2.06577692551946e-06   2.52225653452185e+01
   1.52866492000000e+08   1.17406216304516e-06   2.49183254509368e+01
   1.53266495000000e+08   1.44213356634282e-06   2.48302560077878e+01
   1.53666497000000e+08   2.20370316128538e-06   2.49663633290053e+01
   1.54066500000000e+08   1.02795024758962e-06   2.48622812598455e+01
   1.54466503000000e+08   2.06700428861950e-06   2.49503507029835e+01
   1.54866505000000e+08   1.47880780332343e-06   2.48542749468314e+01
   1.55266508000000e+08   1.55342922880664e-06   2.52505874407263e+01
   1.55666511000000e+08   1.89109493931028e-06   2.50184043635693e+01
   1.56066513000000e+08   1.07013147498947e-06   2.52545905972272e+01
   1.56466516000000e+08   2.25251255869807e-06   2.49183254509368e+01
   1.56866518000000e+08   1.30291095956636e-06   2.53426600402306e+01
   1.57266521000000e+08   1.54962219767185e-06   2.47541960341345e+01
   1.57666524000000e+08   2.36891924032534e-06   2.50103980505602e+01
   1.58066526000000e+08   1.61547575316945e-06   2.49903822680362e+01
   1.58466529000000e+08   2.41579027715488e-06   2.52385779712233e+01
   1.93536944000000e+08   1.52887543663383e-04   2.51144801196597e+01
   1.93936946000000e+08   1.73882096987654e-06   2.50664422416190e+01
   1.94336949000000e+08   1.57475164996868e-06   2.51585148411891e+01
   1.94736951000000e+08   1.70445002822817e-06   2.50904611806405e+01
   1.95136954000000e+08   1.68220196883340e-06   2.51304927456713e+01
   1.95536957000000e+08   1.75875879904197e-06   2.49583570159945e+01
   1.95936959000000e+08   1.87478906354954e-06   2.49983885810460e+01
   1.96336962000000e+08   1.96915334527148e-06   2.51264895891685e+01
   1.96736964000000e+08   2.05957394427969e-06   2.50344169895869e+01
   1.97136967000000e+08   1.82830694939184e-06   2.50144012070648e+01
   1.97536970000000e+08   2.03808508558723e-06   2.51264895891685e+01
   1.97936972000000e+08   1.99823716684477e-06   2.48943065118992e+01
   1.98336975000000e+08   1.88220997188182e-06   2.50784517111300e+01
   1.98736977000000e+08   1.73728631125414e-06   2.50304138330826e+01
   1.99136980000000e+08   2.01639477381832e-06   2.51505085281844e+01
   1.99536983000000e+08   1.93165328710165e-06   2.50784517111300e+01
   1.99936985000000e+08   1.76426544840069e-06   2.51505085281844e+01
   2.00336988000000e+08   1.51853032548388e-06   2.54627547351871e+01
   2.00736990000000e+08   1.97496160581068e-06   2.51505085281844e+01
   2.01136993000000e+08   2.03591503122880e-06   2.50584359286114e+01
   2.01536996000000e+08   1.52517975493538e-06   2.50063948940555e+01
   2.01936998000000e+08   1.72753789229318e-06   2.50744485546264e+01
   2.02337001000000e+08   2.05923720386636e-06   2.51344959021740e+01
   2.02737004000000e+08   1.72516604379780e-06   2.51384990586767e+01
   2.03137006000000e+08   1.55991131123301e-06   2.50864580241371e+01
