   4.00003000000000e+05   1.65168285093387e-06   2.50304138330826e+01
   8.00005000000000e+05   1.93203754861315e-06   2.49823759550261e+01
   1.20000800000000e+06   2.33267223848088e-06   2.49983885810460e+01
   1.60001000000000e+06   1.54591077716759e-06   2.49463475464779e+01
   2.00001300000000e+06   2.24531390813354e-06   2.49743696420159e+01
   2.40001600000000e+06   1.50964490330807e-06   2.50744485546264e+01
   2.80001800000000e+06   2.41927773458883e-06   2.50504296156035e+01
   3.20002100000000e+06   1.50140476762317e-06   2.50384201460911e+01
   3.60002400000000e+06   1.77813853952102e-06   2.50264106765782e+01
   4.00002600000000e+06   2.28493058784807e-06   2.50584359286114e+01
   4.40002900000000e+06   1.55278519287094e-06   2.50624390851152e+01
   4.80003100000000e+06   1.94472590919759e-06   2.50944643371439e+01
   5.20003400000000e+06   1.78648099335987e-06   2.50384201460911e+01
   5.60003700000000e+06   1.94125868802075e-06   2.49983885810460e+01
   6.00003900000000e+06   2.14979149859573e-06   2.51384990586767e+01
   6.40004200000000e+06   1.33735022700421e-06   2.50584359286114e+01
   6.80004500000000e+06   2.46133481596189e-06   2.50984674936472e+01
   7.20004700000000e+06   1.79220307927608e-06   2.50544327721075e+01
   7.60005000000000e+06   1.73375178746937e-06   2.50624390851152e+01
   8.00005200000000e+06   2.10882785722788e-06   2.49903822680362e+01
   8.40005500000000e+06   1.61336583914817e-06   2.50784517111300e+01
   8.80005800000000e+06   2.37987069340306e-06   2.50264106765782e+01
   9.20006000000000e+06   1.32837885757908e-06   2.50464264590994e+01
   9.60006300000000e+06   2.12696863854944e-06   2.50464264590994e+01
   4.21076440000000e+07   2.33249971643090e-03   2.50424233025953e+01
   4.25076470000000e+07   2.43121280618652e-06   2.50424233025953e+01
   4.29076500000000e+07   2.45771161644370e-06   2.50103980505602e+01
   4.33076520000000e+07   1.73049534168968e-06   2.51024706501504e+01
   4.37076550000000e+07  -1.18534295268091e-07   2.50144012070648e+01
   4.41076580000000e+07   3.30427701555891e-06   2.50224075200738e+01
   4.45076600000000e+07   2.40820054386859e-06   2.50464264590994e+01
   4.49076630000000e+07   1.85429075827415e-06   2.50023917375508e+01
   4.53076650000000e+07   1.72359455063997e-06   2.50864580241371e+01
   4.57076680000000e+07  -3.38814004408050e-07   2.50544327721075e+01
   4.61076710000000e+07   4.44870602223091e-06   2.51064738066536e+01
   4.65076730000000e+07   1.05880951650761e-06   2.50944643371439e+01
   4.69076760000000e+07   2.89867330138804e-06   2.50784517111300e+01
   4.73076790000000e+07   2.41506825204851e-07   2.50584359286114e+01
   4.77076810000000e+07   2.08049118555209e-06   2.50984674936472e+01
   4.81076840000000e+07   2.62603793999006e-06   2.51024706501504e+01
   4.85076860000000e+07   2.28522503675777e-06   2.50264106765782e+01
   4.89076890000000e+07   1.27878377043089e-06   2.50624390851152e+01
   4.93076920000000e+07   1.41407213050115e-06   2.49063159814183e+01
   4.97076940000000e+07   1.52120230723085e-06   2.50264106765782e+01
   5.01076970000000e+07   2.88473552245705e-06   2.50144012070648e+01
   5.05077000000000e+07   1.70231328411319e-06   2.50824548676336e+01
   5.09077020000000e+07   9.08614481431869e-07   2.49623601725000e+01
   5.13077050000000e+07   1.59406044986099e-06   2.50624390851152e+01
   5.17077070000000e+07   1.73368823652709e-06   2.49863791115312e+01
   9.51901300000000e+07  -4.16407501325011e-03   2.50744485546264e+01
   9.55901330000000e+07   1.39608789595513e-06   2.50424233025953e+01
   9.59901350000000e+07   8.21580670162803e-07   2.49343380769607e+01
   9.63901380000000e+07   2.65519497588684e-06   2.50784517111300e+01
   9.67901410000000e+07   1.74047272594180e-06   2.49903822680362e+01
   9.71901430000000e+07   1.53537052938191e-06   2.50744485546264e+01
   9.75901460000000e+07   1.30989690205752e-06   2.50063948940555e+01
   9.79901490000000e+07   1.56951546159689e-06   2.50624390851152e+01
   9.83901510000000e+07   3.11346661874268e-06   2.50063948940555e+01
   9.87901540000000e+07   1.07480025235418e-06   2.49983885810460e+01
   9.91901560000000e+07   1.93801247405645e-06   2.49743696420159e+01
   9.95901590000000e+07   1.75068953467417e-06   2.49983885810460e+01
   9.99901620000000e+07   1.76897560777434e-06   2.50944643371439e+01
   1.00390164000000e+08   2.54299220614485e-06   2.50184043635693e+01
   1.00790167000000e+08   1.56521559802059e-06   2.50864580241371e+01
   1.01190170000000e+08   1.81946302291180e-06   2.50904611806405e+01
   1.01590172000000e+08   1.66841482496238e-06   2.51064738066536e+01
   1.01990175000000e+08   1.92212337424280e-06   2.50424233025953e+01
   1.02390177000000e+08   3.02138641927741e-06   2.50103980505602e+01
   1.02790180000000e+08   8.55625955864525e-07   2.50103980505602e+01
   1.03190183000000e+08   1.87269097295939e-06   2.51184832761627e+01
   1.03590185000000e+08   1.93585151464504e-06   2.51224864326656e+01
   1.03990188000000e+08   2.11821134143975e-06   2.50664422416190e+01
   1.04390191000000e+08   2.09365248338145e-06   2.51505085281844e+01
   1.04790193000000e+08   8.48398997277400e-07   2.49543538594890e+01
   1.48286060000000e+08   4.56992490217090e-03   2.51024706501504e+01
   1.48686063000000e+08   1.53733117258525e-06   2.50704453981228e+01
   1.49086066000000e+08   7.22716436030169e-07   2.50784517111300e+01
   1.49486068000000e+08   2.79529399449530e-06   2.50344169895869e+01
   1.49886071000000e+08   6.92832884396921e-07   2.51344959021740e+01
   1.50286073000000e+08   3.30675334225816e-06   2.50144012070648e+01
   1.50686076000000e+08  -5.03034591758933e-08   2.50304138330826e+01
   1.51086079000000e+08   5.78894400860008e-07   2.50584359286114e+01
   1.51486081000000e+08   3.47948366652417e-06   2.50063948940555e+01
   1.51886084000000e+08   9.63296997724683e-07   2.49903822680362e+01
   1.52286087000000e+08   2.16284911402909e-06   2.51144801196597e+01
   1.52686089000000e+08   4.55360748219391e-07   2.49383412334665e+01
   1.53086092000000e+08   2.07649554795353e-06   2.50344169895869e+01
   1.53486094000000e+08   2.88570731754589e-06   2.49943854245411e+01
   1.53886097000000e+08   3.09620304506097e-07   2.50504296156035e+01
   1.54286100000000e+08   3.35106551574427e-06   2.49863791115312e+01
   1.54686102000000e+08   9.28548786305328e-07   2.50103980505602e+01
   1.55086105000000e+08   2.02279966288188e-06   2.49343380769607e+01
   1.55486108000000e+08   2.56906582762895e-06   2.50344169895869e+01
   1.55886110000000e+08   1.33685284708918e-06   2.50984674936472e+01
   1.56286113000000e+08   2.51568326348206e-06   2.49623601725000e+01
   1.56686115000000e+08   7.81759510459779e-08   2.50103980505602e+01
   1.57086118000000e+08   2.63425681623630e-06   2.49623601725000e+01
   1.57486121000000e+08   2.87767716145026e-06   2.50864580241371e+01
   1.57886123000000e+08   5.52672759113193e-07   2.51024706501504e+01
   1.92537104000000e+08  -2.02256231568754e-03   2.50624390851152e+01
   1.92937107000000e+08   9.91944716588478e-07   2.50864580241371e+01
   1.93337109000000e+08   2.62593880506756e-06   2.51705243106959e+01
   1.93737112000000e+08   1.93874734577548e-06   2.49463475464779e+01
   1.94137115000000e+08   1.64790822054783e-06   2.50984674936472e+01
   1.94537117000000e+08   2.19178082261351e-06   2.50063948940555e+01
   1.94937120000000e+08   1.28117574149655e-06   2.50224075200738e+01
   1.95337122000000e+08   2.93475272883370e-06   2.50304138330826e+01
   1.95737125000000e+08   1.75185778061859e-06   2.49623601725000e+01
   1.96137128000000e+08   1.55225745857024e-06   2.49783727985210e+01
   1.96537130000000e+08   2.10889243135171e-06   2.49623601725000e+01
   1.96937133000000e+08   1.36764515445975e-06   2.48462686338171e+01
   1.97337136000000e+08   2.74431886282400e-06   2.49863791115312e+01
   1.97737138000000e+08   1.35739821871539e-06   2.48742907293661e+01
   1.98137141000000e+08   1.31431568206608e-06   2.50144012070648e+01
   1.98537143000000e+08   1.82012661298359e-06   2.49983885810460e+01
   1.98937146000000e+08   1.10716564449831e-06   2.49943854245411e+01
   1.99337149000000e+08   2.48683181780507e-06   2.51304927456713e+01
   1.99737151000000e+08   9.44680948578025e-07   2.50584359286114e+01
   2.00137154000000e+08   1.60728461651161e-06   2.50584359286114e+01
   2.00537157000000e+08   1.63570939548663e-06   2.50744485546264e+01
   2.00937159000000e+08   1.37695724333753e-06   2.51505085281844e+01
   2.01337162000000e+08   2.18163540921523e-06   2.51344959021740e+01
   2.01737164000000e+08   1.13119415345864e-06   2.50704453981228e+01
   2.02137167000000e+08   1.65967264820210e-06   2.50184043635693e+01
