   4.00003000000000e+05   1.66647021160315e-06   2.49183254509368e+01
   8.00005000000000e+05   1.75542902525194e-06   2.45260161130376e+01
   1.20000800000000e+06   1.57400904754468e-06   2.52425811277244e+01
   1.60001000000000e+06   1.71442047758319e-06   2.51665211541937e+01
   2.00001300000000e+06   1.59216301653942e-06   2.50424233025953e+01
   2.40001500000000e+06   1.75368415966659e-06   2.48943065118992e+01
   2.80001800000000e+06   1.66736754181329e-06   2.48582781033385e+01
   3.20002100000000e+06   1.87187265510147e-06   2.53466631967301e+01
   3.60002300000000e+06   1.95879783859709e-06   2.50224075200738e+01
   4.00002600000000e+06   1.95488951248990e-06   2.51224864326656e+01
   4.40002800000000e+06   1.88495698694169e-06   2.50344169895869e+01
   4.80003100000000e+06   1.92616334970808e-06   2.52666000667294e+01
   5.20003400000000e+06   1.82794281045062e-06   2.52225653452185e+01
   5.60003600000000e+06   1.82459496045340e-06   2.50784517111300e+01
   6.00003900000000e+06   1.79822200152557e-06   2.51384990586767e+01
   6.40004100000000e+06   1.83689564892120e-06   2.50023917375508e+01
   6.80004400000000e+06   1.83259101049771e-06   2.51665211541937e+01
   7.20004700000000e+06   1.83966994882212e-06   2.52585937537280e+01
   7.60004900000000e+06   1.93264486370026e-06   2.49823759550261e+01
   8.00005200000000e+06   1.92716902347456e-06   2.51224864326656e+01
   8.40005400000000e+06   1.84627651833580e-06   2.45380255825742e+01
   8.80005700000000e+06   1.97790291167621e-06   2.49703664855106e+01
   9.20006000000000e+06   1.66656980127300e-06   2.48382623208026e+01
   9.60006200000000e+06   1.80039876340743e-06   2.51945432497076e+01
   4.21259510000000e+07   1.39800176839344e-04   2.50144012070648e+01
   4.25259530000000e+07   1.49393656556640e-06   2.50544327721075e+01
   4.29259560000000e+07   1.66111874477792e-06   2.50464264590994e+01
   4.33259590000000e+07   1.83222209670930e-06   2.50023917375508e+01
   4.37259610000000e+07   1.68616054452286e-06   2.50264106765782e+01
   4.41259640000000e+07   1.76350431502215e-06   2.49943854245411e+01
   4.45259660000000e+07   1.74319973211823e-06   2.50544327721075e+01
   4.49259690000000e+07   1.73493424426852e-06   2.49943854245411e+01
   4.53259710000000e+07   1.87398495654634e-06   2.49343380769607e+01
   4.57259740000000e+07   1.61817433763645e-06   2.50184043635693e+01
   4.61259770000000e+07   1.90138200650836e-06   2.50063948940555e+01
   4.65259790000000e+07   1.68872691119759e-06   2.49983885810460e+01
   4.69259820000000e+07   1.86290765213926e-06   2.51344959021740e+01
   4.73259840000000e+07   1.92712604984990e-06   2.50384201460911e+01
   4.77259870000000e+07   1.86857687367592e-06   2.50063948940555e+01
   4.81259900000000e+07   1.98908060156100e-06   2.50944643371439e+01
   4.85259920000000e+07   1.89532988770225e-06   2.50944643371439e+01
   4.89259950000000e+07   1.87893454040022e-06   2.50103980505602e+01
   4.93259970000000e+07   1.88418209745578e-06   2.49503507029835e+01
   4.97260000000000e+07   1.67091275216080e-06   2.49743696420159e+01
   5.01260030000000e+07   1.86073270924680e-06   2.49863791115312e+01
   5.05260050000000e+07   1.73260832525557e-06   2.50904611806405e+01
   5.09260080000000e+07   1.86622230557987e-06   2.50424233025953e+01
   5.13260100000000e+07   1.81973211965669e-06   2.50224075200738e+01
   5.17260130000000e+07   1.70060195614496e-06   2.50664422416190e+01
   9.54851020000000e+07   2.16800021007657e-04   2.52666000667294e+01
   9.58851050000000e+07   1.61159005074296e-06   2.45380255825742e+01
   9.62851080000000e+07   2.12298141377687e-06   2.50023917375508e+01
   9.66851100000000e+07   1.42871760999697e-06   2.50504296156035e+01
   9.70851130000000e+07   2.00175441023021e-06   2.49503507029835e+01
   9.74851150000000e+07   1.62106357493030e-06   2.51264895891685e+01
   9.78851180000000e+07   1.60996444265038e-06   2.48342591642952e+01
   9.82851210000000e+07   1.94154949895164e-06   2.48422654773099e+01
   9.86851230000000e+07   1.33749870201427e-06   2.49903822680362e+01
   9.90851260000000e+07   1.90816149370221e-06   2.50824548676336e+01
   9.94851280000000e+07   1.56345697632787e-06   2.44179308871828e+01
   9.98851310000000e+07   1.59079297645803e-06   2.52746063797306e+01
   1.00285134000000e+08   1.83298448064306e-06   2.52465842842254e+01
   1.00685136000000e+08   1.43259615015268e-06   2.50304138330826e+01
   1.01085139000000e+08   1.95680422621081e-06   2.48422654773099e+01
   1.01485141000000e+08   1.63636673278234e-06   2.50904611806405e+01
   1.01885144000000e+08   1.77384072230780e-06   2.44859845479116e+01
   1.02285147000000e+08   1.97165809368016e-06   2.54067105442143e+01
   1.02685149000000e+08   1.52052859903051e-06   2.52025495627110e+01
   1.03085152000000e+08   2.03221952688182e-06   2.53866947617211e+01
   1.03485154000000e+08   1.69041504705092e-06   2.49863791115312e+01
   1.03885157000000e+08   1.94532526620605e-06   2.50264106765782e+01
   1.04285160000000e+08   1.89373406556115e-06   2.47902244427099e+01
   1.04685162000000e+08   1.73927423929854e-06   2.50464264590994e+01
   1.05085165000000e+08   1.98650946003909e-06   2.50384201460911e+01
   1.49023820000000e+08   1.86850214959122e-04   2.50544327721075e+01
   1.49423823000000e+08   1.60411457272858e-06   2.50464264590994e+01
   1.49823825000000e+08   1.73066234765429e-06   2.49343380769607e+01
   1.50223828000000e+08   1.75117202161346e-06   2.50384201460911e+01
   1.50623831000000e+08   1.55414261371334e-06   2.49423443899722e+01
   1.51023833000000e+08   1.79976905201329e-06   2.50184043635693e+01
   1.51423836000000e+08   1.69136615113530e-06   2.49703664855106e+01
   1.51823838000000e+08   1.69821680628957e-06   2.49663633290053e+01
   1.52223841000000e+08   1.70293560586288e-06   2.49423443899722e+01
   1.52623843000000e+08   1.61484638283582e-06   2.50023917375508e+01
   1.53023846000000e+08   1.93926848623960e-06   2.51064738066536e+01
   1.53423849000000e+08   1.82210374077840e-06   2.50103980505602e+01
   1.53823851000000e+08   2.01583361558733e-06   2.51505085281844e+01
   1.54223854000000e+08   1.99005899048643e-06   2.51505085281844e+01
   1.54623856000000e+08   1.88594583505619e-06   2.51344959021740e+01
   1.55023859000000e+08   2.01542138711375e-06   2.50103980505602e+01
   1.55423862000000e+08   1.83633972028474e-06   2.50424233025953e+01
   1.55823864000000e+08   1.95372240341385e-06   2.51024706501504e+01
   1.56223867000000e+08   1.87322859801498e-06   2.50063948940555e+01
   1.56623869000000e+08   1.80256824933167e-06   2.50344169895869e+01
   1.57023872000000e+08   1.87284638286656e-06   2.49583570159945e+01
   1.57423875000000e+08   1.48769447605446e-06   2.49023128249120e+01
   1.57823877000000e+08   1.63376114414859e-06   2.50063948940555e+01
   1.58223880000000e+08   1.54471126734279e-06   2.49303349204548e+01
   1.58623882000000e+08   1.55408031332627e-06   2.49583570159945e+01
   1.94178546000000e+08   1.67775069712661e-04   2.50344169895869e+01
   1.94578548000000e+08   2.00880640477408e-06   2.49983885810460e+01
   1.94978551000000e+08   1.76819798980432e-06   2.49903822680362e+01
   1.95378554000000e+08   1.90649507203489e-06   2.49303349204548e+01
   1.95778556000000e+08   1.82052849595493e-06   2.49783727985210e+01
   1.96178559000000e+08   1.69433769769967e-06   2.50784517111300e+01
   1.96578561000000e+08   1.93102596313111e-06   2.50984674936472e+01
   1.96978564000000e+08   1.72288469002524e-06   2.50984674936472e+01
   1.97378567000000e+08   1.73185492258199e-06   2.49743696420159e+01
   1.97778569000000e+08   1.80060806087567e-06   2.50184043635693e+01
   1.98178572000000e+08   1.72792931607546e-06   2.51465053716819e+01
   1.98578574000000e+08   1.90348941941920e-06   2.50624390851152e+01
   1.98978577000000e+08   1.63262564001343e-06   2.50504296156035e+01
   1.99378580000000e+08   1.83418592314410e-06   2.49703664855106e+01
   1.99778582000000e+08   1.76485286829120e-06   2.51224864326656e+01
   2.00178585000000e+08   1.63653965046251e-06   2.50023917375508e+01
   2.00578587000000e+08   1.85856197276735e-06   2.50464264590994e+01
   2.00978590000000e+08   1.75879358721431e-06   2.50584359286114e+01
   2.01378593000000e+08   1.96664359464194e-06   2.50584359286114e+01
   2.01778595000000e+08   1.93965865946666e-06   2.50224075200738e+01
   2.02178598000000e+08   1.92250013242301e-06   2.49663633290053e+01
   2.02578600000000e+08   2.12129975807329e-06   2.50424233025953e+01
   2.02978603000000e+08   1.82328710707225e-06   2.50504296156035e+01
   2.03378606000000e+08   1.97209351426864e-06   2.49623601725000e+01
   2.03778608000000e+08   1.80060226284695e-06   2.51384990586767e+01
