   4.00002000000000e+05   1.89539014172624e-06   2.50424233025953e+01
   8.00005000000000e+05   1.91309709407506e-06   2.51144801196597e+01
   1.20000700000000e+06   1.74042054368329e-06   2.50103980505602e+01
   1.60001000000000e+06   2.21776190301171e-06   2.49343380769607e+01
   2.00001300000000e+06   1.59825162882044e-06   2.50904611806405e+01
   2.40001500000000e+06   2.05409082809638e-06   2.50984674936472e+01
   2.80001800000000e+06   1.87738237400481e-06   2.50624390851152e+01
   3.20002000000000e+06   1.77791673650063e-06   2.50063948940555e+01
   3.60002300000000e+06   1.73633839040122e-06   2.48983096684056e+01
   4.00002600000000e+06   1.63413778864197e-06   2.50184043635693e+01
   4.40002800000000e+06   1.66462791639788e-06   2.51425022151793e+01
   4.80003100000000e+06   1.82596932063461e-06   2.49223286074429e+01
   5.20003300000000e+06   1.54084750647598e-06   2.50224075200738e+01
   5.60003600000000e+06   1.99236296793970e-06   2.50904611806405e+01
   6.00003900000000e+06   1.66054041983443e-06   2.50824548676336e+01
   6.40004100000000e+06   1.96386076822819e-06   2.50784517111300e+01
   6.80004400000000e+06   1.78515267634793e-06   2.49903822680362e+01
   7.20004600000000e+06   1.69862653365271e-06   2.49423443899722e+01
   7.60004900000000e+06   1.99745181816979e-06   2.49583570159945e+01
   8.00005200000000e+06   1.64317373219092e-06   2.50584359286114e+01
   8.40005400000000e+06   1.88101148523856e-06   2.50464264590994e+01
   8.80005700000000e+06   1.73614091636409e-06   2.49663633290053e+01
   9.20005900000000e+06   2.12210557037906e-06   2.49823759550261e+01
   9.60006200000000e+06   2.75704746854899e-06   2.49863791115312e+01
   4.22301540000000e+07  -2.07862444221973e-03   2.48863001988861e+01
   4.26301560000000e+07   6.20258447270317e-07   2.49983885810460e+01
   4.30301590000000e+07   2.48516698775347e-06   2.50864580241371e+01
   4.34301620000000e+07   1.95727830032411e-06   2.50904611806405e+01
   4.38301640000000e+07   7.15459009370534e-07   2.51064738066536e+01
   4.42301670000000e+07   2.36260575547931e-06   2.51064738066536e+01
   4.46301690000000e+07   7.80284324264358e-07   2.50344169895869e+01
   4.50301720000000e+07   2.63251104115625e-06   2.50584359286114e+01
   4.54301750000000e+07   2.19919911614852e-06   2.51184832761627e+01
   4.58301770000000e+07   1.20247034374188e-06   2.51184832761627e+01
   4.62301800000000e+07   2.78700554190436e-06   2.51785306237000e+01
   4.66301820000000e+07   1.24533426060225e-06   2.51064738066536e+01
   4.70301850000000e+07   2.82531686934817e-06   2.50504296156035e+01
   4.74301870000000e+07   2.53216830969905e-06   2.50144012070648e+01
   4.78301900000000e+07   1.32741558900307e-06   2.51024706501504e+01
   4.82301930000000e+07   2.87039915747300e-06   2.49143222944307e+01
   4.86301950000000e+07   1.46437173498271e-06   2.48782938858728e+01
   4.90301980000000e+07   3.00461238111893e-06   2.49863791115312e+01
   4.94302000000000e+07   2.29410420615750e-06   2.49583570159945e+01
   4.98302030000000e+07   1.13599674023135e-06   2.49663633290053e+01
   5.02302060000000e+07   2.57507917922339e-06   2.50664422416190e+01
   5.06302080000000e+07   1.41473196890729e-06   2.49303349204548e+01
   5.10302110000000e+07   2.49944264396618e-06   2.49223286074429e+01
   5.14302130000000e+07   1.94977769751858e-06   2.49783727985210e+01
   5.18302160000000e+07   7.84768474204611e-07   2.50184043635693e+01
   9.54903380000000e+07   4.65459981933236e-03   2.50864580241371e+01
   9.58903410000000e+07   2.14671536014066e-06   2.49983885810460e+01
   9.62903440000000e+07   1.46956824664812e-06   2.49263317639489e+01
   9.66903460000000e+07   9.35862601636472e-07   2.49903822680362e+01
   9.70903490000000e+07   3.00078795589798e-06   2.48943065118992e+01
   9.74903510000000e+07   1.41575560519414e-06   2.49023128249120e+01
   9.78903540000000e+07   2.30296382142114e-06   2.49503507029835e+01
   9.82903570000000e+07   1.53897428845085e-06   2.50384201460911e+01
   9.86903590000000e+07   1.38175744268665e-06   2.49743696420159e+01
   9.90903620000000e+07   3.01922409562394e-06   2.50904611806405e+01
   9.94903640000000e+07   1.35210359530902e-06   2.50224075200738e+01
   9.98903670000000e+07   2.17704177885025e-06   2.50384201460911e+01
   1.00290370000000e+08   1.78349159796198e-06   2.50584359286114e+01
   1.00690372000000e+08   1.35854293148441e-06   2.50264106765782e+01
   1.01090375000000e+08   2.69098109129118e-06   2.50464264590994e+01
   1.01490377000000e+08   1.06347852124600e-06   2.51024706501504e+01
   1.01890380000000e+08   1.94503286365943e-06   2.49983885810460e+01
   1.02290383000000e+08   1.20138554393634e-06   2.50464264590994e+01
   1.02690385000000e+08   9.88019451142463e-07   2.51344959021740e+01
   1.03090388000000e+08   2.34404433285818e-06   2.50063948940555e+01
   1.03490390000000e+08   1.36869823563757e-06   2.51224864326656e+01
   1.03890393000000e+08   1.85397743734939e-06   2.49623601725000e+01
   1.04290396000000e+08   1.30181490476389e-06   2.50184043635693e+01
   1.04690398000000e+08   1.07575908714352e-06   2.50424233025953e+01
   1.05090401000000e+08   2.83816302726336e-06   2.49943854245411e+01
   1.48581767000000e+08  -4.25062514841557e-03   2.50344169895869e+01
   1.48981769000000e+08   1.45196145240334e-06   2.50384201460911e+01
   1.49381772000000e+08   1.85499914095999e-06   2.50264106765782e+01
   1.49781775000000e+08   5.72135093079851e-07   2.49783727985210e+01
   1.50181777000000e+08   1.65347125857807e-06   2.51104769631567e+01
   1.50581780000000e+08   3.13673081109300e-06   2.49703664855106e+01
   1.50981782000000e+08   1.42380099532602e-06   2.48822970423795e+01
   1.51381785000000e+08   1.95727511709265e-06   2.50584359286114e+01
   1.51781787000000e+08   6.52540734336071e-07   2.50904611806405e+01
   1.52181790000000e+08   2.13170164897747e-06   2.50984674936472e+01
   1.52581793000000e+08   3.02343323710375e-06   2.50544327721075e+01
   1.52981795000000e+08   1.52169684497494e-06   2.51264895891685e+01
   1.53381798000000e+08   1.70256373621669e-06   2.50304138330826e+01
   1.53781800000000e+08   6.24224526291073e-07   2.51505085281844e+01
   1.54181803000000e+08   1.71483156918839e-06   2.51505085281844e+01
   1.54581806000000e+08   2.63152151092072e-06   2.51224864326656e+01
   1.54981808000000e+08   1.18214529720717e-06   2.50784517111300e+01
   1.55381811000000e+08   1.75622187725821e-06   2.50784517111300e+01
   1.55781813000000e+08   5.64087599741470e-07   2.49663633290053e+01
   1.56181816000000e+08   1.96837822841189e-06   2.50103980505602e+01
   1.56581819000000e+08   2.67854306912341e-06   2.49743696420159e+01
   1.56981821000000e+08   1.31641002099059e-06   2.50784517111300e+01
   1.57381824000000e+08   2.04692742045154e-06   2.50544327721075e+01
   1.57781826000000e+08   1.13599674023135e-06   2.50264106765782e+01
   1.58181829000000e+08   2.36909704653954e-06   2.50304138330826e+01
   1.93233810000000e+08   2.38912506029010e-03   2.50184043635693e+01
   1.93633812000000e+08   1.39451310587901e-06   2.49983885810460e+01
   1.94033815000000e+08   3.38005816047371e-06   2.50224075200738e+01
   1.94433817000000e+08   1.53299049543421e-06   2.49463475464779e+01
   1.94833820000000e+08   2.25775147555396e-06   2.50344169895869e+01
   1.95233823000000e+08   1.74378851625079e-06   2.50464264590994e+01
   1.95633825000000e+08   1.24302675885701e-06   2.49783727985210e+01
   1.96033828000000e+08   3.16940463562787e-06   2.50464264590994e+01
   1.96433830000000e+08   1.42514625167678e-06   2.50344169895869e+01
   1.96833833000000e+08   2.38178108702414e-06   2.50344169895869e+01
   1.97233835000000e+08   1.28680244415591e-06   2.49383412334665e+01
   1.97633838000000e+08   9.77899048848485e-07   2.50264106765782e+01
   1.98033841000000e+08   2.88840169559990e-06   2.49783727985210e+01
   1.98433843000000e+08   1.09854352103866e-06   2.49903822680362e+01
   1.98833846000000e+08   1.86737622698274e-06   2.50344169895869e+01
   1.99233848000000e+08   1.30255250496703e-06   2.49783727985210e+01
   1.99633851000000e+08   1.43545560149505e-06   2.50624390851152e+01
   2.00033854000000e+08   2.89145759779785e-06   2.50984674936472e+01
   2.00433856000000e+08   1.06136485555908e-06   2.49303349204548e+01
   2.00833859000000e+08   2.27450641432370e-06   2.49983885810460e+01
   2.01233861000000e+08   1.32061234126013e-06   2.50424233025953e+01
   2.01633864000000e+08   1.22325945994817e-06   2.49703664855106e+01
   2.02033867000000e+08   2.56580938184925e-06   2.50264106765782e+01
   2.02433869000000e+08   1.15398404432199e-06   2.49743696420159e+01
   2.02833872000000e+08   2.25014559873671e-06   2.49743696420159e+01
