   4.00003000000000e+05   2.07590960599191e-06   2.51024706501504e+01
   8.00005000000000e+05   2.28225167120399e-06   2.50304138330826e+01
   1.20000800000000e+06   2.33480454880919e-06   2.50144012070648e+01
   1.60001100000000e+06   1.95958386939310e-06   2.50864580241371e+01
   2.00001300000000e+06   1.91071285371436e-06   2.49743696420159e+01
   2.40001600000000e+06   1.59902992891148e-06   2.50584359286114e+01
   2.80001800000000e+06   1.78316156507208e-06   2.49863791115312e+01
   3.20002100000000e+06   1.68807582667796e-06   2.50344169895869e+01
   3.60002300000000e+06   1.54844519784092e-06   2.49743696420159e+01
   4.00002600000000e+06   1.90133482647070e-06   2.50304138330826e+01
   4.40002900000000e+06   1.60604395205155e-06   2.50023917375508e+01
   4.80003100000000e+06   1.65369340265897e-06   2.50744485546264e+01
   5.20003400000000e+06   1.80796541826567e-06   2.50464264590994e+01
   5.60003600000000e+06   1.61502828177618e-06   2.50144012070648e+01
   6.00003900000000e+06   1.87164573617338e-06   2.50144012070648e+01
   6.40004200000000e+06   1.56855458044447e-06   2.50184043635693e+01
   6.80004400000000e+06   1.80780170921935e-06   2.51224864326656e+01
   7.20004700000000e+06   1.88026626801729e-06   2.50304138330826e+01
   7.60004900000000e+06   1.57226338615146e-06   2.50384201460911e+01
   8.00005200000000e+06   2.24882955990324e-06   2.50264106765782e+01
   8.40005500000000e+06   2.07408038477297e-06   2.50944643371439e+01
   8.80005700000000e+06   2.20566630559915e-06   2.50344169895869e+01
   9.20006000000000e+06   2.15378895518370e-06   2.49943854245411e+01
   9.60006200000000e+06   2.03653530661541e-06   2.50023917375508e+01
   4.23597160000000e+07   2.38897511735559e-03   2.48702875728593e+01
   4.27597190000000e+07   1.98046541299846e-06   2.49103191379245e+01
   4.31597210000000e+07   3.15709735332348e-06   2.49143222944307e+01
   4.35597240000000e+07   1.12714610622788e-06   2.49543538594890e+01
   4.39597260000000e+07   2.97096789836360e-06   2.49943854245411e+01
   4.43597290000000e+07   2.10090979635424e-06   2.50103980505602e+01
   4.47597320000000e+07   2.54343763117504e-06   2.50864580241371e+01
   4.51597340000000e+07   3.72707700080355e-06   2.49743696420159e+01
   4.55597370000000e+07   1.59089017870429e-06   2.51184832761627e+01
   4.59597390000000e+07   2.86627005152695e-06   2.51184832761627e+01
   4.63597420000000e+07   1.95118991541676e-06   2.51985464062093e+01
   4.67597450000000e+07   2.41917678067693e-06   2.50424233025953e+01
   4.71597470000000e+07   3.39265125148813e-06   2.50544327721075e+01
   4.75597500000000e+07   1.35029301873146e-06   2.51064738066536e+01
   4.79597520000000e+07   2.43187810156087e-06   2.50904611806405e+01
   4.83597550000000e+07   1.64138191394159e-06   2.50384201460911e+01
   4.87597580000000e+07   1.77538356638252e-06   2.48943065118992e+01
   4.91597600000000e+07   2.80703989119502e-06   2.49823759550261e+01
   4.95597630000000e+07   9.47763112435496e-07   2.50184043635693e+01
   4.99597650000000e+07   1.73847274709260e-06   2.50304138330826e+01
   5.03597680000000e+07   7.41014559935138e-07   2.49063159814183e+01
   5.07597700000000e+07   1.07589369235939e-06   2.49863791115312e+01
   5.11597730000000e+07   1.95616826204059e-06   2.49503507029835e+01
   5.15597760000000e+07   2.54001264465842e-07   2.48943065118992e+01
   5.19597780000000e+07   1.71116312230879e-06   2.49343380769607e+01
   9.58591470000000e+07  -4.27574990317225e-03   2.50424233025953e+01
   9.62591500000000e+07   2.26272027248342e-06   2.50184043635693e+01
   9.66591520000000e+07   1.72153477251413e-06   2.50984674936472e+01
   9.70591550000000e+07   6.17249895640271e-07   2.49823759550261e+01
   9.74591580000000e+07   1.55026145876036e-06   2.51384990586767e+01
   9.78591600000000e+07   2.02452793018892e-06   2.49863791115312e+01
   9.82591630000000e+07   2.86513500213914e-06   2.48742907293661e+01
   9.86591650000000e+07   2.33831610785273e-06   2.49343380769607e+01
   9.90591680000000e+07   1.18363254841825e-06   2.54907768306689e+01
   9.94591700000000e+07   2.17212868847128e-06   2.49903822680362e+01
   9.98591730000000e+07   2.44386546910391e-06   2.49063159814183e+01
   1.00259176000000e+08   3.09130086861842e-06   2.49663633290053e+01
   1.00659178000000e+08   2.59463990914810e-06   2.50424233025953e+01
   1.01059181000000e+08   1.59608214289619e-06   2.49343380769607e+01
   1.01459183000000e+08   2.36798746300337e-06   2.49983885810460e+01
   1.01859186000000e+08   2.13710814023216e-06   2.49583570159945e+01
   1.02259189000000e+08   2.54088308793143e-06   2.49943854245411e+01
   1.02659191000000e+08   2.10009216061735e-06   2.51024706501504e+01
   1.03059194000000e+08   9.63958882493898e-07   2.50584359286114e+01
   1.03459196000000e+08   1.82855126240611e-06   2.50023917375508e+01
   1.03859199000000e+08   1.48969718338776e-06   2.50784517111300e+01
   1.04259202000000e+08   1.73624380295223e-06   2.50224075200738e+01
   1.04659204000000e+08   1.24377311294666e-06   2.51144801196597e+01
   1.05059207000000e+08   3.22448755696314e-07   2.50944643371439e+01
   1.05459209000000e+08   1.10642213257961e-06   2.49743696420159e+01
   1.49053263000000e+08   4.67614969238639e-03   2.49543538594890e+01
   1.49453265000000e+08   3.41686677529651e-06   2.50584359286114e+01
   1.49853268000000e+08   9.30707130919473e-07   2.50824548676336e+01
   1.50253271000000e+08   2.20699575947947e-06   2.50224075200738e+01
   1.50653273000000e+08   2.89093736682844e-06   2.50704453981228e+01
   1.51053276000000e+08   4.04066327064356e-07   2.50224075200738e+01
   1.51453278000000e+08   3.65032838089974e-06   2.50384201460911e+01
   1.51853281000000e+08   8.07370668098883e-07   2.50063948940555e+01
   1.52253284000000e+08   1.55139639446134e-06   2.49743696420159e+01
   1.52653286000000e+08   2.31328067457071e-06   2.50063948940555e+01
   1.53053289000000e+08  -2.74152540669093e-07   2.49583570159945e+01
   1.53453291000000e+08   2.98472104987013e-06   2.50464264590994e+01
   1.53853294000000e+08   4.78321283026162e-07   2.50624390851152e+01
   1.54253296000000e+08   1.44584214467613e-06   2.49503507029835e+01
   1.54653299000000e+08   1.96179280465003e-06   2.48943065118992e+01
   1.55053302000000e+08  -2.17151026049578e-07   2.49663633290053e+01
   1.55453304000000e+08   2.74026297120145e-06   2.50504296156035e+01
   1.55853307000000e+08   8.54206746225827e-07   2.50384201460911e+01
   1.56253309000000e+08   1.80269455540838e-06   2.50384201460911e+01
   1.56653312000000e+08   2.55116947300849e-06   2.50184043635693e+01
   1.57053315000000e+08   2.77759880873418e-07   2.49663633290053e+01
   1.57453317000000e+08   3.11520147988631e-06   2.49823759550261e+01
   1.57853320000000e+08   1.02465594409296e-06   2.49543538594890e+01
   1.58253322000000e+08   1.89243871773215e-06   2.50344169895869e+01
   1.58653325000000e+08   2.40558188124851e-06   2.50304138330826e+01
   1.93419215000000e+08  -2.07652500830591e-03   2.49783727985210e+01
   1.93819217000000e+08   1.29794057102117e-06   2.49783727985210e+01
   1.94219220000000e+08   3.19075707011507e-06   2.48943065118992e+01
   1.94619222000000e+08  -5.39433870017092e-07   2.49903822680362e+01
   1.95019225000000e+08   5.92979120028758e-07   2.50264106765782e+01
   1.95419228000000e+08   1.91129151971836e-06   2.49383412334665e+01
   1.95819230000000e+08   1.00718602880079e-06   2.50144012070648e+01
   1.96219233000000e+08   2.54103406405193e-06   2.50824548676336e+01
   1.96619235000000e+08  -7.68648760640644e-07   2.50264106765782e+01
   1.97019238000000e+08   5.36359294756039e-08   2.50224075200738e+01
   1.97419241000000e+08   1.58227396696020e-06   2.49823759550261e+01
   1.97819243000000e+08   1.09411143967009e-06   2.50984674936472e+01
   1.98219246000000e+08   3.22278378916963e-06   2.50224075200738e+01
   1.98619248000000e+08   9.15897135911337e-09   2.50704453981228e+01
   1.99019251000000e+08   8.85416909568448e-07   2.50144012070648e+01
   1.99419253000000e+08   2.19069579543429e-06   2.50584359286114e+01
   1.99819256000000e+08   1.55548673319572e-06   2.50424233025953e+01
   2.00219259000000e+08   3.40755059369258e-06   2.50744485546264e+01
   2.00619261000000e+08   3.79681864615122e-07   2.49703664855106e+01
   2.01019264000000e+08   1.19573667234363e-06   2.49863791115312e+01
   2.01419266000000e+08   2.47633624894661e-06   2.50184043635693e+01
   2.01819269000000e+08   1.73890362020757e-06   2.49023128249120e+01
   2.02219272000000e+08   3.30364400724648e-06   2.50184043635693e+01
   2.02619274000000e+08   5.07618096889928e-07   2.48903033553927e+01
   2.03019277000000e+08   1.24721418615081e-06   2.50344169895869e+01
