   4.00003000000000e+05   1.92193624570791e-06   2.49743696420159e+01
   8.00005000000000e+05   1.48493018059526e-06   2.51344959021740e+01
   1.20000800000000e+06   2.39551650338399e-06   2.47982307557260e+01
   1.60001100000000e+06   1.99653300114733e-06   2.50544327721075e+01
   2.00001300000000e+06   1.75839841176639e-06   2.50984674936472e+01
   2.40001600000000e+06   2.05960100174707e-06   2.50824548676336e+01
   2.80001800000000e+06   2.34240178542677e-06   2.49903822680362e+01
   3.20002100000000e+06   1.95736151908932e-06   2.48943065118992e+01
   3.60002400000000e+06   1.63595041158260e-06   2.49703664855106e+01
   4.00002600000000e+06   2.19318985728023e-06   2.47982307557260e+01
   4.40002900000000e+06   2.39007226809917e-06   2.50584359286114e+01
   4.80003100000000e+06   1.80451252163039e-06   2.50624390851152e+01
   5.20003400000000e+06   2.03689251065953e-06   2.49663633290053e+01
   5.60003700000000e+06   2.34047843150620e-06   2.49743696420159e+01
   6.00003900000000e+06   2.02812157112930e-06   2.48622812598455e+01
   6.40004200000000e+06   1.32708998989983e-06   2.49823759550261e+01
   6.80004400000000e+06   1.63766378591390e-06   2.49023128249120e+01
   7.20004700000000e+06   2.12636700780422e-06   2.49383412334665e+01
   7.60005000000000e+06   1.48454705595213e-06   2.48062370687418e+01
   8.00005200000000e+06   1.66539712154190e-06   2.48382623208026e+01
   8.40005500000000e+06   2.12131385524117e-06   2.49703664855106e+01
   8.80005800000000e+06   1.96540963770531e-06   2.49623601725000e+01
   9.20006000000000e+06   1.69821703366324e-06   2.52425811277244e+01
   9.60006300000000e+06   1.86798160939361e-06   2.49463475464779e+01
   4.22578260000000e+07   1.59112692927010e-04   2.50184043635693e+01
   4.26578280000000e+07   2.01893203666259e-06   2.50664422416190e+01
   4.30578310000000e+07   2.04694697458763e-06   2.50784517111300e+01
   4.34578330000000e+07   1.87635885140480e-06   2.50864580241371e+01
   4.38578360000000e+07   1.07910136648570e-06   2.51144801196597e+01
   4.42578390000000e+07   3.04672607853718e-06   2.50944643371439e+01
   4.46578410000000e+07   1.26468535199820e-06   2.51144801196597e+01
   4.50578440000000e+07   2.04002731152286e-06   2.49863791115312e+01
   4.54578470000000e+07   1.68226824825979e-06   2.49983885810460e+01
   4.58578490000000e+07   2.19141770685383e-06   2.50384201460911e+01
   4.62578520000000e+07   1.43296949772775e-06   2.48782938858728e+01
   4.66578540000000e+07   1.82020733063837e-06   2.50424233025953e+01
   4.70578570000000e+07   2.05131618713494e-06   2.50304138330826e+01
   4.74578600000000e+07   1.88544709089911e-06   2.50704453981228e+01
   4.78578620000000e+07   1.04317848581559e-06   2.49663633290053e+01
   4.82578650000000e+07   2.50748053076677e-06   2.50224075200738e+01
   4.86578670000000e+07   1.50697474055050e-06   2.50504296156035e+01
   4.90578700000000e+07   1.76694561559998e-06   2.50544327721075e+01
   4.94578730000000e+07   1.54668111917999e-06   2.50824548676336e+01
   4.98578750000000e+07   1.81115558461897e-06   2.50464264590994e+01
   5.02578780000000e+07   2.14004148801905e-06   2.51505085281844e+01
   5.06578800000000e+07   7.42563429412257e-07   2.51384990586767e+01
   5.10578830000000e+07   2.49237427851767e-06   2.51344959021740e+01
   5.14578860000000e+07   1.44710759286681e-06   2.50624390851152e+01
   5.18578880000000e+07   2.02358501155686e-06   2.51425022151793e+01
   9.56856800000000e+07   1.79550072061829e-04   2.51064738066536e+01
   9.60856820000000e+07   1.65367089266510e-06   2.51545116846868e+01
   9.64856850000000e+07   1.41114867346914e-06   2.50384201460911e+01
   9.68856880000000e+07   1.93023674910364e-06   2.49863791115312e+01
   9.72856900000000e+07   1.15798161459679e-06   2.51104769631567e+01
   9.76856930000000e+07   1.79975756964268e-06   2.50184043635693e+01
   9.80856950000000e+07   1.76743367319432e-06   2.51665211541937e+01
   9.84856980000000e+07   1.75640536781430e-06   2.51304927456713e+01
   9.88857010000000e+07   1.78512379989115e-06   2.49423443899722e+01
   9.92857030000000e+07   1.89805598438397e-06   2.52185621887171e+01
   9.96857060000000e+07   2.02152841666248e-06   2.48582781033385e+01
   1.00085709000000e+08   1.93630626199592e-06   2.51264895891685e+01
   1.00485711000000e+08   1.74846786649141e-06   2.49823759550261e+01
   1.00885714000000e+08   2.57792521551892e-06   2.50504296156035e+01
   1.01285716000000e+08   1.59864771376306e-06   2.50984674936472e+01
   1.01685719000000e+08   2.12089412343630e-06   2.51505085281844e+01
   1.02085722000000e+08   1.81916050223663e-06   2.50103980505602e+01
   1.02485724000000e+08   2.06075219466584e-06   2.49543538594890e+01
   1.02885727000000e+08   2.09704330700333e-06   2.50944643371439e+01
   1.03285729000000e+08   1.57442377712869e-06   2.50023917375508e+01
   1.03685732000000e+08   2.34316757996567e-06   2.48302560077878e+01
   1.04085735000000e+08   1.92271909327246e-06   2.52185621887171e+01
   1.04485737000000e+08   1.89855984444876e-06   2.49343380769607e+01
   1.04885740000000e+08   1.97681583813392e-06   2.49703664855106e+01
   1.05285742000000e+08   2.05274704967451e-06   2.51985464062093e+01
   1.48916836000000e+08   2.18850225792266e-04   2.50224075200738e+01
   1.49316838000000e+08   1.74660124230286e-06   2.46701297474385e+01
   1.49716841000000e+08   1.26972906855372e-06   2.50224075200738e+01
   1.50116844000000e+08   2.25877397497243e-06   2.50144012070648e+01
   1.50516846000000e+08   1.66932625234040e-06   2.51785306237000e+01
   1.50916849000000e+08   1.46462446082296e-06   2.49103191379245e+01
   1.51316851000000e+08   2.34708409152518e-06   2.48062370687418e+01
   1.51716854000000e+08   1.54963163367938e-06   2.50224075200738e+01
   1.52116857000000e+08   2.02472483579186e-06   2.51785306237000e+01
   1.52516859000000e+08   1.65219796599558e-06   2.50464264590994e+01
   1.52916862000000e+08   1.89220611446217e-06   2.51825337802020e+01
   1.53316864000000e+08   2.17652382161759e-06   2.50864580241371e+01
   1.53716867000000e+08   1.26388442822645e-06   2.49303349204548e+01
   1.54116870000000e+08   2.24551149585750e-06   2.49583570159945e+01
   1.54516872000000e+08   1.83571398792992e-06   2.47141644690447e+01
   1.54916875000000e+08   1.64532821145258e-06   2.50904611806405e+01
   1.55316877000000e+08   1.94251538232493e-06   2.53626758227272e+01
   1.55716880000000e+08   1.57520923949050e-06   2.48662844163524e+01
   1.56116883000000e+08   1.94703125089291e-06   2.49223286074429e+01
   1.56516885000000e+08   1.55878581153956e-06   2.49663633290053e+01
   1.56916888000000e+08   1.49001903082535e-06   2.49343380769607e+01
   1.57316890000000e+08   1.99940336642612e-06   2.50224075200738e+01
   1.57716893000000e+08   1.38635709845403e-06   2.50504296156035e+01
   1.58116896000000e+08   2.09467270906316e-06   2.52225653452185e+01
   1.58516898000000e+08   1.62096148415003e-06   2.49943854245411e+01
   1.93565661000000e+08   1.51900254422799e-04   2.50944643371439e+01
   1.93965664000000e+08   1.88555998192896e-06   2.49943854245411e+01
   1.94365667000000e+08   1.85134103958262e-06   2.51144801196597e+01
   1.94765669000000e+08   1.53322662299615e-06   2.50063948940555e+01
   1.95165672000000e+08   1.99592955141270e-06   2.51144801196597e+01
   1.95565674000000e+08   1.65096992077451e-06   2.50784517111300e+01
   1.95965677000000e+08   1.70838973190257e-06   2.50544327721075e+01
   1.96365680000000e+08   1.85018268439308e-06   2.50864580241371e+01
   1.96765682000000e+08   1.56858834543527e-06   2.51905400932058e+01
   1.97165685000000e+08   2.02950923267053e-06   2.50624390851152e+01
   1.97565687000000e+08   1.55060274664720e-06   2.50464264590994e+01
   1.97965690000000e+08   1.95568622984865e-06   2.50384201460911e+01
   1.98365693000000e+08   2.04242110157793e-06   2.51104769631567e+01
   1.98765695000000e+08   1.71973033502582e-06   2.50544327721075e+01
   1.99165698000000e+08   2.07831590159913e-06   2.49223286074429e+01
   1.99565700000000e+08   1.69284714957030e-06   2.50464264590994e+01
   1.99965703000000e+08   2.22970652430377e-06   2.50264106765782e+01
   2.00365706000000e+08   1.94318067769927e-06   2.49743696420159e+01
   2.00765708000000e+08   1.90767195817898e-06   2.50144012070648e+01
   2.01165711000000e+08   2.24472205445636e-06   2.50344169895869e+01
   2.01565713000000e+08   1.84925079338427e-06   2.50144012070648e+01
   2.01965716000000e+08   1.95451639228850e-06   2.49623601725000e+01
   2.02365719000000e+08   1.65958203979244e-06   2.49983885810460e+01
   2.02765721000000e+08   1.92443189916958e-06   2.50664422416190e+01
   2.03165724000000e+08   1.95311054085323e-06   2.50424233025953e+01
