   4.00003000000000e+05   1.71611384303105e-06   2.50904611806405e+01
   8.00005000000000e+05   1.86738907359540e-06   2.51465053716819e+01
   1.20000800000000e+06   2.46113654611690e-06   2.50664422416190e+01
   1.60001000000000e+06   1.61815842147917e-06   2.50384201460911e+01
   2.00001300000000e+06   1.83084978289116e-06   2.50944643371439e+01
   2.40001600000000e+06   2.05723358703835e-06   2.51384990586767e+01
   2.80001800000000e+06   1.54859435497201e-06   2.49823759550261e+01
   3.20002100000000e+06   1.65167944032873e-06   2.50103980505602e+01
   3.60002300000000e+06   1.21035839129036e-06   2.50584359286114e+01
   4.00002600000000e+06   1.72479428783845e-06   2.50304138330826e+01
   4.40002900000000e+06   1.66539211932104e-06   2.50584359286114e+01
   4.80003100000000e+06   1.10559665245091e-06   2.50184043635693e+01
   5.20003400000000e+06   1.41141697440617e-06   2.49543538594890e+01
   5.60003700000000e+06   1.51382187141280e-06   2.50344169895869e+01
   6.00003900000000e+06   1.48648450704059e-06   2.49543538594890e+01
   6.40004200000000e+06   1.38293637519382e-06   2.49983885810460e+01
   6.80004400000000e+06   1.28025715184776e-06   2.49983885810460e+01
   7.20004700000000e+06   2.02948695005034e-06   2.50304138330826e+01
   7.60005000000000e+06   1.45838146181632e-06   2.50344169895869e+01
   8.00005200000000e+06   1.38683174100152e-06   2.49663633290053e+01
   8.40005500000000e+06   1.81894188244769e-06   2.49503507029835e+01
   8.80005700000000e+06   2.09689756047737e-06   2.50544327721075e+01
   9.20006000000000e+06   2.22594326260150e-06   2.50384201460911e+01
   9.60006300000000e+06   1.62735625508503e-06   2.50624390851152e+01
   4.23211550000000e+07   2.35835020430386e-03   2.50624390851152e+01
   4.27211580000000e+07   2.03689069167012e-06   2.50384201460911e+01
   4.31211610000000e+07   1.65439337251883e-06   2.50023917375508e+01
   4.35211630000000e+07   2.32830961977015e-06   2.50304138330826e+01
   4.39211660000000e+07   1.83964243660739e-06   2.50103980505602e+01
   4.43211680000000e+07   2.15483487409074e-06   2.51024706501504e+01
   4.47211710000000e+07   1.92387574315944e-06   2.49423443899722e+01
   4.51211740000000e+07   1.61192781433783e-06   2.49863791115312e+01
   4.55211760000000e+07   2.34720664593624e-06   2.51184832761627e+01
   4.59211790000000e+07   1.74631361460342e-06   2.50264106765782e+01
   4.63211810000000e+07   2.09042673304793e-06   2.50944643371439e+01
   4.67211840000000e+07   1.77892354713549e-06   2.50584359286114e+01
   4.71211870000000e+07   1.79245034814812e-06   2.50864580241371e+01
   4.75211890000000e+07   2.25462667913234e-06   2.50384201460911e+01
   4.79211920000000e+07   1.66265681400546e-06   2.51344959021740e+01
   4.83211950000000e+07   2.03068589144095e-06   2.50824548676336e+01
   4.87211970000000e+07   1.61994466907345e-06   2.50344169895869e+01
   4.91212000000000e+07   1.53727421547956e-06   2.50584359286114e+01
   4.95212020000000e+07   1.90553862466913e-06   2.50744485546264e+01
   4.99212050000000e+07   1.44235264087911e-06   2.51024706501504e+01
   5.03212080000000e+07   1.86507770649769e-06   2.51545116846868e+01
   5.07212100000000e+07   1.45531328143989e-06   2.49903822680362e+01
   5.11212130000000e+07   1.46963805036648e-06   2.50624390851152e+01
   5.15212160000000e+07   1.90556136203668e-06   2.50584359286114e+01
   5.19212180000000e+07   1.41110547247081e-06   2.49663633290053e+01
   9.53152810000000e+07  -4.20515006408095e-03   2.50504296156035e+01
   9.57152840000000e+07   3.12033648697252e-06   2.50063948940555e+01
   9.61152860000000e+07   1.34289177822211e-06   2.50184043635693e+01
   9.65152890000000e+07   2.08570486393000e-06   2.50824548676336e+01
   9.69152910000000e+07   9.18302873742505e-07   2.51184832761627e+01
   9.73152940000000e+07   1.94052222468599e-06   2.50664422416190e+01
   9.77152970000000e+07   3.11475241687731e-06   2.50464264590994e+01
   9.81152990000000e+07   1.29130830828217e-06   2.50584359286114e+01
   9.85153020000000e+07   1.91174467545352e-06   2.50864580241371e+01
   9.89153050000000e+07   6.93635229254141e-07   2.49903822680362e+01
   9.93153070000000e+07   1.88038131909707e-06   2.49823759550261e+01
   9.97153100000000e+07   2.61656873590255e-06   2.50544327721075e+01
   1.00115312000000e+08   8.85977613052091e-07   2.50784517111300e+01
   1.00515315000000e+08   1.53844371197920e-06   2.50424233025953e+01
   1.00915318000000e+08   8.58686746596504e-07   2.50784517111300e+01
   1.01315320000000e+08   1.79112930709380e-06   2.51184832761627e+01
   1.01715323000000e+08   2.50306857196847e-06   2.50464264590994e+01
   1.02115326000000e+08   6.41179269678105e-07   2.50344169895869e+01
   1.02515328000000e+08   1.74817751030787e-06   2.49623601725000e+01
   1.02915331000000e+08   1.05336039268877e-06   2.50904611806405e+01
   1.03315333000000e+08   2.12801569432486e-06   2.50864580241371e+01
   1.03715336000000e+08   2.38877919400693e-06   2.50944643371439e+01
   1.04115339000000e+08   7.65066999974806e-07   2.50864580241371e+01
   1.04515341000000e+08   1.82500252776663e-06   2.49543538594890e+01
   1.04915344000000e+08   1.52500820149726e-06   2.50464264590994e+01
   1.49011627000000e+08   4.61142463609576e-03   2.50704453981228e+01
   1.49411630000000e+08   8.76825993145758e-07   2.50824548676336e+01
   1.49811632000000e+08   2.89138893094787e-06   2.55388147086308e+01
   1.50211635000000e+08   1.65728727097303e-06   2.49703664855106e+01
   1.50611638000000e+08   2.97503356705420e-06   2.49943854245411e+01
   1.51011640000000e+08   1.00559975635406e-06   2.49623601725000e+01
   1.51411643000000e+08   4.78885851862287e-07   2.50144012070648e+01
   1.51811645000000e+08   2.54447650149814e-06   2.50464264590994e+01
   1.52211648000000e+08   1.45365856951685e-06   2.49183254509368e+01
   1.52611651000000e+08   2.91732544610568e-06   2.50344169895869e+01
   1.53011653000000e+08   1.10893370219856e-06   2.50144012070648e+01
   1.53411656000000e+08   1.14673582629621e-06   2.50584359286114e+01
   1.53811658000000e+08   3.09520305563638e-06   2.49903822680362e+01
   1.54211661000000e+08   1.53770884026017e-06   2.50664422416190e+01
   1.54611664000000e+08   2.80586687040341e-06   2.50664422416190e+01
   1.55011666000000e+08   9.24557582493435e-07   2.49663633290053e+01
   1.55411669000000e+08   1.18592333819834e-06   2.49223286074429e+01
   1.55811672000000e+08   2.81299321613915e-06   2.50784517111300e+01
   1.56211674000000e+08   1.33088883558230e-06   2.50304138330826e+01
   1.56611677000000e+08   2.93847142529557e-06   2.49343380769607e+01
   1.57011679000000e+08   5.78580511501059e-07   2.50384201460911e+01
   1.57411682000000e+08   1.66954100677685e-06   2.50824548676336e+01
   1.57811685000000e+08   2.85096075458569e-06   2.49783727985210e+01
   1.58211687000000e+08   1.64975847383175e-06   2.49983885810460e+01
   1.58611690000000e+08   2.51993151323404e-06   2.50544327721075e+01
   1.93942677000000e+08  -2.03668721951544e-03   2.50784517111300e+01
   1.94342680000000e+08   2.62783987636794e-06   2.49423443899722e+01
   1.94742682000000e+08   3.03753608932311e-07   2.49863791115312e+01
   1.95142685000000e+08   7.33329272861738e-07   2.50504296156035e+01
   1.95542688000000e+08   3.89176148019033e-06   2.50824548676336e+01
   1.95942690000000e+08   5.05158993746591e-07   2.50023917375508e+01
   1.96342693000000e+08   2.28630005949526e-06   2.50144012070648e+01
   1.96742695000000e+08   3.54394380508438e-08   2.50544327721075e+01
   1.97142698000000e+08   1.56634212089557e-06   2.50063948940555e+01
   1.97542701000000e+08   4.27765235144761e-06   2.50544327721075e+01
   1.97942703000000e+08   3.30863912267887e-07   2.50224075200738e+01
   1.98342706000000e+08   1.69009899764205e-06   2.50264106765782e+01
   1.98742709000000e+08   7.43586042517563e-07   2.50224075200738e+01
   1.99142711000000e+08   1.61683124133560e-06   2.50384201460911e+01
   1.99542714000000e+08   3.80467099603266e-06   2.50224075200738e+01
   1.99942716000000e+08  -5.00296152949886e-07   2.49823759550261e+01
   2.00342719000000e+08   2.21583718484908e-06   2.49863791115312e+01
   2.00742722000000e+08   1.13611974938976e-06   2.50184043635693e+01
   2.01142724000000e+08   1.39175915592205e-06   2.49503507029835e+01
   2.01542727000000e+08   3.24118991557043e-06   2.50624390851152e+01
   2.01942729000000e+08   1.32471427605196e-07   2.49903822680362e+01
   2.02342732000000e+08   2.28466069529532e-06   2.49903822680362e+01
   2.02742735000000e+08   3.57563408215356e-07   2.50424233025953e+01
   2.03142737000000e+08   2.01448165171314e-06   2.50184043635693e+01
   2.03542740000000e+08   3.67912389265257e-06   2.49943854245411e+01
