   4.00003000000000e+05   1.76571984411567e-06   2.49223286074429e+01
   8.00005000000000e+05   2.02127762349846e-06   2.49743696420159e+01
   1.20000800000000e+06   1.58028444730007e-06   2.50144012070648e+01
   1.60001000000000e+06   1.55702184656548e-06   2.50624390851152e+01
   2.00001300000000e+06   1.52128848185384e-06   2.51024706501504e+01
   2.40001600000000e+06   1.49237439472927e-06   2.49983885810460e+01
   2.80001800000000e+06   1.58843158715172e-06   2.51024706501504e+01
   3.20002100000000e+06   1.62891547006438e-06   2.50784517111300e+01
   3.60002300000000e+06   1.56329087985796e-06   2.51024706501504e+01
   4.00002600000000e+06   1.75135153313022e-06   2.51144801196597e+01
   4.40002800000000e+06   1.53984024109377e-06   2.50744485546264e+01
   4.80003100000000e+06   1.71914007296436e-06   2.50864580241371e+01
   5.20003400000000e+06   1.87541945706471e-06   2.51945432497076e+01
   5.60003600000000e+06   2.14204624171543e-06   2.51465053716819e+01
   6.00003900000000e+06   2.03012427846261e-06   2.50184043635693e+01
   6.40004100000000e+06   2.04788830160396e-06   2.49943854245411e+01
   6.80004400000000e+06   2.14710689760977e-06   2.49223286074429e+01
   7.20004700000000e+06   1.90100377039926e-06   2.50464264590994e+01
   7.60004900000000e+06   1.73887917753746e-06   2.49303349204548e+01
   8.00005200000000e+06   1.88497790531983e-06   2.49983885810460e+01
   8.40005400000000e+06   1.71973772467027e-06   2.49743696420159e+01
   8.80005700000000e+06   1.87771740911558e-06   2.49903822680362e+01
   9.20006000000000e+06   1.31091667299188e-06   2.49143222944307e+01
   9.60006200000000e+06   1.40801523684786e-06   2.49463475464779e+01
   4.20696550000000e+07   2.37276265397668e-03   2.50144012070648e+01
   4.24696580000000e+07   1.55264024215285e-06   2.50584359286114e+01
   4.28696610000000e+07   7.59811484840611e-07   2.50344169895869e+01
   4.32696630000000e+07   3.57030512532219e-06   2.50544327721075e+01
   4.36696660000000e+07   1.06403911104280e-06   2.50304138330826e+01
   4.40696680000000e+07   2.44311263486452e-06   2.50264106765782e+01
   4.44696710000000e+07   1.63452807555586e-06   2.50664422416190e+01
   4.48696740000000e+07   9.03058207768481e-07   2.50704453981228e+01
   4.52696760000000e+07   3.78266031475505e-06   2.50584359286114e+01
   4.56696790000000e+07   1.16620867629535e-06   2.50063948940555e+01
   4.60696810000000e+07   2.65980997937731e-06   2.50063948940555e+01
   4.64696840000000e+07   1.86761440090777e-06   2.49903822680362e+01
   4.68696870000000e+07   1.22315361750225e-06   2.50384201460911e+01
   4.72696890000000e+07   3.41630561706552e-06   2.50224075200738e+01
   4.76696920000000e+07   1.05268770766997e-06   2.49983885810460e+01
   4.80696940000000e+07   2.40853273680841e-06   2.50103980505602e+01
   4.84696970000000e+07   1.50549954014423e-06   2.50103980505602e+01
   4.88697000000000e+07   1.10458768176613e-06   2.50264106765782e+01
   4.92697020000000e+07   3.55506972482544e-06   2.50464264590994e+01
   4.96697050000000e+07   1.35318794036721e-06   2.50384201460911e+01
   5.00697070000000e+07   2.59599210039596e-06   2.50264106765782e+01
   5.04697100000000e+07   1.89215563750622e-06   2.50624390851152e+01
   5.08697130000000e+07   1.55852876559948e-06   2.50304138330826e+01
   5.12697150000000e+07   3.68919654647470e-06   2.49983885810460e+01
   5.16697180000000e+07   1.54242570715724e-06   2.50224075200738e+01
   9.50927340000000e+07  -4.26109973341227e-03   2.49903822680362e+01
   9.54927370000000e+07   2.68021472038527e-06   2.50544327721075e+01
   9.58927390000000e+07   8.26433222300693e-07   2.49023128249120e+01
   9.62927420000000e+07   1.64223934007168e-06   2.50224075200738e+01
   9.66927440000000e+07   2.08577989724290e-06   2.49943854245411e+01
   9.70927470000000e+07   1.86286308689887e-06   2.49983885810460e+01
   9.74927490000000e+07   2.72953525382036e-06   2.49183254509368e+01
   9.78927520000000e+07   8.66004825184064e-07   2.49263317639489e+01
   9.82927550000000e+07   1.83688496235845e-06   2.49663633290053e+01
   9.86927570000000e+07   2.10384041565703e-06   2.50784517111300e+01
   9.90927600000000e+07   1.81748964678263e-06   2.49583570159945e+01
   9.94927620000000e+07   2.42482906287478e-06   2.50184043635693e+01
   9.98927650000000e+07   7.84084306815203e-07   2.50744485546264e+01
   1.00292768000000e+08   1.62417870797071e-06   2.50144012070648e+01
   1.00692770000000e+08   1.92542461263656e-06   2.50344169895869e+01
   1.01092773000000e+08   1.94598396774381e-06   2.51144801196597e+01
   1.01492775000000e+08   2.78421612165403e-06   2.51425022151793e+01
   1.01892778000000e+08   1.14123611183459e-06   2.50344169895869e+01
   1.02292781000000e+08   2.14280271393363e-06   2.50304138330826e+01
   1.02692783000000e+08   2.30742648454907e-06   2.50424233025953e+01
   1.03092786000000e+08   1.90820696843730e-06   2.49703664855106e+01
   1.03492788000000e+08   2.24680115934461e-06   2.49703664855106e+01
   1.03892791000000e+08   8.19116394268349e-07   2.49303349204548e+01
   1.04292794000000e+08   1.60825220518745e-06   2.49023128249120e+01
   1.04692796000000e+08   1.88950855317671e-06   2.49943854245411e+01
   1.48160467000000e+08   4.65567503124475e-03   2.49983885810460e+01
   1.48560469000000e+08   1.05850244835892e-06   2.49503507029835e+01
   1.48960472000000e+08   1.43275292430189e-06   2.49943854245411e+01
   1.49360474000000e+08   3.10726545649231e-06   2.50264106765782e+01
   1.49760477000000e+08   1.30780881590908e-06   2.50103980505602e+01
   1.50160480000000e+08   3.04911327475565e-06   2.50304138330826e+01
   1.50560482000000e+08   1.56231033088261e-06   2.49783727985210e+01
   1.50960485000000e+08   2.02449245989555e-06   2.49223286074429e+01
   1.51360487000000e+08   3.02918965644494e-06   2.49583570159945e+01
   1.51760490000000e+08   1.32939442210045e-06   2.50984674936472e+01
   1.52160493000000e+08   3.03201954920951e-06   2.49543538594890e+01
   1.52560495000000e+08   1.66943630119931e-06   2.49263317639489e+01
   1.52960498000000e+08   1.92421066458337e-06   2.49743696420159e+01
   1.53360500000000e+08   2.63082006313198e-06   2.49743696420159e+01
   1.53760503000000e+08   1.05371293557255e-06   2.50464264590994e+01
   1.54160506000000e+08   2.74549324785767e-06   2.51184832761627e+01
   1.54560508000000e+08   1.20121467261924e-06   2.50384201460911e+01
   1.54960511000000e+08   1.62351250310167e-06   2.49903822680362e+01
   1.55360513000000e+08   2.33423293138912e-06   2.50504296156035e+01
   1.55760516000000e+08   7.94520019553602e-07   2.50384201460911e+01
   1.56160519000000e+08   2.31212402468373e-06   2.49863791115312e+01
   1.56560521000000e+08   8.86382906628569e-07   2.50063948940555e+01
   1.56960524000000e+08   1.62911760526185e-06   2.49863791115312e+01
   1.57360526000000e+08   2.53235293712351e-06   2.50944643371439e+01
   1.57760529000000e+08   1.10751773263473e-06   2.50504296156035e+01
   1.92677878000000e+08  -2.07214988768101e-03   2.50784517111300e+01
   1.93077881000000e+08   1.18630407541787e-06   2.49543538594890e+01
   1.93477883000000e+08   1.75021921222651e-06   2.50304138330826e+01
   1.93877886000000e+08   2.25938902076450e-06   2.49783727985210e+01
   1.94277889000000e+08   2.42187979893060e-06   2.50063948940555e+01
   1.94677891000000e+08   3.59489331458462e-06   2.48782938858728e+01
   1.95077894000000e+08   1.18205412036332e-06   2.49343380769607e+01
   1.95477896000000e+08   1.64588288953382e-06   2.49743696420159e+01
   1.95877899000000e+08   1.98006387108762e-06   2.48782938858728e+01
   1.96277902000000e+08   2.24871655518655e-06   2.49823759550261e+01
   1.96677904000000e+08   3.21485322274384e-06   2.49463475464779e+01
   1.97077907000000e+08   1.02314334071707e-06   2.49623601725000e+01
   1.97477909000000e+08   1.54538327024056e-06   2.50384201460911e+01
   1.97877912000000e+08   1.86396994195093e-06   2.50944643371439e+01
   1.98277915000000e+08   2.05406945497089e-06   2.50384201460911e+01
   1.98677917000000e+08   2.92867093776294e-06   2.50784517111300e+01
   1.99077920000000e+08   1.06145819245285e-06   2.50424233025953e+01
   1.99477922000000e+08   1.64029779625707e-06   2.50984674936472e+01
   1.99877925000000e+08   1.97785766431480e-06   2.50144012070648e+01
   2.00277927000000e+08   2.18095578929933e-06   2.51264895891685e+01
   2.00677930000000e+08   2.98010945698479e-06   2.49423443899722e+01
   2.01077933000000e+08   1.15794546218240e-06   2.49983885810460e+01
   2.01477935000000e+08   1.91842877939052e-06   2.51144801196597e+01
   2.01877938000000e+08   2.18514242078527e-06   2.50464264590994e+01
   2.02277940000000e+08   2.41197267314419e-06   2.49383412334665e+01
