   4.00002000000000e+05   1.74148499354487e-06   2.50304138330826e+01
   8.00005000000000e+05   1.51794540670380e-06   2.50904611806405e+01
   1.20000700000000e+06   1.57283091084537e-06   2.50384201460911e+01
   1.60001000000000e+06   1.49784557379462e-06   2.49983885810460e+01
   2.00001300000000e+06   1.63378410888981e-06   2.50904611806405e+01
   2.40001500000000e+06   1.90684681911080e-06   2.50784517111300e+01
   2.80001800000000e+06   2.21080199480639e-06   2.51344959021740e+01
   3.20002000000000e+06   2.13970156437426e-06   2.50224075200738e+01
   3.60002300000000e+06   2.20743982026761e-06   2.50944643371439e+01
   4.00002600000000e+06   2.12877148442203e-06   2.51705243106959e+01
   4.40002800000000e+06   2.27562259169645e-06   2.51825337802020e+01
   4.80003100000000e+06   2.12837812796351e-06   2.50224075200738e+01
   5.20003300000000e+06   2.17152046388946e-06   2.51665211541937e+01
   5.60003600000000e+06   2.09281165552966e-06   2.50664422416190e+01
   6.00003900000000e+06   2.16975513467332e-06   2.51785306237000e+01
   6.40004100000000e+06   2.06506160793651e-06   2.50704453981228e+01
   6.80004400000000e+06   1.86388751899358e-06   2.50944643371439e+01
   7.20004600000000e+06   1.98965517483884e-06   2.50464264590994e+01
   7.60004900000000e+06   2.00019894691650e-06   2.51465053716819e+01
   8.00005200000000e+06   1.93573487194953e-06   2.50264106765782e+01
   8.40005400000000e+06   1.78965490249539e-06   2.49503507029835e+01
   8.80005700000000e+06   1.78970242359355e-06   2.49783727985210e+01
   9.20005900000000e+06   1.78579466592055e-06   2.51024706501504e+01
   9.60006200000000e+06   1.80119059223216e-06   2.49343380769607e+01
   4.21076890000000e+07  -2.04678741283715e-03   2.49583570159945e+01
   4.25076920000000e+07   9.77073568719788e-07   2.49503507029835e+01
   4.29076950000000e+07   1.69349289080856e-06   2.50464264590994e+01
   4.33076970000000e+07   7.64252590101933e-08   2.49863791115312e+01
   4.37077000000000e+07   2.31698300012795e-06   2.49303349204548e+01
   4.41077020000000e+07   2.23473170990474e-06   2.50344169895869e+01
   4.45077050000000e+07   1.03436263998447e-06   2.50184043635693e+01
   4.49077080000000e+07   1.75073068930942e-06   2.50384201460911e+01
   4.53077100000000e+07   4.95552342272276e-07   2.50784517111300e+01
   4.57077130000000e+07   2.72256079369981e-06   2.50384201460911e+01
   4.61077150000000e+07   2.18007062358083e-06   2.50544327721075e+01
   4.65077180000000e+07   1.16090336632624e-06   2.50664422416190e+01
   4.69077210000000e+07   2.05220771931636e-06   2.49903822680362e+01
   4.73077230000000e+07   1.00536931313400e-06   2.50944643371439e+01
   4.77077260000000e+07   3.14497037834371e-06   2.50464264590994e+01
   4.81077280000000e+07   2.11995825338818e-06   2.49863791115312e+01
   4.85077310000000e+07   1.21914831652248e-06   2.49943854245411e+01
   4.89077340000000e+07   2.05150331566983e-06   2.49903822680362e+01
   4.93077360000000e+07   1.28350700379087e-06   2.50063948940555e+01
   4.97077390000000e+07   3.14998987960280e-06   2.49463475464779e+01
   5.01077410000000e+07   1.87512409866031e-06   2.49663633290053e+01
   5.05077440000000e+07   1.35824882363522e-06   2.50063948940555e+01
   5.09077460000000e+07   2.34203207583050e-06   2.49663633290053e+01
   5.13077490000000e+07   1.61781326823984e-06   2.49383412334665e+01
   5.17077520000000e+07   3.37515621140483e-06   2.50304138330826e+01
   9.50406270000000e+07   4.59494953975081e-03   2.50624390851152e+01
   9.54406290000000e+07   1.59550609168946e-06   2.50384201460911e+01
   9.58406320000000e+07   2.26286010729382e-06   2.49663633290053e+01
   9.62406340000000e+07   6.93953325026087e-07   2.50344169895869e+01
   9.66406370000000e+07   2.97136853077973e-06   2.49903822680362e+01
   9.70406400000000e+07   2.77705680673535e-06   2.49543538594890e+01
   9.74406420000000e+07   1.33981995986687e-06   2.50704453981228e+01
   9.78406450000000e+07   2.21314758164226e-06   2.50504296156035e+01
   9.82406470000000e+07   8.19158117337793e-07   2.50824548676336e+01
   9.86406500000000e+07   2.88134060610901e-06   2.50624390851152e+01
   9.90406530000000e+07   2.18269792640058e-06   2.50784517111300e+01
   9.94406550000000e+07   8.97469419669505e-07   2.50744485546264e+01
   9.98406580000000e+07   1.85772466920753e-06   2.50424233025953e+01
   1.00240660000000e+08   1.03988543287414e-06   2.50784517111300e+01
   1.00640663000000e+08   3.07537493426935e-06   2.51425022151793e+01
   1.01040666000000e+08   2.14144938581740e-06   2.50344169895869e+01
   1.01440668000000e+08   1.10548205611849e-06   2.50744485546264e+01
   1.01840671000000e+08   2.09360882763576e-06   2.50144012070648e+01
   1.02240673000000e+08   1.28863507597998e-06   2.50264106765782e+01
   1.02640676000000e+08   3.06931019622425e-06   2.50184043635693e+01
   1.03040679000000e+08   1.75209584085678e-06   2.49223286074429e+01
   1.03440681000000e+08   9.53269989167893e-07   2.49863791115312e+01
   1.03840684000000e+08   2.02542719307530e-06   2.49663633290053e+01
   1.04240686000000e+08   1.28473743643553e-06   2.49423443899722e+01
   1.04640689000000e+08   2.69137672148645e-06   2.51024706501504e+01
   1.48534434000000e+08  -4.19727480039001e-03   2.50624390851152e+01
   1.48934436000000e+08   3.89786646337598e-06   2.50063948940555e+01
   1.49334439000000e+08   1.04334651496174e-06   2.50584359286114e+01
   1.49734441000000e+08   1.91190019904752e-06   2.50984674936472e+01
   1.50134444000000e+08   1.69977965924772e-06   2.51505085281844e+01
   1.50534447000000e+08   8.25781285129779e-07   2.50664422416190e+01
   1.50934449000000e+08   3.66664630746527e-06   2.50624390851152e+01
   1.51334452000000e+08   5.02344846609049e-07   2.50664422416190e+01
   1.51734454000000e+08   1.86534111890069e-06   2.49903822680362e+01
   1.52134457000000e+08   1.58796888172219e-06   2.50144012070648e+01
   1.52534460000000e+08   1.24788243738294e-06   2.50304138330826e+01
   1.52934462000000e+08   3.42810267284221e-06   2.50304138330826e+01
   1.53334465000000e+08   3.80005332090150e-07   2.50264106765782e+01
   1.53734467000000e+08   1.92762695405690e-06   2.50103980505602e+01
   1.54134470000000e+08   1.68903989106184e-06   2.51064738066536e+01
   1.54534473000000e+08   1.47238210956857e-06   2.50144012070648e+01
   1.54934475000000e+08   3.55052952727419e-06   2.51264895891685e+01
   1.55334478000000e+08   5.01514762163424e-07   2.50344169895869e+01
   1.55734480000000e+08   2.22787230086396e-06   2.50144012070648e+01
   1.56134483000000e+08   1.89827323993086e-06   2.50344169895869e+01
   1.56534486000000e+08   1.97257600120793e-06   2.50144012070648e+01
   1.56934488000000e+08   3.35477147928032e-06   2.50864580241371e+01
   1.57334491000000e+08   5.62113200430758e-07   2.51064738066536e+01
   1.57734493000000e+08   2.50535640589078e-06   2.51064738066536e+01
   1.58134496000000e+08   2.03603099180327e-06   2.50824548676336e+01
   1.93179773000000e+08   2.35309987328947e-03   2.50184043635693e+01
   1.93579776000000e+08   2.60951651398500e-06   2.49263317639489e+01
   1.93979778000000e+08   1.19806941256684e-06   2.50704453981228e+01
   1.94379781000000e+08   2.16921944229398e-06   2.50584359286114e+01
   1.94779783000000e+08   8.80105631040351e-07   2.49703664855106e+01
   1.95179786000000e+08   1.57910494635871e-06   2.50624390851152e+01
   1.95579789000000e+08   2.88924161395698e-06   2.49983885810460e+01
   1.95979791000000e+08   1.32275556552486e-06   2.49463475464779e+01
   1.96379794000000e+08   2.14802048503770e-06   2.49983885810460e+01
   1.96779796000000e+08   8.49768809985108e-07   2.49783727985210e+01
   1.97179799000000e+08   1.81383029485005e-06   2.49583570159945e+01
   1.97579802000000e+08   2.72514080279507e-06   2.50184043635693e+01
   1.97979804000000e+08   1.23825168429903e-06   2.50304138330826e+01
   1.98379807000000e+08   2.11224050872261e-06   2.50144012070648e+01
   1.98779809000000e+08   1.13638998300303e-06   2.49263317639489e+01
   1.99179812000000e+08   2.12949566957832e-06   2.49903822680362e+01
   1.99579815000000e+08   2.68410190074064e-06   2.49863791115312e+01
   1.99979817000000e+08   1.20469894682174e-06   2.50144012070648e+01
   2.00379820000000e+08   2.09919153348892e-06   2.50424233025953e+01
   2.00779822000000e+08   1.14260467398708e-06   2.50384201460911e+01
   2.01179825000000e+08   2.27972373068042e-06   2.49623601725000e+01
   2.01579828000000e+08   2.43401836996782e-06   2.49663633290053e+01
   2.01979830000000e+08   1.10178496015578e-06   2.50023917375508e+01
   2.02379833000000e+08   2.20697120312252e-06   2.50224075200738e+01
   2.02779835000000e+08   1.57618342200294e-06   2.49303349204548e+01
