   4.00002000000000e+05   1.99174860426865e-06   2.50824548676336e+01
   8.00005000000000e+05   1.63186120971659e-06   2.50824548676336e+01
   1.20000700000000e+06   2.39176915783901e-06   2.50304138330826e+01
   1.60001000000000e+06   1.59437638558302e-06   2.50424233025953e+01
   2.00001300000000e+06   2.15248996937589e-06   2.50023917375508e+01
   2.40001500000000e+06   2.00806334760273e-06   2.50704453981228e+01
   2.80001800000000e+06   1.63748620707338e-06   2.50384201460911e+01
   3.20002100000000e+06   2.42911119130440e-06   2.50264106765782e+01
   3.60002300000000e+06   1.41524515129277e-06   2.50744485546264e+01
   4.00002600000000e+06   2.24087102651538e-06   2.50784517111300e+01
   4.40002800000000e+06   2.01185252990399e-06   2.50264106765782e+01
   4.80003100000000e+06   1.73796024682815e-06   2.51505085281844e+01
   5.20003400000000e+06   2.45916157837200e-06   2.50344169895869e+01
   5.60003600000000e+06   1.54730162194028e-06   2.50664422416190e+01
   6.00003900000000e+06   2.26405927605811e-06   2.50624390851152e+01
   6.40004200000000e+06   1.68338851835870e-06   2.50824548676336e+01
   6.80004400000000e+06   1.61834475420619e-06   2.50624390851152e+01
   7.20004700000000e+06   2.09861423172697e-06   2.50464264590994e+01
   7.60004900000000e+06   1.35353161567764e-06   2.50144012070648e+01
   8.00005200000000e+06   2.11714336728619e-06   2.50984674936472e+01
   8.40005500000000e+06   1.87056252798357e-06   2.49903822680362e+01
   8.80005700000000e+06   1.80756353529432e-06   2.50103980505602e+01
   9.20006000000000e+06   2.25022972699662e-06   2.50344169895869e+01
   9.60006300000000e+06   1.51115000335267e-06   2.49943854245411e+01
   4.18048410000000e+07   2.34155007638037e-03   2.51625179976914e+01
   4.22048430000000e+07   2.18681475416815e-06   2.51625179976914e+01
   4.26048460000000e+07   1.37950178213941e-06   2.51425022151793e+01
   4.30048490000000e+07   1.48417859691108e-06   2.50864580241371e+01
   4.34048510000000e+07   1.96070800484449e-06   2.51184832761627e+01
   4.38048540000000e+07   1.45248588978575e-06   2.49863791115312e+01
   4.42048560000000e+07   2.06402751246060e-06   2.49503507029835e+01
   4.46048590000000e+07   1.42198450703290e-06   2.49463475464779e+01
   4.50048620000000e+07   1.65978894983709e-06   2.49583570159945e+01
   4.54048640000000e+07   1.99168266590277e-06   2.48822970423795e+01
   4.58048670000000e+07   1.50013613620104e-06   2.49823759550261e+01
   4.62048700000000e+07   2.38378470385214e-06   2.50023917375508e+01
   4.66048720000000e+07   1.69932900462300e-06   2.49143222944307e+01
   4.70048750000000e+07   2.02879027710878e-06   2.50144012070648e+01
   4.74048770000000e+07   2.21962909563445e-06   2.50144012070648e+01
   4.78048800000000e+07   1.93805863091256e-06   2.50464264590994e+01
   4.82048830000000e+07   2.28542012337130e-06   2.50384201460911e+01
   4.86048850000000e+07   1.73667774561181e-06   2.51465053716819e+01
   4.90048880000000e+07   2.07071116165025e-06   2.51344959021740e+01
   4.94048900000000e+07   2.25206758841523e-06   2.51064738066536e+01
   4.98048930000000e+07   1.81852067271393e-06   2.51505085281844e+01
   5.02048960000000e+07   2.10965345104341e-06   2.50984674936472e+01
   5.06048980000000e+07   1.52822519794427e-06   2.51665211541937e+01
   5.10049010000000e+07   1.96104133465269e-06   2.50784517111300e+01
   5.14049040000000e+07   1.81602342763654e-06   2.51344959021740e+01
   9.53347820000000e+07  -4.19262470677495e-03   2.50304138330826e+01
   9.57347840000000e+07   5.14957946506911e-06   2.49543538594890e+01
   9.61347870000000e+07   6.92863750373363e-07   2.50264106765782e+01
   9.65347900000000e+07   2.18526383832796e-06   2.49943854245411e+01
   9.69347920000000e+07   4.18337322116713e-07   2.50464264590994e+01
   9.73347950000000e+07   1.39064047743886e-06   2.49583570159945e+01
   9.77347980000000e+07   4.84647580378805e-06   2.50023917375508e+01
   9.81348000000000e+07   4.32043918863201e-07   2.50264106765782e+01
   9.85348030000000e+07   2.14422607314191e-06   2.50824548676336e+01
   9.89348050000000e+07   7.81299206664698e-07   2.50624390851152e+01
   9.93348080000000e+07   2.18403874896467e-06   2.50264106765782e+01
   9.97348110000000e+07   4.58925796920084e-06   2.50344169895869e+01
   1.00134813000000e+08   4.65266509763751e-08   2.50824548676336e+01
   1.00534816000000e+08   2.22990297515935e-06   2.50103980505602e+01
   1.00934819000000e+08   1.07626726730814e-06   2.50384201460911e+01
   1.01334821000000e+08   2.57760075328406e-06   2.50304138330826e+01
   1.01734824000000e+08   4.08045025324100e-06   2.50063948940555e+01
   1.02134826000000e+08  -1.79759126694989e-07   2.49983885810460e+01
   1.02534829000000e+08   2.41488305618986e-06   2.50424233025953e+01
   1.02934832000000e+08   1.30552871269174e-06   2.50624390851152e+01
   1.03334834000000e+08   2.93515722660231e-06   2.50304138330826e+01
   1.03734837000000e+08   3.50618438460515e-06   2.50664422416190e+01
   1.04134840000000e+08  -4.45795990344777e-07   2.50144012070648e+01
   1.04534842000000e+08   2.42633996094810e-06   2.50544327721075e+01
   1.04934845000000e+08   1.41946611620369e-06   2.51184832761627e+01
   1.48809535000000e+08   4.59045032039285e-03   2.50824548676336e+01
   1.49209537000000e+08   1.22923870549130e-06   2.50384201460911e+01
   1.49609540000000e+08   2.90972661787237e-06   2.50384201460911e+01
   1.50009543000000e+08   1.34471190449403e-06   2.50384201460911e+01
   1.50409545000000e+08   1.44483487929392e-06   2.50704453981228e+01
   1.50809548000000e+08   1.38339646582608e-06   2.50664422416190e+01
   1.51209551000000e+08   1.60736772158998e-06   2.49823759550261e+01
   1.51609553000000e+08   2.96614507533377e-06   2.50544327721075e+01
   1.52009556000000e+08   1.20549054827279e-06   2.51144801196597e+01
   1.52409558000000e+08   1.58992452270468e-06   2.49903822680362e+01
   1.52809561000000e+08   1.46013474022766e-06   2.49663633290053e+01
   1.53209564000000e+08   1.80657730197709e-06   2.50144012070648e+01
   1.53609566000000e+08   2.82801852335979e-06   2.49623601725000e+01
   1.54009569000000e+08   1.18205832677631e-06   2.50624390851152e+01
   1.54409572000000e+08   1.74381864326278e-06   2.49543538594890e+01
   1.54809574000000e+08   1.73214834831015e-06   2.49543538594890e+01
   1.55209577000000e+08   2.07433186005801e-06   2.49343380769607e+01
   1.55609579000000e+08   2.87538455268077e-06   2.49943854245411e+01
   1.56009582000000e+08   1.01486216408375e-06   2.50224075200738e+01
   1.56409585000000e+08   1.78585071353154e-06   2.50384201460911e+01
   1.56809587000000e+08   1.70551311384770e-06   2.49903822680362e+01
   1.57209590000000e+08   2.02932801585121e-06   2.50904611806405e+01
   1.57609593000000e+08   2.38850066125451e-06   2.51384990586767e+01
   1.58009595000000e+08   9.34864033297345e-07   2.50664422416190e+01
   1.58409598000000e+08   1.81147311195673e-06   2.50304138330826e+01
   1.93221465000000e+08  -2.03514983877540e-03   2.49943854245411e+01
   1.93621468000000e+08   1.61695743372547e-06   2.50784517111300e+01
   1.94021471000000e+08   2.91748074232601e-06   2.49903822680362e+01
   1.94421473000000e+08   1.61365539952385e-06   2.49343380769607e+01
   1.94821476000000e+08   2.03229589601506e-07   2.49303349204548e+01
   1.95221479000000e+08   2.66090660261398e-06   2.49863791115312e+01
   1.95621481000000e+08   1.93441724150034e-06   2.51024706501504e+01
   1.96021484000000e+08   2.21164282265818e-06   2.49943854245411e+01
   1.96421486000000e+08   1.82607050192019e-06   2.50904611806405e+01
   1.96821489000000e+08   5.37728169547336e-07   2.49223286074429e+01
   1.97221492000000e+08   3.35951608576579e-06   2.50504296156035e+01
   1.97621494000000e+08   1.69410554917704e-06   2.49783727985210e+01
   1.98021497000000e+08   2.42605733546952e-06   2.49583570159945e+01
   1.98421500000000e+08   1.36476444367872e-06   2.50744485546264e+01
   1.98821502000000e+08   8.25826134587260e-07   2.49903822680362e+01
   1.99221505000000e+08   2.92972822535376e-06   2.50103980505602e+01
   1.99621507000000e+08   1.84505267952773e-06   2.50904611806405e+01
   2.00021510000000e+08   2.04898879019311e-06   2.51344959021740e+01
   2.00421513000000e+08   1.03844820387167e-06   2.50424233025953e+01
   2.00821515000000e+08   1.33879984787200e-06   2.50824548676336e+01
   2.01221518000000e+08   3.33982802658284e-06   2.50744485546264e+01
   2.01621520000000e+08   1.70942985278089e-06   2.50864580241371e+01
   2.02021523000000e+08   1.38128496018908e-06   2.50824548676336e+01
   2.02421526000000e+08   2.04672619474877e-06   2.50704453981228e+01
   2.02821528000000e+08   1.41416876431322e-06   2.50384201460911e+01
