   4.00003000000000e+05   2.57086094279657e-06   2.50584359286114e+01
   8.00005000000000e+05   2.93001039608498e-06   2.49823759550261e+01
   1.20000800000000e+06   3.07105960928311e-06   2.50344169895869e+01
   1.60001000000000e+06   2.96205325867049e-06   2.50184043635693e+01
   2.00001300000000e+06   2.98311488222680e-06   2.50304138330826e+01
   2.40001600000000e+06   2.63951983470179e-06   2.50304138330826e+01
   2.80001800000000e+06   2.05023752641864e-06   2.49903822680362e+01
   3.20002100000000e+06   2.16120292861888e-06   2.49823759550261e+01
   3.60002300000000e+06   2.01114357878396e-06   2.50704453981228e+01
   4.00002600000000e+06   2.20218953472795e-06   2.51264895891685e+01
   4.40002900000000e+06   1.73809644365974e-06   2.49943854245411e+01
   4.80003100000000e+06   1.61990590186178e-06   2.50544327721075e+01
   5.20003400000000e+06   1.60759111622610e-06   2.50664422416190e+01
   5.60003600000000e+06   1.60445983965474e-06   2.50144012070648e+01
   6.00003900000000e+06   1.51344193000114e-06   2.49823759550261e+01
   6.40004200000000e+06   1.56109899762669e-06   2.50063948940555e+01
   6.80004400000000e+06   1.38727148168982e-06   2.50424233025953e+01
   7.20004700000000e+06   1.53980624872929e-06   2.51024706501504e+01
   7.60004900000000e+06   1.32359139115579e-06   2.49983885810460e+01
   8.00005200000000e+06   1.50053506331460e-06   2.50624390851152e+01
   8.40005500000000e+06   1.41890870963834e-06   2.50384201460911e+01
   8.80005700000000e+06   1.34193635403790e-06   2.50984674936472e+01
   9.20006000000000e+06   1.41342411552614e-06   2.50264106765782e+01
   9.60006200000000e+06   1.34336573864857e-06   2.50224075200738e+01
   4.21917850000000e+07   2.40103737451136e-03   2.49663633290053e+01
   4.25917870000000e+07   3.01243153444375e-06   2.50184043635693e+01
   4.29917900000000e+07   2.10317671189841e-06   2.50504296156035e+01
   4.33917920000000e+07   3.07819072986604e-06   2.50624390851152e+01
   4.37917950000000e+07   2.97099086310482e-06   2.49703664855106e+01
   4.41917980000000e+07   1.92916195373982e-06   2.50904611806405e+01
   4.45918000000000e+07   2.71405178864370e-06   2.50704453981228e+01
   4.49918030000000e+07   1.84278019332851e-06   2.50504296156035e+01
   4.53918050000000e+07   2.57139095083403e-06   2.49743696420159e+01
   4.57918080000000e+07   2.45562046075065e-06   2.50664422416190e+01
   4.61918110000000e+07   1.68962299085251e-06   2.50784517111300e+01
   4.65918130000000e+07   2.58818954534945e-06   2.50264106765782e+01
   4.69918160000000e+07   1.73095349964569e-06   2.50344169895869e+01
   4.73918180000000e+07   2.42003852690686e-06   2.50304138330826e+01
   4.77918210000000e+07   2.48447531703277e-06   2.49983885810460e+01
   4.81918240000000e+07   1.56563771724905e-06   2.49143222944307e+01
   4.85918260000000e+07   2.54554811363050e-06   2.49223286074429e+01
   4.89918290000000e+07   1.62854746577068e-06   2.50304138330826e+01
   4.93918310000000e+07   2.25914322982135e-06   2.49983885810460e+01
   4.97918340000000e+07   2.19979119719937e-06   2.49663633290053e+01
   5.01918370000000e+07   1.47942068906559e-06   2.50464264590994e+01
   5.05918390000000e+07   2.10751613849425e-06   2.49423443899722e+01
   5.09918420000000e+07   1.12869622626022e-06   2.49383412334665e+01
   5.13918440000000e+07   1.55771761001233e-06   2.49903822680362e+01
   5.17918470000000e+07   1.86775753263646e-06   2.50264106765782e+01
   9.52499590000000e+07  -4.31754952296615e-03   2.49623601725000e+01
   9.56499610000000e+07   1.48553738199553e-06   2.50063948940555e+01
   9.60499640000000e+07   1.30378532503528e-06   2.50264106765782e+01
   9.64499670000000e+07   2.25992471314385e-06   2.50984674936472e+01
   9.68499690000000e+07   1.58391981130990e-06   2.50504296156035e+01
   9.72499720000000e+07   1.41541806897294e-06   2.51264895891685e+01
   9.76499740000000e+07   1.49969923768367e-06   2.50704453981228e+01
   9.80499770000000e+07   1.57873137140996e-06   2.51064738066536e+01
   9.84499800000000e+07   2.50555535785679e-06   2.50304138330826e+01
   9.88499820000000e+07   1.96249607142818e-06   2.50544327721075e+01
   9.92499850000000e+07   1.73568457739748e-06   2.51024706501504e+01
   9.96499870000000e+07   1.88019168945175e-06   2.50584359286114e+01
   1.00049990000000e+08   1.82403141479881e-06   2.50224075200738e+01
   1.00449993000000e+08   2.49070785685035e-06   2.50704453981228e+01
   1.00849995000000e+08   1.82196220066544e-06   2.50184043635693e+01
   1.01249998000000e+08   1.60101001256407e-06   2.50864580241371e+01
   1.01650000000000e+08   1.62029459715995e-06   2.50704453981228e+01
   1.02050003000000e+08   1.57863030381122e-06   2.50544327721075e+01
   1.02450006000000e+08   2.65075436800544e-06   2.50984674936472e+01
   1.02850008000000e+08   2.26778320211452e-06   2.49703664855106e+01
   1.03250011000000e+08   1.94572703549056e-06   2.48863001988861e+01
   1.03650013000000e+08   1.96640394278802e-06   2.51064738066536e+01
   1.04050016000000e+08   1.92437232726661e-06   2.50224075200738e+01
   1.04450019000000e+08   2.48493893195700e-06   2.50144012070648e+01
   1.04850021000000e+08   1.90877040040505e-06   2.49943854245411e+01
   1.48494336000000e+08   4.70925029367208e-03   2.50384201460911e+01
   1.48894338000000e+08   1.71386022884690e-06   2.51104769631567e+01
   1.49294341000000e+08   2.07975040211750e-06   2.49823759550261e+01
   1.49694344000000e+08   1.84530892965995e-06   2.49663633290053e+01
   1.50094346000000e+08   2.36321784541360e-06   2.50103980505602e+01
   1.50494349000000e+08   1.80256938620005e-06   2.50304138330826e+01
   1.50894351000000e+08   1.70224245721329e-06   2.50864580241371e+01
   1.51294354000000e+08   1.91508661373518e-06   2.50504296156035e+01
   1.51694357000000e+08   1.78578659415507e-06   2.50464264590994e+01
   1.52094359000000e+08   2.36997902902658e-06   2.50544327721075e+01
   1.52494362000000e+08   1.85694398169289e-06   2.50424233025953e+01
   1.52894364000000e+08   1.66753727626201e-06   2.51104769631567e+01
   1.53294367000000e+08   1.92519587471907e-06   2.50424233025953e+01
   1.53694369000000e+08   1.86884392405773e-06   2.50784517111300e+01
   1.54094372000000e+08   2.36495498029399e-06   2.50504296156035e+01
   1.54494375000000e+08   1.71825138295389e-06   2.50624390851152e+01
   1.54894377000000e+08   1.57331180616893e-06   2.50184043635693e+01
   1.55294380000000e+08   1.81387963493762e-06   2.50464264590994e+01
   1.55694382000000e+08   1.69121972248831e-06   2.50704453981228e+01
   1.56094385000000e+08   2.18916989069839e-06   2.50144012070648e+01
   1.56494388000000e+08   1.72041438872839e-06   2.50904611806405e+01
   1.56894390000000e+08   1.36588073473831e-06   2.50344169895869e+01
   1.57294393000000e+08   1.67719053933979e-06   2.50184043635693e+01
   1.57694395000000e+08   1.40569102313748e-06   2.50624390851152e+01
   1.58094398000000e+08   2.08020492209471e-06   2.48943065118992e+01
   1.93173902000000e+08  -2.09844997152686e-03   2.49663633290053e+01
   1.93573905000000e+08   2.07638163374213e-06   2.49903822680362e+01
   1.93973908000000e+08   2.37989456763898e-06   2.48742907293661e+01
   1.94373910000000e+08   1.89732725175418e-06   2.50304138330826e+01
   1.94773913000000e+08   3.04703007714124e-06   2.50184043635693e+01
   1.95173915000000e+08   2.06080403586384e-06   2.50144012070648e+01
   1.95573918000000e+08   2.33998594012519e-06   2.49583570159945e+01
   1.95973920000000e+08   2.45934029408090e-06   2.50304138330826e+01
   1.96373923000000e+08   1.77059405359614e-06   2.50063948940555e+01
   1.96773926000000e+08   2.41238922171760e-06   2.49983885810460e+01
   1.97173928000000e+08   1.58364855451509e-06   2.49743696420159e+01
   1.97573931000000e+08   1.61474497417657e-06   2.50504296156035e+01
   1.97973933000000e+08   1.84655777957232e-06   2.50144012070648e+01
   1.98373936000000e+08   1.28128942833428e-06   2.50023917375508e+01
   1.98773939000000e+08   2.37310109696409e-06   2.49623601725000e+01
   1.99173941000000e+08   1.45054684708157e-06   2.51184832761627e+01
   1.99573944000000e+08   1.51018070937425e-06   2.49543538594890e+01
   1.99973946000000e+08   1.60665581461217e-06   2.49623601725000e+01
   2.00373949000000e+08   1.44999887652375e-06   2.50264106765782e+01
   2.00773952000000e+08   2.70940472546499e-06   2.50624390851152e+01
   2.01173954000000e+08   2.07566836252226e-06   2.50384201460911e+01
   2.01573957000000e+08   1.82247583779827e-06   2.50304138330826e+01
   2.01973959000000e+08   2.15682189264044e-06   2.50344169895869e+01
   2.02373962000000e+08   1.73588580310025e-06   2.50224075200738e+01
   2.02773965000000e+08   2.88511182588991e-06   2.50304138330826e+01
