   4.00003000000000e+05   1.62703850037360e-06   2.50864580241371e+01
   8.00006000000000e+05   1.82595749720349e-06   2.50144012070648e+01
   1.20000800000000e+06   1.78455775312614e-06   2.49703664855106e+01
   1.60001100000000e+06   1.70993905612704e-06   2.50824548676336e+01
   2.00001300000000e+06   2.01386365006329e-06   2.50624390851152e+01
   2.40001600000000e+06   2.07093262361013e-06   2.50784517111300e+01
   2.80001900000000e+06   2.23340043703502e-06   2.49983885810460e+01
   3.20002100000000e+06   2.23147662836709e-06   2.51184832761627e+01
   3.60002400000000e+06   2.11720293918916e-06   2.50184043635693e+01
   4.00002600000000e+06   2.21914319809002e-06   2.50864580241371e+01
   4.40002900000000e+06   1.77188542238582e-06   2.50384201460911e+01
   4.80003200000000e+06   1.90898367691261e-06   2.51785306237000e+01
   5.20003400000000e+06   1.84627458565956e-06   2.50304138330826e+01
   5.60003700000000e+06   1.76112189365085e-06   2.49703664855106e+01
   6.00003900000000e+06   1.89351464996435e-06   2.50103980505602e+01
   6.40004200000000e+06   1.59821615852707e-06   2.49943854245411e+01
   6.80004500000000e+06   1.77106039700448e-06   2.49983885810460e+01
   7.20004700000000e+06   1.75076388586604e-06   2.49423443899722e+01
   7.60005000000000e+06   1.61227455919288e-06   2.50144012070648e+01
   8.00005200000000e+06   1.75015804870782e-06   2.50504296156035e+01
   8.40005500000000e+06   1.36343919621140e-06   2.49783727985210e+01
   8.80005700000000e+06   1.48254935083969e-06   2.50063948940555e+01
   9.20006000000000e+06   1.37126130539400e-06   2.49943854245411e+01
   9.60006300000000e+06   1.40313545671233e-06   2.50144012070648e+01
   4.21724490000000e+07   2.38336203619838e-03   2.49423443899722e+01
   4.25724520000000e+07   2.26043175644008e-06   2.50023917375508e+01
   4.29724540000000e+07  -7.59716343168293e-08   2.50184043635693e+01
   4.33724570000000e+07   1.87414218544291e-06   2.50184043635693e+01
   4.37724590000000e+07   5.77100081500248e-07   2.50864580241371e+01
   4.41724620000000e+07   2.82419682662294e-06   2.51184832761627e+01
   4.45724650000000e+07   2.85968735624920e-06   2.50264106765782e+01
   4.49724670000000e+07   6.77876812460454e-07   2.50544327721075e+01
   4.53724700000000e+07   2.56129669651273e-06   2.50464264590994e+01
   4.57724720000000e+07   1.11694669158169e-06   2.50384201460911e+01
   4.61724750000000e+07   2.85555779555580e-06   2.50504296156035e+01
   4.65724780000000e+07   2.51690994446108e-06   2.49943854245411e+01
   4.69724800000000e+07   4.15715987855947e-07   2.50264106765782e+01
   4.73724830000000e+07   2.18038644561602e-06   2.50344169895869e+01
   4.77724850000000e+07   9.72282464317686e-07   2.50344169895869e+01
   4.81724880000000e+07   2.89341551251709e-06   2.49703664855106e+01
   4.85724910000000e+07   2.73859404842369e-06   2.49663633290053e+01
   4.89724930000000e+07   7.59708086661703e-07   2.50624390851152e+01
   4.93724960000000e+07   2.47656066676427e-06   2.50504296156035e+01
   4.97724980000000e+07   1.24877237794863e-06   2.49863791115312e+01
   5.01725010000000e+07   2.82327550849004e-06   2.50824548676336e+01
   5.05725040000000e+07   2.54279279943148e-06   2.49503507029835e+01
   5.09725060000000e+07   8.32804005312937e-07   2.50664422416190e+01
   5.13725090000000e+07   2.22831749852048e-06   2.50624390851152e+01
   5.17725110000000e+07   1.30056025682279e-06   2.50023917375508e+01
   9.55535010000000e+07  -4.26752446219325e-03   2.50264106765782e+01
   9.59535040000000e+07   1.41679470289091e-06   2.51144801196597e+01
   9.63535060000000e+07   2.80638255389931e-06   2.50624390851152e+01
   9.67535090000000e+07   2.58325007962412e-06   2.51144801196597e+01
   9.71535120000000e+07   1.10022233457130e-06   2.51184832761627e+01
   9.75535140000000e+07   2.28450539907499e-06   2.51264895891685e+01
   9.79535170000000e+07   1.78848210907745e-06   2.51344959021740e+01
   9.83535190000000e+07   3.05540561384987e-06   2.51665211541937e+01
   9.87535220000000e+07   2.80160497823090e-06   2.50103980505602e+01
   9.91535250000000e+07   1.50854566527414e-06   2.50063948940555e+01
   9.95535270000000e+07   2.53693337981531e-06   2.50304138330826e+01
   9.99535300000000e+07   1.81699658696743e-06   2.50304138330826e+01
   1.00353532000000e+08   2.35311517826631e-06   2.49983885810460e+01
   1.00753535000000e+08   1.93852497432090e-06   2.50063948940555e+01
   1.01153538000000e+08   7.51866650716693e-07   2.49983885810460e+01
   1.01553540000000e+08   1.67339817380707e-06   2.49263317639489e+01
   1.01953543000000e+08   1.18008654226287e-06   2.50184043635693e+01
   1.02353545000000e+08   2.14957890420919e-06   2.50023917375508e+01
   1.02753548000000e+08   1.89736272204755e-06   2.50264106765782e+01
   1.03153550000000e+08   6.92479659392120e-07   2.51024706501504e+01
   1.03553553000000e+08   1.65856727107894e-06   2.50984674936472e+01
   1.03953556000000e+08   1.21614505133039e-06   2.50544327721075e+01
   1.04353558000000e+08   2.11732185562141e-06   2.49903822680362e+01
   1.04753561000000e+08   1.73748514953331e-06   2.52105558757142e+01
   1.05153563000000e+08   6.81764333876345e-07   2.51024706501504e+01
   1.48891299000000e+08   4.66775055974722e-03   2.50184043635693e+01
   1.49291302000000e+08   1.95883103515371e-06   2.51064738066536e+01
   1.49691304000000e+08   3.21813513437519e-06   2.50584359286114e+01
   1.50091307000000e+08   4.02275162514343e-07   2.50944643371439e+01
   1.50491309000000e+08   3.26887152368727e-06   2.50184043635693e+01
   1.50891312000000e+08   1.63953370702075e-06   2.51184832761627e+01
   1.51291315000000e+08   2.25967119149573e-06   2.50704453981228e+01
   1.51691317000000e+08   3.45624016517831e-06   2.50704453981228e+01
   1.52091320000000e+08   3.22153795195845e-07   2.50824548676336e+01
   1.52491322000000e+08   2.83304302683973e-06   2.50384201460911e+01
   1.52891325000000e+08   1.08793915387650e-06   2.50864580241371e+01
   1.53291328000000e+08   1.74505589711771e-06   2.51144801196597e+01
   1.53691330000000e+08   2.79992514151672e-06   2.50063948940555e+01
   1.54091333000000e+08   5.44545969205501e-07   2.49783727985210e+01
   1.54491335000000e+08   3.18597290061007e-06   2.50103980505602e+01
   1.54891338000000e+08   1.62375113177404e-06   2.50304138330826e+01
   1.55291341000000e+08   2.25989674618177e-06   2.50744485546264e+01
   1.55691343000000e+08   3.32694867211103e-06   2.49983885810460e+01
   1.56091346000000e+08   5.93956258398975e-07   2.50464264590994e+01
   1.56491348000000e+08   2.81980351246602e-06   2.49623601725000e+01
   1.56891351000000e+08   1.33441938032774e-06   2.49223286074429e+01
   1.57291354000000e+08   1.96431756194215e-06   2.50704453981228e+01
   1.57691356000000e+08   2.82013957075833e-06   2.50664422416190e+01
   1.58091359000000e+08   6.30967690540274e-07   2.49703664855106e+01
   1.58491361000000e+08   2.88832370642922e-06   2.50944643371439e+01
   1.93761109000000e+08  -2.07766238600016e-03   2.51825337802020e+01
   1.94161111000000e+08   1.74989634160738e-06   2.51425022151793e+01
   1.94561114000000e+08   2.08606729756866e-06   2.52025495627110e+01
   1.94961117000000e+08   8.79289757449442e-07   2.50344169895869e+01
   1.95361119000000e+08   1.84370662736910e-06   2.50704453981228e+01
   1.95761122000000e+08   9.82924120762618e-07   2.50544327721075e+01
   1.96161124000000e+08   2.06218510356848e-06   2.51224864326656e+01
   1.96561127000000e+08   2.35414836424752e-06   2.50704453981228e+01
   1.96961130000000e+08   1.28885164940584e-06   2.49943854245411e+01
   1.97361132000000e+08   2.18718514588545e-06   2.50023917375508e+01
   1.97761135000000e+08   1.30047737911809e-06   2.50824548676336e+01
   1.98161137000000e+08   2.28154385695234e-06   2.49623601725000e+01
   1.98561140000000e+08   2.55620807365631e-06   2.50144012070648e+01
   1.98961142000000e+08   1.55663929035654e-06   2.50584359286114e+01
   1.99361145000000e+08   2.34157141676405e-06   2.49583570159945e+01
   1.99761148000000e+08   1.63453864843177e-06   2.50384201460911e+01
   2.00161150000000e+08   2.33076616495964e-06   2.50504296156035e+01
   2.00561153000000e+08   2.51744131674059e-06   2.50624390851152e+01
   2.00961155000000e+08   1.62003277637268e-06   2.50984674936472e+01
   2.01361158000000e+08   2.34885078498337e-06   2.50384201460911e+01
   2.01761161000000e+08   1.56885334945400e-06   2.50344169895869e+01
   2.02161163000000e+08   2.77163371720235e-06   2.51304927456713e+01
   2.02561166000000e+08   2.96074608741037e-06   2.51024706501504e+01
   2.02961168000000e+08   2.24128029913118e-06   2.50784517111300e+01
   2.03361171000000e+08   2.82043197330495e-06   2.50944643371439e+01
