   4.00003000000000e+05   2.22220342038781e-06   2.51024706501504e+01
   8.00005000000000e+05   2.17603769669950e-06   2.51344959021740e+01
   1.20000800000000e+06   2.35765446632286e-06   2.50544327721075e+01
   1.60001100000000e+06   2.22599805965729e-06   2.49983885810460e+01
   2.00001300000000e+06   2.30603791351314e-06   2.50103980505602e+01
   2.40001600000000e+06   2.40528743233881e-06   2.51184832761627e+01
   2.80001800000000e+06   1.85137548669445e-06   2.50504296156035e+01
   3.20002100000000e+06   2.08324377126701e-06   2.51785306237000e+01
   3.60002400000000e+06   1.78478489942790e-06   2.50904611806405e+01
   4.00002600000000e+06   2.00065460376209e-06   2.50584359286114e+01
   4.40002900000000e+06   1.91152298611996e-06   2.50424233025953e+01
   4.80003100000000e+06   1.60876288646250e-06   2.50504296156035e+01
   5.20003400000000e+06   1.76399100837443e-06   2.50384201460911e+01
   5.60003700000000e+06   1.53902101374115e-06   2.51144801196597e+01
   6.00003900000000e+06   1.56714213517262e-06   2.50704453981228e+01
   6.40004200000000e+06   1.62202900355624e-06   2.51344959021740e+01
   6.80004400000000e+06   1.43648787798156e-06   2.50144012070648e+01
   7.20004700000000e+06   1.65873382229620e-06   2.50464264590994e+01
   7.60005000000000e+06   1.45759338465723e-06   2.50224075200738e+01
   8.00005200000000e+06   1.61125899467152e-06   2.51144801196597e+01
   8.40005500000000e+06   1.58413683948311e-06   2.51064738066536e+01
   8.80005700000000e+06   1.45911485560646e-06   2.50384201460911e+01
   9.20006000000000e+06   1.59564660862088e-06   2.51304927456713e+01
   9.60006300000000e+06   1.37735389671434e-06   2.51104769631567e+01
   4.22068440000000e+07   2.37716245464981e-03   2.50063948940555e+01
   4.26068460000000e+07   3.36155062541366e-06   2.49863791115312e+01
   4.30068490000000e+07   1.61465561632212e-06   2.50544327721075e+01
   4.34068510000000e+07   2.43778208641743e-06   2.50464264590994e+01
   4.38068540000000e+07   1.17538104404957e-06   2.49623601725000e+01
   4.42068570000000e+07   2.62736853073875e-06   2.50103980505602e+01
   4.46068590000000e+07   3.10371706291335e-06   2.49703664855106e+01
   4.50068620000000e+07   1.68357928487239e-06   2.50664422416190e+01
   4.54068640000000e+07   2.49255936068948e-06   2.49743696420159e+01
   4.58068670000000e+07   1.15611260298465e-06   2.50664422416190e+01
   4.62068700000000e+07   2.69742849923205e-06   2.49863791115312e+01
   4.66068720000000e+07   2.93323319056071e-06   2.49703664855106e+01
   4.70068750000000e+07   1.79370624664443e-06   2.50063948940555e+01
   4.74068770000000e+07   2.50343487095961e-06   2.49943854245411e+01
   4.78068800000000e+07   1.30183207147638e-06   2.50224075200738e+01
   4.82068830000000e+07   2.80301196653454e-06   2.50344169895869e+01
   4.86068850000000e+07   2.84360385194304e-06   2.50264106765782e+01
   4.90068880000000e+07   1.56954979502189e-06   2.50824548676336e+01
   4.94068900000000e+07   2.21136383515841e-06   2.50424233025953e+01
   4.98068930000000e+07   1.02774845345266e-06   2.49903822680362e+01
   5.02068960000000e+07   2.41717884819082e-06   2.49983885810460e+01
   5.06068980000000e+07   2.43540057454084e-06   2.49423443899722e+01
   5.10069010000000e+07   1.16822616291756e-06   2.50063948940555e+01
   5.14069030000000e+07   1.68712313097785e-06   2.49863791115312e+01
   5.18069060000000e+07   6.82548090935597e-07   2.50824548676336e+01
   9.54245360000000e+07  -4.26377356052399e-03   2.49703664855106e+01
   9.58245390000000e+07   3.15813667839393e-06   2.51064738066536e+01
   9.62245420000000e+07   1.35565741743449e-07   2.49983885810460e+01
   9.66245440000000e+07   3.94966946259956e-06   2.50424233025953e+01
   9.70245470000000e+07   1.12355178316648e-06   2.50544327721075e+01
   9.74245490000000e+07  -9.77135528046347e-08   2.49863791115312e+01
   9.78245520000000e+07   3.05980984194321e-06   2.50504296156035e+01
   9.82245550000000e+07   1.29383153080198e-07   2.50544327721075e+01
   9.86245570000000e+07   3.84179293178022e-06   2.50504296156035e+01
   9.90245600000000e+07   8.45960926199041e-07   2.49863791115312e+01
   9.94245620000000e+07   5.22661629531740e-08   2.50424233025953e+01
   9.98245650000000e+07   2.81203188023937e-06   2.50624390851152e+01
   1.00224568000000e+08   1.54981151467837e-07   2.49423443899722e+01
   1.00624570000000e+08   3.64353286386176e-06   2.50144012070648e+01
   1.01024573000000e+08   1.19588696634310e-06   2.49823759550261e+01
   1.01424575000000e+08   4.56771573453807e-07   2.49983885810460e+01
   1.01824578000000e+08   3.05103708342358e-06   2.50544327721075e+01
   1.02224581000000e+08   5.45709497146163e-07   2.50824548676336e+01
   1.02624583000000e+08   3.76170532945252e-06   2.50824548676336e+01
   1.03024586000000e+08   1.14545343876671e-06   2.51425022151793e+01
   1.03424588000000e+08   4.93991080929845e-07   2.51184832761627e+01
   1.03824591000000e+08   2.95151085083489e-06   2.50304138330826e+01
   1.04224594000000e+08   5.48894433904934e-07   2.50584359286114e+01
   1.04624596000000e+08   3.68451469512365e-06   2.51304927456713e+01
   1.05024599000000e+08   1.34939818963176e-06   2.50344169895869e+01
   1.48929075000000e+08   4.66215051710606e-03   2.49863791115312e+01
   1.49329078000000e+08   1.53311407302681e-06   2.50704453981228e+01
   1.49729080000000e+08   3.15746046908316e-06   2.49503507029835e+01
   1.50129083000000e+08   4.59135094388330e-07   2.50264106765782e+01
   1.50529085000000e+08   2.79320124718652e-06   2.50464264590994e+01
   1.50929088000000e+08   2.01440138880571e-06   2.51064738066536e+01
   1.51329091000000e+08   1.74678098119330e-06   2.50224075200738e+01
   1.51729093000000e+08   3.06779224956699e-06   2.50063948940555e+01
   1.52129096000000e+08   7.34659920453851e-07   2.50704453981228e+01
   1.52529098000000e+08   2.71434373644297e-06   2.50464264590994e+01
   1.52929101000000e+08   2.02845762942161e-06   2.49703664855106e+01
   1.53329104000000e+08   1.66503230047965e-06   2.49983885810460e+01
   1.53729106000000e+08   2.96457278636808e-06   2.50304138330826e+01
   1.54129109000000e+08   6.35009200777858e-07   2.49863791115312e+01
   1.54529111000000e+08   2.66477286459121e-06   2.48662844163524e+01
   1.54929114000000e+08   1.66944369084376e-06   2.50504296156035e+01
   1.55329117000000e+08   1.46026673064625e-06   2.49983885810460e+01
   1.55729119000000e+08   2.53619828072260e-06   2.50664422416190e+01
   1.56129122000000e+08   4.84874703943206e-07   2.50424233025953e+01
   1.56529124000000e+08   2.36400614994636e-06   2.50584359286114e+01
   1.56929127000000e+08   1.55669124524138e-06   2.49903822680362e+01
   1.57329129000000e+08   1.36008566187229e-06   2.50224075200738e+01
   1.57729132000000e+08   2.44808984461997e-06   2.49823759550261e+01
   1.58129135000000e+08   4.67984307306324e-07   2.50544327721075e+01
   1.58529137000000e+08   2.38387178796984e-06   2.50384201460911e+01
   1.93600588000000e+08  -2.07287492230535e-03   2.50023917375508e+01
   1.94000591000000e+08   2.05428295885213e-06   2.50304138330826e+01
   1.94400593000000e+08   2.21747336581757e-06   2.50784517111300e+01
   1.94800596000000e+08   1.16536170935433e-06   2.50264106765782e+01
   1.95200598000000e+08   3.99079908675049e-07   2.49983885810460e+01
   1.95600601000000e+08   2.68824373961252e-06   2.50384201460911e+01
   1.96000604000000e+08   2.62593994193594e-06   2.50824548676336e+01
   1.96400606000000e+08   2.68553503701696e-06   2.50504296156035e+01
   1.96800609000000e+08   1.55494853970595e-06   2.50584359286114e+01
   1.97200611000000e+08   7.15630733338912e-07   2.50184043635693e+01
   1.97600614000000e+08   2.79400751423964e-06   2.50144012070648e+01
   1.98000616000000e+08   2.83745498563803e-06   2.50464264590994e+01
   1.98400619000000e+08   2.91990454570623e-06   2.50624390851152e+01
   1.98800622000000e+08   1.51407164139528e-06   2.49463475464779e+01
   1.99200624000000e+08   7.23715857020579e-07   2.50184043635693e+01
   1.99600627000000e+08   2.74022227131354e-06   2.49823759550261e+01
   2.00000629000000e+08   2.65764992946060e-06   2.49823759550261e+01
   2.00400632000000e+08   2.66228425971349e-06   2.49743696420159e+01
   2.00800635000000e+08   1.50523521824653e-06   2.50344169895869e+01
   2.01200637000000e+08   9.41825419431552e-07   2.50144012070648e+01
   2.01600640000000e+08   2.71337307822250e-06   2.50144012070648e+01
   2.02000642000000e+08   2.60759543380118e-06   2.50664422416190e+01
   2.02400645000000e+08   2.67165000877867e-06   2.50704453981228e+01
   2.02800648000000e+08   1.22648577871587e-06   2.49903822680362e+01
   2.03200650000000e+08   4.46654297547866e-07   2.50184043635693e+01
