   4.00003000000000e+05   1.98525754058210e-06   2.51184832761627e+01
   8.00005000000000e+05   2.23262850340689e-06   2.49543538594890e+01
   1.20000800000000e+06   2.07643302019278e-06   2.50664422416190e+01
   1.60001000000000e+06   2.22251810555463e-06   2.50464264590994e+01
   2.00001300000000e+06   1.87347438895813e-06   2.50304138330826e+01
   2.40001600000000e+06   1.59005844579951e-06   2.50664422416190e+01
   2.80001800000000e+06   1.72984073287807e-06   2.50224075200738e+01
   3.20002100000000e+06   1.72050988567207e-06   2.50744485546264e+01
   3.60002300000000e+06   1.51680603721616e-06   2.50904611806405e+01
   4.00002600000000e+06   1.67986183896573e-06   2.50424233025953e+01
   4.40002900000000e+06   1.37870256367023e-06   2.49983885810460e+01
   4.80003100000000e+06   1.70172279467806e-06   2.50424233025953e+01
   5.20003400000000e+06   1.36638493586361e-06   2.49063159814183e+01
   5.60003600000000e+06   1.62420781180117e-06   2.49823759550261e+01
   6.00003900000000e+06   1.55291490955278e-06   2.50144012070648e+01
   6.40004200000000e+06   1.37714016545942e-06   2.49823759550261e+01
   6.80004400000000e+06   1.55288353198557e-06   2.49463475464779e+01
   7.20004700000000e+06   1.37441986680642e-06   2.49983885810460e+01
   7.60004900000000e+06   1.52887412241398e-06   2.49423443899722e+01
   8.00005200000000e+06   1.42165947636386e-06   2.50264106765782e+01
   8.40005500000000e+06   1.17047591174924e-06   2.49503507029835e+01
   8.80005700000000e+06   1.64645382483286e-06   2.49743696420159e+01
   9.20006000000000e+06   1.20135848646896e-06   2.50824548676336e+01
   9.60006200000000e+06   1.43575061883894e-06   2.50584359286114e+01
   4.21718810000000e+07  -2.09076213650405e-03   2.49583570159945e+01
   4.25718830000000e+07   1.13491410047573e-06   2.50984674936472e+01
   4.29718860000000e+07   9.16330179734359e-07   2.50624390851152e+01
   4.33718880000000e+07   1.91506228475191e-06   2.50504296156035e+01
   4.37718910000000e+07   2.08448523153493e-06   2.49503507029835e+01
   4.41718940000000e+07   1.77251786226407e-06   2.50704453981228e+01
   4.45718960000000e+07   2.07143193620141e-06   2.50184043635693e+01
   4.49718990000000e+07   1.63091488047939e-06   2.50264106765782e+01
   4.53719010000000e+07   2.77625917988189e-06   2.50664422416190e+01
   4.57719040000000e+07   2.52146855928004e-06   2.49663633290053e+01
   4.61719070000000e+07   1.85107717243227e-06   2.50384201460911e+01
   4.65719090000000e+07   2.18230502468941e-06   2.50103980505602e+01
   4.69719120000000e+07   1.61554453370627e-06   2.49863791115312e+01
   4.73719140000000e+07   2.77751837529649e-06   2.49903822680362e+01
   4.77719170000000e+07   2.38216125580948e-06   2.50264106765782e+01
   4.81719200000000e+07   1.56177816279524e-06   2.50464264590994e+01
   4.85719220000000e+07   1.75247441802640e-06   2.50063948940555e+01
   4.89719250000000e+07   1.21847472200898e-06   2.50984674936472e+01
   4.93719270000000e+07   2.31398621508561e-06   2.49903822680362e+01
   4.97719300000000e+07   2.09472045753500e-06   2.50304138330826e+01
   5.01719320000000e+07   1.77874687778967e-06   2.50464264590994e+01
   5.05719350000000e+07   1.95629763766192e-06   2.50624390851152e+01
   5.09719380000000e+07   1.49882419009373e-06   2.51184832761627e+01
   5.13719400000000e+07   2.50523817157955e-06   2.50504296156035e+01
   5.17719430000000e+07   2.25994563152199e-06   2.50784517111300e+01
   9.56905820000000e+07   4.67462465167046e-03   2.50424233025953e+01
   9.60905850000000e+07   1.84829286808963e-06   2.50544327721075e+01
   9.64905870000000e+07   2.88662067760015e-06   2.50744485546264e+01
   9.68905900000000e+07   2.44013722294767e-06   2.50584359286114e+01
   9.72905920000000e+07   1.58812292738730e-06   2.50544327721075e+01
   9.76905950000000e+07   2.80720928458322e-06   2.49943854245411e+01
   9.80905980000000e+07   1.35754169150459e-06   2.50063948940555e+01
   9.84906000000000e+07   2.06844424610608e-06   2.49583570159945e+01
   9.88906030000000e+07   2.00857994059334e-06   2.50264106765782e+01
   9.92906050000000e+07   8.10538438145159e-07   2.50424233025953e+01
   9.96906080000000e+07   2.08651272259885e-06   2.49383412334665e+01
   1.00090611000000e+08   1.65746030234004e-06   2.49863791115312e+01
   1.00490613000000e+08   2.50172047344677e-06   2.50464264590994e+01
   1.00890616000000e+08   2.25419807975413e-06   2.49543538594890e+01
   1.01290618000000e+08   1.16495789370674e-06   2.50544327721075e+01
   1.01690621000000e+08   2.67559630628966e-06   2.50144012070648e+01
   1.02090624000000e+08   1.77949891622120e-06   2.49343380769607e+01
   1.02490626000000e+08   2.39898145082407e-06   2.50103980505602e+01
   1.02890629000000e+08   2.40919894167746e-06   2.50224075200738e+01
   1.03290631000000e+08   1.44598755014158e-06   2.50384201460911e+01
   1.03690634000000e+08   2.45564001488674e-06   2.49783727985210e+01
   1.04090637000000e+08   2.04305024453788e-06   2.49983885810460e+01
   1.04490639000000e+08   2.80098811344942e-06   2.50063948940555e+01
   1.04890642000000e+08   2.76090736406331e-06   2.49663633290053e+01
   1.05290644000000e+08   1.60095942192129e-06   2.49223286074429e+01
   1.48911164000000e+08  -4.28017508238554e-03   2.49943854245411e+01
   1.49311166000000e+08   2.44877401200938e-06   2.50584359286114e+01
   1.49711169000000e+08   1.12644431737863e-06   2.50944643371439e+01
   1.50111171000000e+08   1.21279572340427e-06   2.49223286074429e+01
   1.50511174000000e+08   2.90024081550655e-06   2.50384201460911e+01
   1.50911176000000e+08   2.05563833333144e-06   2.49903822680362e+01
   1.51311179000000e+08   2.56583462032722e-06   2.49823759550261e+01
   1.51711182000000e+08   1.47189712151885e-06   2.51024706501504e+01
   1.52111184000000e+08   1.34210245050781e-06   2.50144012070648e+01
   1.52511187000000e+08   2.74173362413421e-06   2.50784517111300e+01
   1.52911189000000e+08   2.04317279894894e-06   2.50224075200738e+01
   1.53311192000000e+08   2.57477108789317e-06   2.49503507029835e+01
   1.53711195000000e+08   1.55290172187961e-06   2.50184043635693e+01
   1.54111197000000e+08   1.37560982693685e-06   2.50184043635693e+01
   1.54511200000000e+08   2.82900668935326e-06   2.50944643371439e+01
   1.54911202000000e+08   2.33639821090037e-06   2.49903822680362e+01
   1.55311205000000e+08   2.66155620920472e-06   2.50464264590994e+01
   1.55711208000000e+08   1.52769041505962e-06   2.50584359286114e+01
   1.56111210000000e+08   1.38259201776236e-06   2.49903822680362e+01
   1.56511213000000e+08   2.45514820562676e-06   2.50504296156035e+01
   1.56911215000000e+08   1.93386540559004e-06   2.50264106765782e+01
   1.57311218000000e+08   2.32405136557645e-06   2.49783727985210e+01
   1.57711220000000e+08   1.46294109981682e-06   2.49943854245411e+01
   1.58111223000000e+08   1.04751040908013e-06   2.50344169895869e+01
   1.58511226000000e+08   2.05749370252306e-06   2.50504296156035e+01
   1.93310739000000e+08   2.39202473312616e-03   2.49863791115312e+01
   1.93710742000000e+08   1.86689408110396e-06   2.50784517111300e+01
   1.94110744000000e+08   1.16663250082638e-06   2.50184043635693e+01
   1.94510747000000e+08   1.85760404747271e-06   2.50664422416190e+01
   1.94910749000000e+08   3.42090902449854e-06   2.50023917375508e+01
   1.95310752000000e+08   1.26004840694804e-06   2.50264106765782e+01
   1.95710755000000e+08   2.21417053580808e-06   2.50184043635693e+01
   1.96110757000000e+08   1.19254127639579e-06   2.50063948940555e+01
   1.96510760000000e+08   1.82962787675933e-06   2.50784517111300e+01
   1.96910762000000e+08   3.22933669849590e-06   2.49423443899722e+01
   1.97310765000000e+08   1.37738652483677e-06   2.50824548676336e+01
   1.97710767000000e+08   2.14450392377330e-06   2.50824548676336e+01
   1.98110770000000e+08   1.42953251724975e-06   2.50664422416190e+01
   1.98510773000000e+08   2.02803198590118e-06   2.50344169895869e+01
   1.98910775000000e+08   3.54084590981074e-06   2.50504296156035e+01
   1.99310778000000e+08   1.44253658618254e-06   2.50304138330826e+01
   1.99710780000000e+08   2.48482842835074e-06   2.49823759550261e+01
   2.00110783000000e+08   1.43519582707086e-06   2.50824548676336e+01
   2.00510786000000e+08   2.00511749426369e-06   2.50023917375508e+01
   2.00910788000000e+08   3.18132401844196e-06   2.50624390851152e+01
   2.01310791000000e+08   1.58466059474449e-06   2.50984674936472e+01
   2.01710793000000e+08   2.18444824895414e-06   2.49343380769607e+01
   2.02110796000000e+08   1.14151987418154e-06   2.50544327721075e+01
   2.02510799000000e+08   1.38431641971692e-06   2.50264106765782e+01
   2.02910801000000e+08   2.71291582976119e-06   2.50664422416190e+01
