   4.00003000000000e+05   2.08802407541953e-06   2.49703664855106e+01
   8.00005000000000e+05   2.19944422497065e-06   2.49663633290053e+01
   1.20000800000000e+06   1.79320193183230e-06   2.49823759550261e+01
   1.60001000000000e+06   1.79919948095630e-06   2.49743696420159e+01
   2.00001300000000e+06   1.85916258033103e-06   2.50144012070648e+01
   2.40001600000000e+06   1.69278769135417e-06   2.50344169895869e+01
   2.80001800000000e+06   1.97285021386051e-06   2.50063948940555e+01
   3.20002100000000e+06   1.62973503847752e-06   2.50264106765782e+01
   3.60002300000000e+06   1.76289938735863e-06   2.50224075200738e+01
   4.00002600000000e+06   2.00603381017572e-06   2.50504296156035e+01
   4.40002900000000e+06   1.59417129452777e-06   2.50464264590994e+01
   4.80003100000000e+06   1.71521560332621e-06   2.50464264590994e+01
   5.20003400000000e+06   1.22630308396765e-06   2.50184043635693e+01
   5.60003600000000e+06   1.44665216339490e-06   2.51665211541937e+01
   6.00003900000000e+06   1.36224502966797e-06   2.50864580241371e+01
   6.40004200000000e+06   1.17671675070596e-06   2.51104769631567e+01
   6.80004400000000e+06   1.94469112102524e-06   2.50384201460911e+01
   7.20004700000000e+06   1.80373081093421e-06   2.50864580241371e+01
   7.60004900000000e+06   1.84570001238171e-06   2.49983885810460e+01
   8.00005200000000e+06   2.13712633012619e-06   2.50184043635693e+01
   8.40005500000000e+06   1.74612171122135e-06   2.50824548676336e+01
   8.80005700000000e+06   1.97944973479025e-06   2.50023917375508e+01
   9.20006000000000e+06   1.50764560657990e-06   2.49623601725000e+01
   9.60006200000000e+06   1.72579188983946e-06   2.49903822680362e+01
   4.20159480000000e+07   2.39988742396235e-03   2.49863791115312e+01
   4.24159510000000e+07   2.27020768761577e-06   2.51384990586767e+01
   4.28159530000000e+07   1.45906699344778e-06   2.50864580241371e+01
   4.32159560000000e+07   1.40270492465788e-06   2.49943854245411e+01
   4.36159590000000e+07   1.50398057030543e-06   2.50824548676336e+01
   4.40159610000000e+07   1.81854818492866e-06   2.50424233025953e+01
   4.44159640000000e+07   1.90281389222946e-06   2.50784517111300e+01
   4.48159660000000e+07   1.02233013876685e-06   2.50264106765782e+01
   4.52159690000000e+07   9.42884071264416e-07   2.50464264590994e+01
   4.56159720000000e+07   9.16332567157951e-07   2.51224864326656e+01
   4.60159740000000e+07   1.39241092256270e-06   2.49743696420159e+01
   4.64159770000000e+07   1.45350725233584e-06   2.50264106765782e+01
   4.68159790000000e+07   1.28385056541447e-06   2.49903822680362e+01
   4.72159820000000e+07   1.34749518565513e-06   2.50584359286114e+01
   4.76159850000000e+07   1.51816720972420e-06   2.50824548676336e+01
   4.80159870000000e+07   1.80660413207079e-06   2.50864580241371e+01
   4.84159900000000e+07   1.98005568563531e-06   2.49103191379245e+01
   4.88159920000000e+07   1.09617394628003e-06   2.50144012070648e+01
   4.92159950000000e+07   1.04992534488701e-06   2.50144012070648e+01
   4.96159980000000e+07   9.71991539699957e-07   2.49663633290053e+01
   5.00160000000000e+07   1.42438318562199e-06   2.50184043635693e+01
   5.04160030000000e+07   1.54553617903730e-06   2.50384201460911e+01
   5.08160050000000e+07   1.03888930880203e-06   2.49503507029835e+01
   5.12160080000000e+07   8.39072072267300e-07   2.49903822680362e+01
   5.16160100000000e+07   9.38980406317569e-07   2.51304927456713e+01
   9.49810560000000e+07  -4.28217509761453e-03   2.49623601725000e+01
   9.53810590000000e+07   1.97955660041771e-06   2.50504296156035e+01
   9.57810610000000e+07  -6.41635367060189e-08   2.50624390851152e+01
   9.61810640000000e+07   2.96484518003126e-06   2.50063948940555e+01
   9.65810670000000e+07   1.31259946556384e-06   2.50944643371439e+01
   9.69810690000000e+07   2.01307011593599e-06   2.51264895891685e+01
   9.73810720000000e+07   2.16787293538800e-06   2.50824548676336e+01
   9.77810740000000e+07   6.64965327246136e-08   2.50464264590994e+01
   9.81810770000000e+07   2.98119880426384e-06   2.50144012070648e+01
   9.85810800000000e+07   1.41595410241280e-06   2.50184043635693e+01
   9.89810820000000e+07   1.72069690052012e-06   2.50023917375508e+01
   9.93810850000000e+07   1.94122367247473e-06   2.49743696420159e+01
   9.97810870000000e+07  -1.40286786631805e-07   2.50264106765782e+01
   1.00181090000000e+08   2.62954472418642e-06   2.48702875728593e+01
   1.00581093000000e+08   1.06498214336170e-06   2.49583570159945e+01
   1.00981095000000e+08   1.65213680247689e-06   2.50103980505602e+01
   1.01381098000000e+08   1.86277850389160e-06   2.49903822680362e+01
   1.01781100000000e+08  -1.19894650651986e-07   2.50264106765782e+01
   1.02181103000000e+08   2.30783848564897e-06   2.50063948940555e+01
   1.02581106000000e+08   1.01541866115440e-06   2.50784517111300e+01
   1.02981108000000e+08   1.46387446875451e-06   2.50144012070648e+01
   1.03381111000000e+08   1.72833802025707e-06   2.50824548676336e+01
   1.03781113000000e+08  -2.56730174896802e-07   2.49943854245411e+01
   1.04181116000000e+08   2.05849937628955e-06   2.49743696420159e+01
   1.04581119000000e+08   1.05217850432382e-06   2.50584359286114e+01
   1.48161397000000e+08   4.69042500481009e-03   2.49743696420159e+01
   1.48561400000000e+08   2.19470143747458e-06   2.50784517111300e+01
   1.48961402000000e+08   1.70536463883764e-06   2.50584359286114e+01
   1.49361405000000e+08   2.26512133849610e-06   2.50904611806405e+01
   1.49761407000000e+08   2.52147469836927e-06   2.50864580241371e+01
   1.50161410000000e+08   1.13389774014649e-06   2.49823759550261e+01
   1.50561412000000e+08   2.15985755858128e-06   2.51304927456713e+01
   1.50961415000000e+08   1.58749458023522e-06   2.50504296156035e+01
   1.51361418000000e+08   2.02825412998209e-06   2.48943065118992e+01
   1.51761420000000e+08   2.40364011006022e-06   2.50384201460911e+01
   1.52161423000000e+08   1.09748361865059e-06   2.50944643371439e+01
   1.52561425000000e+08   2.07482048608654e-06   2.50464264590994e+01
   1.52961428000000e+08   1.80041456587787e-06   2.49583570159945e+01
   1.53361431000000e+08   2.28366275223379e-06   2.50424233025953e+01
   1.53761433000000e+08   2.68344706455537e-06   2.50384201460911e+01
   1.54161436000000e+08   1.44623334108474e-06   2.50144012070648e+01
   1.54561438000000e+08   2.28979820349196e-06   2.49503507029835e+01
   1.54961441000000e+08   1.93860910258081e-06   2.49943854245411e+01
   1.55361444000000e+08   2.37145718529064e-06   2.49903822680362e+01
   1.55761446000000e+08   2.77014305538614e-06   2.49863791115312e+01
   1.56161449000000e+08   1.69732254562405e-06   2.50464264590994e+01
   1.56561451000000e+08   2.31257422456110e-06   2.50144012070648e+01
   1.56961454000000e+08   1.69319082488073e-06   2.50304138330826e+01
   1.57361457000000e+08   2.07561765819264e-06   2.51104769631567e+01
   1.57761459000000e+08   2.45285787059402e-06   2.51104769631567e+01
   1.92393423000000e+08  -2.08571227267385e-03   2.51545116846868e+01
   1.92793426000000e+08   2.19779462895531e-06   2.51585148411891e+01
   1.93193429000000e+08   1.22918277156714e-06   2.50704453981228e+01
   1.93593431000000e+08   9.44276109748898e-07   2.50984674936472e+01
   1.93993434000000e+08   2.05157516575127e-06   2.51825337802020e+01
   1.94393436000000e+08   1.65521714734496e-06   2.51264895891685e+01
   1.94793439000000e+08   2.06372601496696e-06   2.51304927456713e+01
   1.95193442000000e+08   1.39939550081181e-06   2.50624390851152e+01
   1.95593444000000e+08   1.22742073926929e-06   2.50424233025953e+01
   1.95993447000000e+08   2.37131098401733e-06   2.50304138330826e+01
   1.96393449000000e+08   1.85561293619685e-06   2.51024706501504e+01
   1.96793452000000e+08   1.99173655346385e-06   2.50224075200738e+01
   1.97193455000000e+08   1.36378969273210e-06   2.51144801196597e+01
   1.97593457000000e+08   1.03173124443856e-06   2.50904611806405e+01
   1.97993460000000e+08   2.05177093448583e-06   2.50544327721075e+01
   1.98393462000000e+08   1.66952099789341e-06   2.50824548676336e+01
   1.98793465000000e+08   2.07472817237431e-06   2.50424233025953e+01
   1.99193468000000e+08   1.28629756090959e-06   2.50464264590994e+01
   1.99593470000000e+08   1.00799445590383e-06   2.50023917375508e+01
   1.99993473000000e+08   2.09084305424767e-06   2.49983885810460e+01
   2.00393475000000e+08   1.73003354575485e-06   2.50063948940555e+01
   2.00793478000000e+08   1.93450341612333e-06   2.51304927456713e+01
   2.01193481000000e+08   1.35539562506892e-06   2.50344169895869e+01
   2.01593483000000e+08   1.02957619674271e-06   2.51024706501504e+01
   2.01993486000000e+08   2.09360541703063e-06   2.51344959021740e+01
