   4.00002000000000e+05   2.17238721234025e-06   2.49623601725000e+01
   8.00005000000000e+05   2.24750806410157e-06   2.49263317639489e+01
   1.20000800000000e+06   2.10688290280814e-06   2.49743696420159e+01
   1.60001000000000e+06   2.07895323001139e-06   2.50624390851152e+01
   2.00001300000000e+06   2.19244839172461e-06   2.49983885810460e+01
   2.40001500000000e+06   2.12699978874298e-06   2.50304138330826e+01
   2.80001800000000e+06   2.03847707780369e-06   2.49663633290053e+01
   3.20002000000000e+06   1.89998149835446e-06   2.49343380769607e+01
   3.60002300000000e+06   1.76954563357867e-06   2.49543538594890e+01
   4.00002600000000e+06   1.98770408132987e-06   2.50023917375508e+01
   4.40002800000000e+06   1.77359538611199e-06   2.51184832761627e+01
   4.80003100000000e+06   1.97168014892668e-06   2.49663633290053e+01
   5.20003300000000e+06   2.24595146391948e-06   2.50504296156035e+01
   5.60003600000000e+06   2.21454661186726e-06   2.49743696420159e+01
   6.00003900000000e+06   2.30611226470501e-06   2.49423443899722e+01
   6.40004100000000e+06   2.18599552681553e-06   2.49303349204548e+01
   6.80004400000000e+06   2.24906102630484e-06   2.50624390851152e+01
   7.20004600000000e+06   2.08947062674270e-06   2.50304138330826e+01
   7.60004900000000e+06   1.91545564121043e-06   2.50704453981228e+01
   8.00005200000000e+06   2.11506062441913e-06   2.49343380769607e+01
   8.40005400000000e+06   1.89984530152287e-06   2.49423443899722e+01
   8.80005700000000e+06   2.14279293686559e-06   2.49583570159945e+01
   9.20005900000000e+06   1.96254245565797e-06   2.50904611806405e+01
   9.60006200000000e+06   2.01603347704804e-06   2.50264106765782e+01
   4.20798840000000e+07   2.38465005531907e-03   2.50224075200738e+01
   4.24798870000000e+07   4.80981088912813e-06   2.50144012070648e+01
   4.28798890000000e+07   6.41099745735119e-07   2.50184043635693e+01
   4.32798920000000e+07   2.26698443839268e-06   2.50344169895869e+01
   4.36798950000000e+07   2.48964852289646e-06   2.50103980505602e+01
   4.40798970000000e+07   9.50595335780235e-07   2.49383412334665e+01
   4.44799000000000e+07   4.56795351055916e-06   2.50464264590994e+01
   4.48799020000000e+07   3.59764669610740e-07   2.50103980505602e+01
   4.52799050000000e+07   2.06500476451765e-06   2.49543538594890e+01
   4.56799080000000e+07   2.20143078877300e-06   2.50103980505602e+01
   4.60799100000000e+07   7.87739963925560e-07   2.50304138330826e+01
   4.64799130000000e+07   4.08309824706521e-06   2.50464264590994e+01
   4.68799150000000e+07   1.79786667331427e-07   2.50504296156035e+01
   4.72799180000000e+07   1.82455221420241e-06   2.49983885810460e+01
   4.76799200000000e+07   1.84515374712646e-06   2.51104769631567e+01
   4.80799230000000e+07   5.26385747434688e-07   2.50464264590994e+01
   4.84799260000000e+07   3.68775272363564e-06   2.51425022151793e+01
   4.88799280000000e+07  -1.73618147414345e-07   2.50184043635693e+01
   4.92799310000000e+07   1.12980046651501e-06   2.50023917375508e+01
   4.96799330000000e+07   1.26070676742529e-06   2.50624390851152e+01
   5.00799360000000e+07   5.82218895317510e-09   2.50023917375508e+01
   5.04799390000000e+07   3.00680017062405e-06   2.50144012070648e+01
   5.08799410000000e+07  -3.59001205652021e-07   2.49063159814183e+01
   5.12799440000000e+07   1.68829353697220e-06   2.49623601725000e+01
   5.16799460000000e+07   1.79033315816923e-06   2.49943854245411e+01
   9.54129320000000e+07  -4.26569906994700e-03   2.49823759550261e+01
   9.58129350000000e+07   4.09708604820480e-07   2.50063948940555e+01
   9.62129370000000e+07   5.54724294943298e-07   2.50664422416190e+01
   9.66129400000000e+07   1.55427107983996e-06   2.50264106765782e+01
   9.70129430000000e+07   2.74486274065566e-06   2.50384201460911e+01
   9.74129450000000e+07   1.48997685300856e-06   2.50464264590994e+01
   9.78129480000000e+07   6.29227940862620e-07   2.50944643371439e+01
   9.82129500000000e+07   8.17951558929053e-07   2.50023917375508e+01
   9.86129530000000e+07   1.70504642937885e-06   2.50704453981228e+01
   9.90129560000000e+07   2.34607773563766e-06   2.50544327721075e+01
   9.94129580000000e+07   8.81759603998944e-07   2.50224075200738e+01
   9.98129610000000e+07   1.79406868028309e-07   2.50304138330826e+01
   1.00212963000000e+08   2.50876581731063e-07   2.50904611806405e+01
   1.00612966000000e+08   1.09245058865781e-06   2.50624390851152e+01
   1.01012968000000e+08   2.14761166716926e-06   2.50664422416190e+01
   1.01412971000000e+08   1.07142477645539e-06   2.50664422416190e+01
   1.01812974000000e+08   4.09319312666412e-07   2.50584359286114e+01
   1.02212976000000e+08   4.87409465677047e-07   2.50824548676336e+01
   1.02612979000000e+08   1.18819787076063e-06   2.49743696420159e+01
   1.03012981000000e+08   2.37147264670057e-06   2.49983885810460e+01
   1.03412984000000e+08   1.26523195831396e-06   2.50424233025953e+01
   1.03812987000000e+08   7.14507905286155e-07   2.50184043635693e+01
   1.04212989000000e+08   7.06831485786097e-07   2.50464264590994e+01
   1.04612992000000e+08   1.41792008889752e-06   2.50264106765782e+01
   1.05012994000000e+08   2.41168663706048e-06   2.50224075200738e+01
   1.48710022000000e+08   4.68447385355830e-03   2.50224075200738e+01
   1.49110025000000e+08   3.42014061516238e-08   2.49383412334665e+01
   1.49510027000000e+08   2.51197047873575e-06   2.50184043635693e+01
   1.49910030000000e+08   4.02165767354745e-07   2.50464264590994e+01
   1.50310033000000e+08   2.94160236080643e-06   2.49463475464779e+01
   1.50710035000000e+08   1.17712022529304e-06   2.49863791115312e+01
   1.51110038000000e+08   6.57395901271229e-07   2.50904611806405e+01
   1.51510040000000e+08   3.16738191941113e-06   2.50264106765782e+01
   1.51910043000000e+08   1.13120506739506e-06   2.50584359286114e+01
   1.52310046000000e+08   3.58114880327776e-06   2.50464264590994e+01
   1.52710048000000e+08   1.86106535693398e-06   2.50944643371439e+01
   1.53110051000000e+08   1.02907063137536e-06   2.50304138330826e+01
   1.53510053000000e+08   3.24075949720282e-06   2.49823759550261e+01
   1.53910056000000e+08   1.39609676352848e-06   2.49623601725000e+01
   1.54310059000000e+08   3.67332086170791e-06   2.49903822680362e+01
   1.54710061000000e+08   2.09335826184542e-06   2.49983885810460e+01
   1.55110064000000e+08   1.03792694972071e-06   2.50063948940555e+01
   1.55510066000000e+08   3.17162675855798e-06   2.49423443899722e+01
   1.55910069000000e+08   1.35211200813501e-06   2.49103191379245e+01
   1.56310071000000e+08   3.59963178198086e-06   2.50103980505602e+01
   1.56710074000000e+08   1.97200029106170e-06   2.49783727985210e+01
   1.57110077000000e+08   8.72063083079411e-07   2.48782938858728e+01
   1.57510079000000e+08   2.80021572507394e-06   2.49943854245411e+01
   1.57910082000000e+08   1.06375102859602e-06   2.49703664855106e+01
   1.58310084000000e+08   3.14016119773441e-06   2.49783727985210e+01
   1.93494564000000e+08  -2.08650017157197e-03   2.49743696420159e+01
   1.93894567000000e+08   2.45632827500231e-06   2.50624390851152e+01
   1.94294569000000e+08   2.96237180918979e-06   2.50264106765782e+01
   1.94694572000000e+08   5.97431323967612e-07   2.50584359286114e+01
   1.95094574000000e+08   1.53055691498594e-06   2.50144012070648e+01
   1.95494577000000e+08   7.75127602992143e-07   2.49743696420159e+01
   1.95894580000000e+08   2.85346368400496e-06   2.50424233025953e+01
   1.96294582000000e+08   3.27378484143992e-06   2.50304138330826e+01
   1.96694585000000e+08   8.63846935317270e-07   2.51264895891685e+01
   1.97094587000000e+08   1.71455803865683e-06   2.50824548676336e+01
   1.97494590000000e+08   9.30349301597744e-07   2.49983885810460e+01
   1.97894593000000e+08   2.64628783952503e-06   2.50304138330826e+01
   1.98294595000000e+08   3.05608728012885e-06   2.49543538594890e+01
   1.98694598000000e+08   1.07126879811403e-06   2.49903822680362e+01
   1.99094600000000e+08   1.75019647485897e-06   2.49743696420159e+01
   1.99494603000000e+08   7.45734837437340e-07   2.50144012070648e+01
   1.99894605000000e+08   2.62425533037458e-06   2.50584359286114e+01
   2.00294608000000e+08   3.16029149871611e-06   2.49543538594890e+01
   2.00694611000000e+08   1.06967297597294e-06   2.50144012070648e+01
   2.01094613000000e+08   1.84408941095171e-06   2.49583570159945e+01
   2.01494616000000e+08   1.27549731132603e-06   2.49863791115312e+01
   2.01894618000000e+08   2.86198701360263e-06   2.50504296156035e+01
   2.02294621000000e+08   3.19139053317485e-06   2.50103980505602e+01
   2.02694624000000e+08   1.29319778352510e-06   2.50264106765782e+01
   2.03094626000000e+08   2.19365324483078e-06   2.49543538594890e+01
