   4.00002000000000e+05   1.05163508123951e-06   2.49263317639489e+01
   8.00005000000000e+05   1.28564761325833e-06   2.49823759550261e+01
   1.20000700000000e+06   1.26808629374864e-06   2.50704453981228e+01
   1.60001000000000e+06   1.17728211534995e-06   2.51064738066536e+01
   2.00001300000000e+06   1.48373203501251e-06   2.50944643371439e+01
   2.40001500000000e+06   1.26382838061545e-06   2.50944643371439e+01
   2.80001800000000e+06   1.34307424559665e-06   2.51104769631567e+01
   3.20002000000000e+06   1.52713892020984e-06   2.51304927456713e+01
   3.60002300000000e+06   1.73770877154311e-06   2.50864580241371e+01
   4.00002600000000e+06   2.16111379813810e-06   2.50384201460911e+01
   4.40002800000000e+06   1.84237751454930e-06   2.50144012070648e+01
   4.80003100000000e+06   2.00178260456596e-06   2.51545116846868e+01
   5.20003300000000e+06   2.19648359234270e-06   2.50984674936472e+01
   5.60003600000000e+06   2.50380162469810e-06   2.50824548676336e+01
   6.00003900000000e+06   2.89011973109154e-06   2.51264895891685e+01
   6.40004100000000e+06   2.65574863078655e-06   2.49663633290053e+01
   6.80004400000000e+06   2.74870740213373e-06   2.50744485546264e+01
   7.20004600000000e+06   2.70884379460767e-06   2.50744485546264e+01
   7.60004900000000e+06   2.11742371902801e-06   2.50224075200738e+01
   8.00005200000000e+06   2.32012257583847e-06   2.49383412334665e+01
   8.40005400000000e+06   2.08441679205862e-06   2.50144012070648e+01
   8.80005700000000e+06   2.21171990233415e-06   2.50624390851152e+01
   9.20005900000000e+06   2.39674454860506e-06   2.50224075200738e+01
   9.60006200000000e+06   2.34591811931750e-06   2.49543538594890e+01
   4.21089220000000e+07   1.38887859066017e-04   2.50184043635693e+01
   4.25089250000000e+07   3.13134046336927e-06   2.50023917375508e+01
   4.29089280000000e+07   2.60734259427409e-06   2.50224075200738e+01
   4.33089300000000e+07   2.91429842036450e-06   2.51064738066536e+01
   4.37089330000000e+07   2.76689866041124e-06   2.50424233025953e+01
   4.41089350000000e+07   2.52331619776669e-06   2.50184043635693e+01
   4.45089380000000e+07   2.90084744847263e-06   2.50824548676336e+01
   4.49089410000000e+07   2.53271718975157e-06   2.50664422416190e+01
   4.53089430000000e+07   2.60098795479280e-06   2.51144801196597e+01
   4.57089460000000e+07   2.44589932663075e-06   2.50944643371439e+01
   4.61089480000000e+07   2.04185585062078e-06   2.50664422416190e+01
   4.65089510000000e+07   2.62814342022466e-06   2.50544327721075e+01
   4.69089540000000e+07   2.04985258278612e-06   2.50904611806405e+01
   4.73089560000000e+07   2.21661912291893e-06   2.50103980505602e+01
   4.77089590000000e+07   1.91383105629939e-06   2.49943854245411e+01
   4.81089610000000e+07   1.67636108017177e-06   2.50424233025953e+01
   4.85089640000000e+07   1.98416023522441e-06   2.50184043635693e+01
   4.89089670000000e+07   1.62227502187307e-06   2.50063948940555e+01
   4.93089690000000e+07   1.75659135948081e-06   2.50224075200738e+01
   4.97089720000000e+07   1.65174219546316e-06   2.49903822680362e+01
   5.01089740000000e+07   1.30248497498542e-06   2.50504296156035e+01
   5.05089770000000e+07   1.75148682046711e-06   2.50144012070648e+01
   5.09089800000000e+07   1.30993646507704e-06   2.49863791115312e+01
   5.13089820000000e+07   1.30547721255425e-06   2.50624390851152e+01
   5.17089850000000e+07   1.01788475603826e-06   2.50744485546264e+01
   9.54362610000000e+07   2.07375342142768e-04   2.50504296156035e+01
   9.58362630000000e+07   1.44805540003290e-06   2.49943854245411e+01
   9.62362660000000e+07   1.51853566876525e-06   2.49663633290053e+01
   9.66362680000000e+07   1.42828605476097e-06   2.49343380769607e+01
   9.70362710000000e+07   1.47418722917791e-06   2.50384201460911e+01
   9.74362740000000e+07   1.83534370989946e-06   2.50184043635693e+01
   9.78362760000000e+07   1.78889354174316e-06   2.50744485546264e+01
   9.82362790000000e+07   2.00724616661319e-06   2.50264106765782e+01
   9.86362810000000e+07   1.79414234935393e-06   2.49863791115312e+01
   9.90362840000000e+07   2.00195995603281e-06   2.51104769631567e+01
   9.94362870000000e+07   1.88811236512265e-06   2.50624390851152e+01
   9.98362890000000e+07   1.81623556727573e-06   2.50304138330826e+01
   1.00236292000000e+08   1.95880011233385e-06   2.49943854245411e+01
   1.00636294000000e+08   1.85530291219038e-06   2.50464264590994e+01
   1.01036297000000e+08   1.95802067537443e-06   2.50984674936472e+01
   1.01436300000000e+08   1.51542201365373e-06   2.50504296156035e+01
   1.01836302000000e+08   1.32500815652747e-06   2.51024706501504e+01
   1.02236305000000e+08   1.44799412282737e-06   2.50144012070648e+01
   1.02636307000000e+08   1.28102090002358e-06   2.50624390851152e+01
   1.03036310000000e+08   1.36577523335291e-06   2.50784517111300e+01
   1.03436313000000e+08   1.99218538909918e-06   2.50504296156035e+01
   1.03836315000000e+08   2.14907254303398e-06   2.50063948940555e+01
   1.04236318000000e+08   2.28209614760999e-06   2.50824548676336e+01
   1.04636320000000e+08   2.19947196455905e-06   2.49903822680362e+01
   1.05036323000000e+08   2.31159742725140e-06   2.49783727985210e+01
   1.48866132000000e+08   1.84375196113251e-04   2.49663633290053e+01
   1.49266135000000e+08   1.80896427082189e-06   2.50304138330826e+01
   1.49666138000000e+08   2.35774609791406e-06   2.49423443899722e+01
   1.50066140000000e+08   2.25029157263634e-06   2.50504296156035e+01
   1.50466143000000e+08   2.69845668299240e-06   2.50224075200738e+01
   1.50866145000000e+08   2.25178291657357e-06   2.49943854245411e+01
   1.51266148000000e+08   2.63190077021136e-06   2.49103191379245e+01
   1.51666151000000e+08   2.86941872218449e-06   2.49583570159945e+01
   1.52066153000000e+08   2.74682884082722e-06   2.51505085281844e+01
   1.52466156000000e+08   3.08701464746264e-06   2.50704453981228e+01
   1.52866158000000e+08   2.70888426712190e-06   2.50784517111300e+01
   1.53266161000000e+08   2.76122159448278e-06   2.50824548676336e+01
   1.53666164000000e+08   2.54286032941309e-06   2.49863791115312e+01
   1.54066166000000e+08   2.24245422941749e-06   2.49583570159945e+01
   1.54466169000000e+08   2.62873686551757e-06   2.49703664855106e+01
   1.54866171000000e+08   2.28931048695813e-06   2.49383412334665e+01
   1.55266174000000e+08   2.24939776671818e-06   2.49903822680362e+01
   1.55666177000000e+08   1.66817028457444e-06   2.49983885810460e+01
   1.56066179000000e+08   1.50054961522983e-06   2.49983885810460e+01
   1.56466182000000e+08   1.79278413270367e-06   2.50023917375508e+01
   1.56866184000000e+08   1.54817769271176e-06   2.50144012070648e+01
   1.57266187000000e+08   1.59901310325949e-06   2.49983885810460e+01
   1.57666190000000e+08   1.63276570219750e-06   2.49743696420159e+01
   1.58066192000000e+08   1.41386567520385e-06   2.50424233025953e+01
   1.58466195000000e+08   1.76107641891576e-06   2.50264106765782e+01
   1.93740459000000e+08   1.77800277015194e-04   2.49703664855106e+01
   1.94140462000000e+08   1.42794579005567e-06   2.50224075200738e+01
   1.94540464000000e+08   1.95286202142597e-06   2.50544327721075e+01
   1.94940467000000e+08   1.52806626374513e-06   2.51104769631567e+01
   1.95340470000000e+08   1.74159561083798e-06   2.50824548676336e+01
   1.95740472000000e+08   1.88258263733587e-06   2.49743696420159e+01
   1.96140475000000e+08   1.65664539508725e-06   2.50103980505602e+01
   1.96540477000000e+08   2.05719379664515e-06   2.50944643371439e+01
   1.96940480000000e+08   1.73103876477398e-06   2.50304138330826e+01
   1.97340483000000e+08   1.75741035945975e-06   2.50144012070648e+01
   1.97740485000000e+08   1.79899984686926e-06   2.49903822680362e+01
   1.98140488000000e+08   1.62126332270418e-06   2.50664422416190e+01
   1.98540490000000e+08   1.82553901595384e-06   2.49983885810460e+01
   1.98940493000000e+08   1.53064070218534e-06   2.50063948940555e+01
   1.99340496000000e+08   1.52884376802831e-06   2.49903822680362e+01
   1.99740498000000e+08   1.36771529923863e-06   2.50184043635693e+01
   2.00140501000000e+08   1.22902349630749e-06   2.50304138330826e+01
   2.00540503000000e+08   1.44297439419461e-06   2.49823759550261e+01
   2.00940506000000e+08   1.20012725801644e-06   2.51344959021740e+01
   2.01340509000000e+08   1.30051705582446e-06   2.49463475464779e+01
   2.01740511000000e+08   9.20784202662617e-07   2.50224075200738e+01
   2.02140514000000e+08   1.08019821709604e-06   2.50504296156035e+01
   2.02540516000000e+08   1.12664679363661e-06   2.49583570159945e+01
   2.02940519000000e+08   9.65735239333299e-07   2.50304138330826e+01
   2.03340522000000e+08   1.20007325676852e-06   2.50584359286114e+01
