   4.00003000000000e+05   1.66453412475676e-06   2.50504296156035e+01
   8.00006000000000e+05   1.63296999744489e-06   2.50424233025953e+01
   1.20000800000000e+06   1.55191253270459e-06   2.52385779712233e+01
   1.60001100000000e+06   1.67728671840450e-06   2.51224864326656e+01
   2.00001300000000e+06   1.60211345701100e-06   2.46861423734780e+01
   2.40001600000000e+06   1.66070640261751e-06   2.47742118166770e+01
   2.80001900000000e+06   1.88338640327856e-06   2.48943065118992e+01
   3.20002100000000e+06   1.71931617387600e-06   2.50023917375508e+01
   3.60002400000000e+06   1.79844937520102e-06   2.48542749468314e+01
   4.00002600000000e+06   1.75841626059992e-06   2.47862212862018e+01
   4.40002900000000e+06   1.77449749116931e-06   2.50063948940555e+01
   4.80003200000000e+06   1.84883720066864e-06   2.48702875728593e+01
   5.20003400000000e+06   1.71952081018389e-06   2.49423443899722e+01
   5.60003700000000e+06   1.90000162092474e-06   2.51705243106959e+01
   6.00003900000000e+06   1.80641814040428e-06   2.49703664855106e+01
   6.40004200000000e+06   1.85992621482001e-06   2.50864580241371e+01
   6.80004500000000e+06   1.91520393855171e-06   2.51505085281844e+01
   7.20004700000000e+06   1.81896564299677e-06   2.48903033553927e+01
   7.60005000000000e+06   1.91817503036873e-06   2.49983885810460e+01
   8.00005200000000e+06   1.78650907400879e-06   2.49023128249120e+01
   8.40005500000000e+06   1.76480762092979e-06   2.50704453981228e+01
   8.80005800000000e+06   1.70874568539148e-06   2.50464264590994e+01
   9.20006000000000e+06   1.64332277563517e-06   2.49583570159945e+01
   9.60006300000000e+06   1.71368321844056e-06   2.47181676255539e+01
   4.24748810000000e+07  -2.03638733364642e-03   2.52465842842254e+01
   4.28748830000000e+07   2.48356604970468e-06   2.51184832761627e+01
   4.32748860000000e+07   1.57926524479990e-06   2.51825337802020e+01
   4.36748890000000e+07   1.73270336745190e-06   2.47982307557260e+01
   4.40748910000000e+07   1.27931980387075e-06   2.54147168572112e+01
   4.44748940000000e+07   2.73988166554773e-06   2.52225653452185e+01
   4.48748960000000e+07   2.49208528657618e-06   2.49423443899722e+01
   4.52748990000000e+07   1.35645746013324e-06   2.50664422416190e+01
   4.56749020000000e+07   1.94744984582940e-06   2.50904611806405e+01
   4.60749040000000e+07   1.58866532729007e-06   2.46661265909285e+01
   4.64749070000000e+07   2.66584902419709e-06   2.48782938858728e+01
   4.68749090000000e+07   1.63221795901336e-06   2.49463475464779e+01
   4.72749120000000e+07   1.04109824405896e-06   2.50624390851152e+01
   4.76749150000000e+07   1.71260455772426e-06   2.49623601725000e+01
   4.80749170000000e+07   1.52390259700041e-06   2.47581991906431e+01
   4.84749200000000e+07   2.57304191109142e-06   2.48903033553927e+01
   4.88749220000000e+07   1.58265083882725e-06   2.49703664855106e+01
   4.92749250000000e+07   1.20035429063137e-06   2.50664422416190e+01
   4.96749280000000e+07   1.94044400814164e-06   2.44179308871828e+01
   5.00749300000000e+07   1.81978350610734e-06   2.48943065118992e+01
   5.04749330000000e+07   2.48850255957223e-06   2.50103980505602e+01
   5.08749350000000e+07   1.29116972402699e-06   2.50384201460911e+01
   5.12749380000000e+07   1.28122235310002e-06   2.49183254509368e+01
   5.16749410000000e+07   2.10793382393604e-06   2.47662055036602e+01
   5.20749430000000e+07   1.89647801107640e-06   2.51144801196597e+01
   9.55287170000000e+07   4.57512447610497e-03   2.48422654773099e+01
   9.59287190000000e+07   1.71676799709530e-06   2.50624390851152e+01
   9.63287220000000e+07   4.44605831262379e-07   2.49743696420159e+01
   9.67287240000000e+07   1.68589292570687e-06   2.47862212862018e+01
   9.71287270000000e+07   3.28366240864852e-06   2.51184832761627e+01
   9.75287300000000e+07   2.19400226342259e-06   2.49863791115312e+01
   9.79287320000000e+07   1.31583567508642e-06   2.49903822680362e+01
   9.83287350000000e+07   5.86199689678324e-07   2.50984674936472e+01
   9.87287370000000e+07   2.35808602155885e-06   2.52265685017198e+01
   9.91287400000000e+07   3.08580683849868e-06   2.49623601725000e+01
   9.95287430000000e+07   1.83046381607710e-06   2.50744485546264e+01
   9.99287450000000e+07   9.53483379362297e-07   2.50063948940555e+01
   1.00328748000000e+08   1.07097116597288e-06   2.49823759550261e+01
   1.00728750000000e+08   2.71559247266850e-06   2.50144012070648e+01
   1.01128753000000e+08   2.91610490421590e-06   2.51745274671980e+01
   1.01528756000000e+08   1.30713431190088e-06   2.48903033553927e+01
   1.01928758000000e+08   1.03142633633979e-06   2.49663633290053e+01
   1.02328761000000e+08   1.47652565374301e-06   2.50184043635693e+01
   1.02728763000000e+08   2.84145744444686e-06   2.50984674936472e+01
   1.03128766000000e+08   2.34751428251911e-06   2.50063948940555e+01
   1.03528769000000e+08   9.83685481514840e-07   2.49903822680362e+01
   1.03928771000000e+08   1.17064223559282e-06   2.49743696420159e+01
   1.04328774000000e+08   1.74418687493016e-06   2.50504296156035e+01
   1.04728776000000e+08   2.51155483965704e-06   2.50984674936472e+01
   1.05128779000000e+08   1.63486902238219e-06   2.50224075200738e+01
   1.48748867000000e+08  -4.17769979685545e-03   2.51104769631567e+01
   1.49148870000000e+08   9.60981083153456e-07   2.51144801196597e+01
   1.49548873000000e+08   2.04798243430560e-06   2.50704453981228e+01
   1.49948875000000e+08   1.78893526481261e-06   2.49423443899722e+01
   1.50348878000000e+08   2.93994025923894e-06   2.50304138330826e+01
   1.50748880000000e+08   1.03577826848777e-06   2.50344169895869e+01
   1.51148883000000e+08   1.08782433017041e-06   2.49863791115312e+01
   1.51548886000000e+08   2.21570076064381e-06   2.50424233025953e+01
   1.51948888000000e+08   1.88643184628745e-06   2.50344169895869e+01
   1.52348891000000e+08   2.59328044194262e-06   2.49463475464779e+01
   1.52748893000000e+08   7.14834470727510e-07   2.50103980505602e+01
   1.53148896000000e+08   1.27567886920588e-06   2.50664422416190e+01
   1.53548899000000e+08   2.31889134738594e-06   2.49903822680362e+01
   1.53948901000000e+08   1.77403467205295e-06   2.50384201460911e+01
   1.54348904000000e+08   2.20353877011803e-06   2.49823759550261e+01
   1.54748906000000e+08   7.13095630544558e-07   2.50584359286114e+01
   1.55148909000000e+08   1.73696787442168e-06   2.50144012070648e+01
   1.55548912000000e+08   2.51075312007742e-06   2.49823759550261e+01
   1.55948914000000e+08   1.73459397956321e-06   2.49983885810460e+01
   1.56348917000000e+08   2.11008023143222e-06   2.49823759550261e+01
   1.56748919000000e+08   7.56112058297731e-07   2.50504296156035e+01
   1.57148922000000e+08   2.27164855459705e-06   2.49903822680362e+01
   1.57548925000000e+08   2.45601609094592e-06   2.50584359286114e+01
   1.57948927000000e+08   1.72748048044014e-06   2.50184043635693e+01
   1.58348930000000e+08   1.94667245523306e-06   2.50984674936472e+01
   1.93171049000000e+08   2.34957528300583e-03   2.52786095362311e+01
   1.93571052000000e+08   5.67497636438929e-07   2.52986253187327e+01
   1.93971054000000e+08   2.74336161965039e-06   2.49823759550261e+01
   1.94371057000000e+08   1.77849847204925e-06   2.50424233025953e+01
   1.94771060000000e+08   1.02178364613792e-06   2.43098456612814e+01
   1.95171062000000e+08   2.99609678222623e-06   2.48582781033385e+01
   1.95571065000000e+08   1.79731998173338e-07   2.49383412334665e+01
   1.95971067000000e+08   2.67326072389551e-06   2.48622812598455e+01
   1.96371070000000e+08   1.54682970787690e-06   2.49983885810460e+01
   1.96771073000000e+08   1.37575523240230e-06   2.48943065118992e+01
   1.97171075000000e+08   2.81362872556201e-06   2.47461897211170e+01
   1.97571078000000e+08   5.48942352907034e-07   2.48142433817574e+01
   1.97971080000000e+08   2.86336739918625e-06   2.51104769631567e+01
   1.98371083000000e+08   1.36965661567956e-06   2.52145590322157e+01
   1.98771086000000e+08   1.47167907016410e-06   2.48742907293661e+01
   1.99171088000000e+08   2.81628331322281e-06   2.51625179976914e+01
   1.99571091000000e+08   5.56348425106989e-07   2.43298614438593e+01
   1.99971093000000e+08   2.99493694910780e-06   2.49263317639489e+01
   2.00371096000000e+08   1.25380006466003e-06   2.51184832761627e+01
   2.00771099000000e+08   1.77934941802960e-06   2.50344169895869e+01
   2.01171101000000e+08   2.49839490606973e-06   2.51304927456713e+01
   2.01571104000000e+08   7.09784444552497e-07   2.48462686338171e+01
   2.01971106000000e+08   3.03925071420963e-06   2.45580413651338e+01
   2.02371109000000e+08   1.15048203497281e-06   2.46941486864974e+01
   2.02771112000000e+08   1.83937072506524e-06   2.47942275992180e+01
