   4.00002000000000e+05   1.84031739536294e-06   2.50023917375508e+01
   8.00005000000000e+05   1.79782421128039e-06   2.50344169895869e+01
   1.20000700000000e+06   1.65250776262837e-06   2.50384201460911e+01
   1.60001000000000e+06   1.79233336439211e-06   2.50784517111300e+01
   2.00001300000000e+06   1.64585355832969e-06   2.49743696420159e+01
   2.40001500000000e+06   1.63687082022079e-06   2.49943854245411e+01
   2.80001800000000e+06   1.73221428667603e-06   2.50384201460911e+01
   3.20002000000000e+06   1.54898498294642e-06   2.50944643371439e+01
   3.60002300000000e+06   1.76016658315348e-06   2.50384201460911e+01
   4.00002600000000e+06   1.60265926751890e-06   2.50584359286114e+01
   4.40002800000000e+06   1.74996819168882e-06   2.49943854245411e+01
   4.80003100000000e+06   2.03690638045373e-06   2.49423443899722e+01
   5.20003300000000e+06   1.92639026863617e-06   2.49943854245411e+01
   5.60003600000000e+06   2.14473175219609e-06   2.49383412334665e+01
   6.00003900000000e+06   2.00917952497548e-06   2.49903822680362e+01
   6.40004100000000e+06   2.04141747417452e-06   2.49623601725000e+01
   6.80004400000000e+06   1.69530198945722e-06   2.50063948940555e+01
   7.20004600000000e+06   1.41733380587539e-06   2.49743696420159e+01
   7.60004900000000e+06   1.63606625847024e-06   2.49863791115312e+01
   8.00005200000000e+06   1.44057264606090e-06   2.49983885810460e+01
   8.40005400000000e+06   1.56695409714303e-06   2.49943854245411e+01
   8.80005700000000e+06   1.88458602679020e-06   2.50864580241371e+01
   9.20005900000000e+06   1.92226275430585e-06   2.50304138330826e+01
   9.60006200000000e+06   2.04103048417892e-06   2.50144012070648e+01
   4.24930730000000e+07   2.40245019085705e-03   2.50464264590994e+01
   4.28930760000000e+07   1.29273564652976e-06   2.51064738066536e+01
   4.32930780000000e+07   1.43429667787132e-06   2.50384201460911e+01
   4.36930810000000e+07   1.36891037527676e-06   2.50864580241371e+01
   4.40930830000000e+07   7.69570874581404e-07   2.50544327721075e+01
   4.44930860000000e+07   1.88326021088869e-06   2.49623601725000e+01
   4.48930890000000e+07   1.79229198238318e-06   2.50584359286114e+01
   4.52930910000000e+07   1.84787052148749e-06   2.50304138330826e+01
   4.56930940000000e+07   1.97946997104737e-06   2.50144012070648e+01
   4.60930960000000e+07   1.27199427879532e-06   2.51104769631567e+01
   4.64930990000000e+07   2.35253378377820e-06   2.50744485546264e+01
   4.68931020000000e+07   2.13551538763568e-06   2.51064738066536e+01
   4.72931040000000e+07   2.13242583413376e-06   2.50864580241371e+01
   4.76931070000000e+07   2.30283535529452e-06   2.50824548676336e+01
   4.80931090000000e+07   1.61450032010180e-06   2.49903822680362e+01
   4.84931120000000e+07   2.59752050624229e-06   2.50304138330826e+01
   4.88931150000000e+07   1.50957180267142e-06   2.50103980505602e+01
   4.92931170000000e+07   1.40597296649503e-06   2.50224075200738e+01
   4.96931200000000e+07   1.46936019973509e-06   2.50184043635693e+01
   5.00931220000000e+07   8.60961563375895e-07   2.49823759550261e+01
   5.04931250000000e+07   1.83517056484561e-06   2.50464264590994e+01
   5.08931270000000e+07   1.19465846637468e-06   2.50824548676336e+01
   5.12931300000000e+07   1.21110497275367e-06   2.50664422416190e+01
   5.16931330000000e+07   1.39974463309045e-06   2.50784517111300e+01
   5.20931350000000e+07   8.69433108618978e-07   2.50584359286114e+01
   9.59231980000000e+07  -4.29319962859154e-03   2.49623601725000e+01
   9.63232000000000e+07   2.37678818848508e-06   2.49783727985210e+01
   9.67232030000000e+07   2.72299530479359e-06   2.50023917375508e+01
   9.71232050000000e+07   1.54203962665633e-06   2.50744485546264e+01
   9.75232080000000e+07   2.06364643418055e-06   2.49903822680362e+01
   9.79232100000000e+07   1.75184698036901e-06   2.49663633290053e+01
   9.83232130000000e+07   2.84750626633468e-06   2.50384201460911e+01
   9.87232160000000e+07   2.59160174209683e-06   2.50144012070648e+01
   9.91232180000000e+07   1.12541056296322e-06   2.50944643371439e+01
   9.95232210000000e+07   1.56556154706777e-06   2.50704453981228e+01
   9.99232230000000e+07   1.19533035558561e-06   2.50544327721075e+01
   1.00323226000000e+08   2.25369876716286e-06   2.49903822680362e+01
   1.00723229000000e+08   2.38138227359741e-06   2.50944643371439e+01
   1.01123231000000e+08   1.19869730497157e-06   2.49863791115312e+01
   1.01523234000000e+08   1.57193449012993e-06   2.50023917375508e+01
   1.01923236000000e+08   1.23699567211588e-06   2.50424233025953e+01
   1.02323239000000e+08   2.06100958166644e-06   2.50424233025953e+01
   1.02723242000000e+08   2.32867523664027e-06   2.49823759550261e+01
   1.03123244000000e+08   1.06535446775524e-06   2.50984674936472e+01
   1.03523247000000e+08   1.54658118844964e-06   2.50544327721075e+01
   1.03923249000000e+08   1.07310563635110e-06   2.49903822680362e+01
   1.04323252000000e+08   2.00125191440748e-06   2.50784517111300e+01
   1.04723255000000e+08   1.95093070942676e-06   2.49983885810460e+01
   1.05123257000000e+08   8.16996589492192e-07   2.49903822680362e+01
   1.05523260000000e+08   1.16107764824847e-06   2.49463475464779e+01
   1.49365627000000e+08   4.69502480700612e-03   2.50384201460911e+01
   1.49765629000000e+08   1.12638690552558e-06   2.50424233025953e+01
   1.50165632000000e+08   1.33475691654894e-06   2.50144012070648e+01
   1.50565635000000e+08   2.40638405557547e-06   2.50424233025953e+01
   1.50965637000000e+08   2.66951246885583e-06   2.50063948940555e+01
   1.51365640000000e+08   2.98520649266720e-06   2.50784517111300e+01
   1.51765642000000e+08   1.52875475123437e-06   2.50384201460911e+01
   1.52165645000000e+08   1.87018213182455e-06   2.50904611806405e+01
   1.52565648000000e+08   2.32293518820370e-06   2.50704453981228e+01
   1.52965650000000e+08   2.18685840991384e-06   2.50664422416190e+01
   1.53365653000000e+08   2.19556386582553e-06   2.50344169895869e+01
   1.53765655000000e+08   1.03460365608044e-06   2.50384201460911e+01
   1.54165658000000e+08   1.04581783944013e-06   2.50544327721075e+01
   1.54565661000000e+08   1.91213439393323e-06   2.50984674936472e+01
   1.54965663000000e+08   2.18397622120392e-06   2.49623601725000e+01
   1.55365666000000e+08   2.67315772362053e-06   2.50624390851152e+01
   1.55765668000000e+08   1.33927255774324e-06   2.50744485546264e+01
   1.56165671000000e+08   1.51670622017264e-06   2.50304138330826e+01
   1.56565674000000e+08   2.07153107112390e-06   2.50023917375508e+01
   1.56965676000000e+08   2.47887192017515e-06   2.50504296156035e+01
   1.57365679000000e+08   2.72679699264700e-06   2.50784517111300e+01
   1.57765681000000e+08   1.75699312876532e-06   2.50144012070648e+01
   1.58165684000000e+08   1.66199936302291e-06   2.49983885810460e+01
   1.58565686000000e+08   2.06792560675240e-06   2.50103980505602e+01
   1.58965689000000e+08   1.99944497580873e-06   2.50103980505602e+01
   1.93649529000000e+08  -2.08915024995804e-03   2.50344169895869e+01
   1.94049532000000e+08   1.23466429613472e-06   2.49463475464779e+01
   1.94449534000000e+08   1.21893970117526e-06   2.49743696420159e+01
   1.94849537000000e+08   1.68298060998495e-06   2.50824548676336e+01
   1.95249539000000e+08   1.48448793879652e-06   2.49943854245411e+01
   1.95649542000000e+08   1.37966469537787e-06   2.50384201460911e+01
   1.96049545000000e+08   1.45484875702095e-06   2.49383412334665e+01
   1.96449547000000e+08   1.18532727810816e-06   2.49823759550261e+01
   1.96849550000000e+08   1.69285362972005e-06   2.50504296156035e+01
   1.97249552000000e+08   1.41824705224280e-06   2.49663633290053e+01
   1.97649555000000e+08   1.36268351980107e-06   2.50704453981228e+01
   1.98049558000000e+08   1.47292939800536e-06   2.50344169895869e+01
   1.98449560000000e+08   1.25193196254259e-06   2.51224864326656e+01
   1.98849563000000e+08   1.60974923346657e-06   2.50264106765782e+01
   1.99249565000000e+08   1.49686673012184e-06   2.50464264590994e+01
   1.99649568000000e+08   1.52382142459828e-06   2.50464264590994e+01
   2.00049571000000e+08   1.65888116043789e-06   2.49783727985210e+01
   2.00449573000000e+08   1.32979675981915e-06   2.49183254509368e+01
   2.00849576000000e+08   2.09690551855601e-06   2.50664422416190e+01
   2.01249578000000e+08   2.12527743315150e-06   2.49423443899722e+01
   2.01649581000000e+08   2.25042549573118e-06   2.50544327721075e+01
   2.02049583000000e+08   2.31837998398987e-06   2.50103980505602e+01
   2.02449586000000e+08   1.95803295355290e-06   2.49543538594890e+01
   2.02849589000000e+08   2.16085277315869e-06   2.49543538594890e+01
   2.03249591000000e+08   2.17376214095566e-06   2.50704453981228e+01
