   4.00003000000000e+05   1.91221943168784e-06   2.50664422416190e+01
   8.00005000000000e+05   2.01740840566345e-06   2.50424233025953e+01
   1.20000800000000e+06   1.96036808119970e-06   2.49943854245411e+01
   1.60001000000000e+06   1.99807982426137e-06   2.50023917375508e+01
   2.00001300000000e+06   1.92874495041906e-06   2.50304138330826e+01
   2.40001600000000e+06   2.10727739613503e-06   2.49583570159945e+01
   2.80001800000000e+06   1.89670413419663e-06   2.50504296156035e+01
   3.20002100000000e+06   2.14632473216625e-06   2.50504296156035e+01
   3.60002300000000e+06   1.51192386965704e-06   2.49823759550261e+01
   4.00002600000000e+06   1.49393770243478e-06   2.50864580241371e+01
   4.40002900000000e+06   1.45874241752608e-06   2.50944643371439e+01
   4.80003100000000e+06   1.34314905153587e-06   2.51625179976914e+01
   5.20003400000000e+06   1.46325533023628e-06   2.50584359286114e+01
   5.60003600000000e+06   1.18883474442555e-06   2.50624390851152e+01
   6.00003900000000e+06   1.10873770609032e-06   2.51024706501504e+01
   6.40004200000000e+06   1.10244525330927e-06   2.51545116846868e+01
   6.80004400000000e+06   9.54406573328015e-07   2.51024706501504e+01
   7.20004700000000e+06   1.15913769604958e-06   2.52185621887171e+01
   7.60004900000000e+06   1.93834171113849e-06   2.51024706501504e+01
   8.00005200000000e+06   2.32178899750579e-06   2.50704453981228e+01
   8.40005500000000e+06   2.52997529059940e-06   2.50784517111300e+01
   8.80005700000000e+06   2.39459063777758e-06   2.50944643371439e+01
   9.20006000000000e+06   2.49399590757093e-06   2.50224075200738e+01
   9.60006200000000e+06   2.38829284171516e-06   2.50144012070648e+01
   4.22006440000000e+07   1.60125360707752e-04   2.50784517111300e+01
   4.26006470000000e+07   1.70526493548095e-06   2.50224075200738e+01
   4.30006490000000e+07   1.99569103642716e-06   2.50824548676336e+01
   4.34006520000000e+07   1.94748872672790e-06   2.50424233025953e+01
   4.38006550000000e+07   2.06856475415407e-06   2.50944643371439e+01
   4.42006570000000e+07   2.15700856642798e-06   2.49783727985210e+01
   4.46006600000000e+07   2.07543439501023e-06   2.49823759550261e+01
   4.50006620000000e+07   2.13516750591225e-06   2.51264895891685e+01
   4.54006650000000e+07   2.19863795791753e-06   2.51304927456713e+01
   4.58006680000000e+07   1.98616021407361e-06   2.51344959021740e+01
   4.62006700000000e+07   2.22127596316568e-06   2.50344169895869e+01
   4.66006730000000e+07   2.06231402444246e-06   2.50224075200738e+01
   4.70006750000000e+07   2.06310687644873e-06   2.50184043635693e+01
   4.74006780000000e+07   2.17910360333917e-06   2.49943854245411e+01
   4.78006810000000e+07   1.81601251370012e-06   2.49823759550261e+01
   4.82006830000000e+07   1.98376596927119e-06   2.50063948940555e+01
   4.86006860000000e+07   1.83262875452783e-06   2.49383412334665e+01
   4.90006880000000e+07   1.92010497812589e-06   2.50184043635693e+01
   4.94006910000000e+07   2.24124050873797e-06   2.50824548676336e+01
   4.98006940000000e+07   2.56590328717721e-06   2.50384201460911e+01
   5.02006960000000e+07   2.90690854853892e-06   2.49623601725000e+01
   5.06006990000000e+07   2.81476400232350e-06   2.50504296156035e+01
   5.10007010000000e+07   2.73618752544280e-06   2.50464264590994e+01
   5.14007040000000e+07   2.82931523543084e-06   2.49303349204548e+01
   5.18007070000000e+07   2.31023705055122e-06   2.50184043635693e+01
   9.54020050000000e+07   1.63550357683562e-04   2.50103980505602e+01
   9.58020070000000e+07   2.39499058807269e-06   2.50344169895869e+01
   9.62020100000000e+07   2.39436894844403e-06   2.49783727985210e+01
   9.66020120000000e+07   2.51274673246371e-06   2.50584359286114e+01
   9.70020150000000e+07   2.40670146922639e-06   2.49743696420159e+01
   9.74020180000000e+07   2.52134395850589e-06   2.50464264590994e+01
   9.78020200000000e+07   2.24595919462445e-06   2.49903822680362e+01
   9.82020230000000e+07   2.27072087000124e-06   2.50144012070648e+01
   9.86020250000000e+07   2.39554492509342e-06   2.49983885810460e+01
   9.90020280000000e+07   2.20961373997852e-06   2.50224075200738e+01
   9.94020300000000e+07   2.35843208429287e-06   2.50304138330826e+01
   9.98020330000000e+07   2.33540390581766e-06   2.50704453981228e+01
   1.00202036000000e+08   2.29284796660068e-06   2.49943854245411e+01
   1.00602038000000e+08   2.35218499256007e-06   2.49943854245411e+01
   1.01002041000000e+08   2.19281969293661e-06   2.50944643371439e+01
   1.01402043000000e+08   2.49673644248105e-06   2.49823759550261e+01
   1.01802046000000e+08   2.71006138063967e-06   2.50864580241371e+01
   1.02202049000000e+08   2.68194617092377e-06   2.50944643371439e+01
   1.02602051000000e+08   2.90341199615796e-06   2.49983885810460e+01
   1.03002054000000e+08   2.67686664301436e-06   2.50584359286114e+01
   1.03402056000000e+08   2.74943818112661e-06   2.49943854245411e+01
   1.03802059000000e+08   2.10708140002680e-06   2.50384201460911e+01
   1.04202062000000e+08   2.10118446375418e-06   2.49063159814183e+01
   1.04602064000000e+08   2.11622113965859e-06   2.50184043635693e+01
   1.05002067000000e+08   1.99260193767259e-06   2.49703664855106e+01
   1.48850030000000e+08   2.13725201319903e-04   2.50544327721075e+01
   1.49250033000000e+08   1.87361081316340e-06   2.51104769631567e+01
   1.49650036000000e+08   1.30484454530233e-06   2.50504296156035e+01
   1.50050038000000e+08   1.24350924579630e-06   2.51505085281844e+01
   1.50450041000000e+08   1.41028442612878e-06   2.50704453981228e+01
   1.50850043000000e+08   1.04993432614719e-06   2.50544327721075e+01
   1.51250046000000e+08   1.41673763209837e-06   2.50504296156035e+01
   1.51650049000000e+08   1.91859703591035e-06   2.51344959021740e+01
   1.52050051000000e+08   2.15999739339168e-06   2.51104769631567e+01
   1.52450054000000e+08   2.37094718613662e-06   2.50504296156035e+01
   1.52850056000000e+08   2.13502221413364e-06   2.50904611806405e+01
   1.53250059000000e+08   2.38558141063550e-06   2.50864580241371e+01
   1.53650062000000e+08   2.43079011852387e-06   2.49783727985210e+01
   1.54050064000000e+08   2.41075349549646e-06   2.50504296156035e+01
   1.54450067000000e+08   2.71978524324368e-06   2.50864580241371e+01
   1.54850069000000e+08   2.33777018365799e-06   2.50424233025953e+01
   1.55250072000000e+08   2.66902543444303e-06   2.50184043635693e+01
   1.55650075000000e+08   2.58934915109421e-06   2.49663633290053e+01
   1.56050077000000e+08   2.61729337580618e-06   2.50184043635693e+01
   1.56450080000000e+08   2.82331279777281e-06   2.49423443899722e+01
   1.56850082000000e+08   2.49989875555912e-06   2.50384201460911e+01
   1.57250085000000e+08   2.78579932455614e-06   2.50824548676336e+01
   1.57650087000000e+08   1.68223732543993e-06   2.49743696420159e+01
   1.58050090000000e+08   1.38629502544063e-06   2.50584359286114e+01
   1.58450093000000e+08   1.55191730755178e-06   2.50744485546264e+01
   1.93485207000000e+08   1.56812646309845e-04   2.50384201460911e+01
   1.93885210000000e+08   1.68183237292396e-06   2.49863791115312e+01
   1.94285212000000e+08   1.57261399635900e-06   2.50744485546264e+01
   1.94685215000000e+08   1.56733790390717e-06   2.50824548676336e+01
   1.95085217000000e+08   1.73337264186557e-06   2.50704453981228e+01
   1.95485220000000e+08   1.42046383189154e-06   2.49903822680362e+01
   1.95885223000000e+08   1.48223705309647e-06   2.50224075200738e+01
   1.96285225000000e+08   1.40090980949026e-06   2.50664422416190e+01
   1.96685228000000e+08   1.35755783503555e-06   2.51144801196597e+01
   1.97085230000000e+08   1.42043768391886e-06   2.51184832761627e+01
   1.97485233000000e+08   1.40639531309716e-06   2.50784517111300e+01
   1.97885236000000e+08   1.42241344747163e-06   2.50544327721075e+01
   1.98285238000000e+08   1.44622492825874e-06   2.50664422416190e+01
   1.98685241000000e+08   1.32611967273988e-06   2.50864580241371e+01
   1.99085243000000e+08   1.51967731198965e-06   2.51064738066536e+01
   1.99485246000000e+08   1.37124106913689e-06   2.50784517111300e+01
   1.99885249000000e+08   1.39524127007462e-06   2.51425022151793e+01
   2.00285251000000e+08   1.32238608330226e-06   2.50984674936472e+01
   2.00685254000000e+08   1.41851080570632e-06   2.51144801196597e+01
   2.01085256000000e+08   1.34544484353682e-06   2.49863791115312e+01
   2.01485259000000e+08   1.30674663978425e-06   2.50424233025953e+01
   2.01885261000000e+08   1.10319672330661e-06   2.49823759550261e+01
   2.02285264000000e+08   1.20782010526455e-06   2.50264106765782e+01
   2.02685267000000e+08   1.07982657482353e-06   2.50184043635693e+01
   2.03085269000000e+08   1.21321875212743e-06   2.50464264590994e+01
