   4.00002000000000e+05   1.85768249139073e-06   2.49863791115312e+01
   8.00005000000000e+05   1.99665237232693e-06   2.50184043635693e+01
   1.20000800000000e+06   1.62674871262425e-06   2.49703664855106e+01
   1.60001000000000e+06   1.96362884707924e-06   2.51064738066536e+01
   2.00001300000000e+06   1.89905711067695e-06   2.49943854245411e+01
   2.40001500000000e+06   2.00291697183275e-06   2.50544327721075e+01
   2.80001800000000e+06   2.25452549784677e-06   2.50063948940555e+01
   3.20002100000000e+06   1.93890082300641e-06   2.49823759550261e+01
   3.60002300000000e+06   2.32500929087109e-06   2.49503507029835e+01
   4.00002600000000e+06   2.01580928660405e-06   2.50704453981228e+01
   4.40002800000000e+06   2.05746437131893e-06   2.50184043635693e+01
   4.80003100000000e+06   2.35488346334023e-06   2.49863791115312e+01
   5.20003400000000e+06   1.95062830243842e-06   2.49583570159945e+01
   5.60003600000000e+06   2.28867156693013e-06   2.49663633290053e+01
   6.00003900000000e+06   2.07911875804712e-06   2.50144012070648e+01
   6.40004100000000e+06   2.07092125492636e-06   2.50464264590994e+01
   6.80004400000000e+06   2.25566577682912e-06   2.50184043635693e+01
   7.20004700000000e+06   1.81389475528704e-06   2.50103980505602e+01
   7.60004900000000e+06   2.30526757150074e-06   2.49783727985210e+01
   8.00005200000000e+06   1.95879670172872e-06   2.49503507029835e+01
   8.40005400000000e+06   1.74527610852238e-06   2.49823759550261e+01
   8.80005700000000e+06   1.90253717846645e-06   2.49543538594890e+01
   9.20006000000000e+06   1.66407301094296e-06   2.50344169895869e+01
   9.60006200000000e+06   1.91622007150727e-06   2.50584359286114e+01
   4.21033870000000e+07   2.35241255722940e-03   2.49463475464779e+01
   4.25033890000000e+07   2.72906140708074e-06   2.49343380769607e+01
   4.29033920000000e+07   2.33849368669325e-06   2.48903033553927e+01
   4.33033950000000e+07   2.57635065281647e-06   2.49103191379245e+01
   4.37033970000000e+07   1.41998370395413e-07   2.50144012070648e+01
   4.41034000000000e+07   2.79451569440425e-06   2.49223286074429e+01
   4.45034020000000e+07   2.42153964791214e-06   2.49823759550261e+01
   4.49034050000000e+07   2.06194658858294e-06   2.50744485546264e+01
   4.53034080000000e+07   2.12993973036646e-06   2.49943854245411e+01
   4.57034100000000e+07   1.47655612181552e-07   2.50063948940555e+01
   4.61034130000000e+07   2.96392317977734e-06   2.49863791115312e+01
   4.65034150000000e+07   2.47301704803249e-06   2.50344169895869e+01
   4.69034180000000e+07   2.29722513722663e-06   2.50864580241371e+01
   4.73034210000000e+07   2.14199872061727e-06   2.51425022151793e+01
   4.77034230000000e+07   6.26402538728144e-07   2.50023917375508e+01
   4.81034260000000e+07   3.03220554087602e-06   2.50144012070648e+01
   4.85034280000000e+07   2.06673121283529e-06   2.49983885810460e+01
   4.89034310000000e+07   1.84763621291495e-06   2.50304138330826e+01
   4.93034340000000e+07   1.63178447110113e-06   2.50224075200738e+01
   4.97034360000000e+07   4.70661177587317e-07   2.49903822680362e+01
   5.01034390000000e+07   2.78370680462103e-06   2.49463475464779e+01
   5.05034410000000e+07   1.75632180798857e-06   2.49703664855106e+01
   5.09034440000000e+07   1.53928976942552e-06   2.49383412334665e+01
   5.13034470000000e+07   1.30187561353523e-06   2.48222496947727e+01
   5.17034490000000e+07   5.00731914598873e-07   2.49503507029835e+01
   9.51534620000000e+07  -4.21457504853606e-03   2.50584359286114e+01
   9.55534650000000e+07   2.98998315884091e-06   2.49823759550261e+01
   9.59534670000000e+07   1.63221699267524e-07   2.50744485546264e+01
   9.63534700000000e+07   1.10583630430483e-06   2.49823759550261e+01
   9.67534730000000e+07   4.04261572839459e-06   2.51144801196597e+01
   9.71534750000000e+07   9.57738961915311e-07   2.50744485546264e+01
   9.75534780000000e+07   2.57198189501651e-06   2.50544327721075e+01
   9.79534800000000e+07  -5.11570448225029e-08   2.50744485546264e+01
   9.83534830000000e+07   1.34596029965905e-06   2.50384201460911e+01
   9.87534860000000e+07   3.96832956539583e-06   2.50624390851152e+01
   9.91534880000000e+07   8.67089738676441e-07   2.49983885810460e+01
   9.95534910000000e+07   2.14224201044999e-06   2.50103980505602e+01
   9.99534930000000e+07   8.96834038144334e-08   2.50984674936472e+01
   1.00353496000000e+08   2.04597108677262e-06   2.49983885810460e+01
   1.00753499000000e+08   4.03260082748602e-06   2.49143222944307e+01
   1.01153501000000e+08   7.27395558897115e-07   2.49183254509368e+01
   1.01553504000000e+08   2.32896718443953e-06   2.49623601725000e+01
   1.01953506000000e+08   4.89079297949502e-07   2.49983885810460e+01
   1.02353509000000e+08   2.19771436604788e-06   2.50144012070648e+01
   1.02753512000000e+08   3.54722124029649e-06   2.49703664855106e+01
   1.03153514000000e+08   5.58564465791278e-07   2.50264106765782e+01
   1.03553517000000e+08   2.25467806558299e-06   2.50063948940555e+01
   1.03953519000000e+08   2.90532426561185e-07   2.50023917375508e+01
   1.04353522000000e+08   2.40697818298941e-06   2.49903822680362e+01
   1.04753525000000e+08   3.12607517116703e-06   2.50544327721075e+01
   1.48415121000000e+08   4.61487472057343e-03   2.49663633290053e+01
   1.48815124000000e+08   3.51604990100896e-06   2.50063948940555e+01
   1.49215126000000e+08   6.08086224929139e-07   2.50023917375508e+01
   1.49615129000000e+08   3.28491182699508e-06   2.50704453981228e+01
   1.50015132000000e+08   1.78049867827212e-06   2.50704453981228e+01
   1.50415134000000e+08   1.43131546792574e-06   2.49263317639489e+01
   1.50815137000000e+08   3.27435759572836e-06   2.49223286074429e+01
   1.51215139000000e+08   6.58894350635819e-07   2.49223286074429e+01
   1.51615142000000e+08   2.99299131256703e-06   2.48502717903243e+01
   1.52015145000000e+08   1.64927212153998e-06   2.49143222944307e+01
   1.52415147000000e+08   1.41489954330609e-06   2.44499561392928e+01
   1.52815150000000e+08   3.24158577313938e-06   2.44859845479116e+01
   1.53215152000000e+08   4.06068863867404e-07   2.55428178651272e+01
   1.53615155000000e+08   3.04296872855048e-06   2.57109504379216e+01
   1.54015158000000e+08   1.32870604829805e-06   2.47301770950813e+01
   1.54415160000000e+08   1.43638101235410e-06   2.49543538594890e+01
   1.54815163000000e+08   2.60376577898569e-06   2.50023917375508e+01
   1.55215165000000e+08   3.40254189268308e-07   2.48863001988861e+01
   1.55615168000000e+08   2.72566671810637e-06   2.48742907293661e+01
   1.56015171000000e+08   1.07528694570647e-06   2.47942275992180e+01
   1.56415173000000e+08   1.22036078664678e-06   2.50384201460911e+01
   1.56815176000000e+08   2.37399285651918e-06   2.49903822680362e+01
   1.57215178000000e+08   2.32224365959155e-07   2.50664422416190e+01
   1.57615181000000e+08   2.45464707404608e-06   2.61593039648479e+01
   1.58015184000000e+08   8.22281833734451e-07   2.53266474142322e+01
   1.93180249000000e+08  -2.04811175353825e-03   2.49823759550261e+01
   1.93580251000000e+08   1.47371190450940e-06   2.50504296156035e+01
   1.93980254000000e+08   6.11494570534887e-08   2.50063948940555e+01
   1.94380257000000e+08   3.94411881643464e-06   2.50664422416190e+01
   1.94780259000000e+08   1.92915172192443e-06   2.50384201460911e+01
   1.95180262000000e+08   2.26619317800214e-06   2.49943854245411e+01
   1.95580264000000e+08   1.05248773252242e-06   2.50664422416190e+01
   1.95980267000000e+08   4.17679899555878e-07   2.50264106765782e+01
   1.96380270000000e+08   3.55793849848851e-06   2.49423443899722e+01
   1.96780272000000e+08   1.54157453380321e-06   2.50584359286114e+01
   1.97180275000000e+08   1.54472638769221e-06   2.50544327721075e+01
   1.97580277000000e+08   6.76333513638383e-07   2.49983885810460e+01
   1.97980280000000e+08   6.05254399488331e-07   2.50224075200738e+01
   1.98380283000000e+08   3.60679428013100e-06   2.50224075200738e+01
   1.98780285000000e+08   1.38717018671741e-06   2.50464264590994e+01
   1.99180288000000e+08   1.61975594892283e-06   2.49343380769607e+01
   1.99580290000000e+08   8.36683454963350e-07   2.49663633290053e+01
   1.99980293000000e+08   9.65517983786413e-07   2.49943854245411e+01
   2.00380296000000e+08   3.40710562340973e-06   2.50063948940555e+01
   2.00780298000000e+08   1.34473373236688e-06   2.50664422416190e+01
   2.01180301000000e+08   1.33485593778460e-06   2.49983885810460e+01
   2.01580303000000e+08   7.32069850073458e-07   2.49823759550261e+01
   2.01980306000000e+08   1.35216907892755e-06   2.50784517111300e+01
   2.02380309000000e+08   3.32730610352883e-06   2.50304138330826e+01
   2.02780311000000e+08   9.60206762101734e-07   2.50023917375508e+01
