   4.00003000000000e+05   7.79333333866816e-07   2.50384201460911e+01
   8.00005000000000e+05   1.23914617233822e-06   2.50424233025953e+01
   1.20000800000000e+06   9.84892267297255e-07   2.50023917375508e+01
   1.60001000000000e+06   1.51927372371574e-06   2.49623601725000e+01
   2.00001300000000e+06   1.50250491515180e-06   2.50103980505602e+01
   2.40001600000000e+06   1.40052600272611e-06   2.50664422416190e+01
   2.80001800000000e+06   1.58253135396080e-06   2.50904611806405e+01
   3.20002100000000e+06   1.34803917717363e-06   2.50184043635693e+01
   3.60002300000000e+06   1.26719555737509e-06   2.50624390851152e+01
   4.00002600000000e+06   1.36455560095783e-06   2.50384201460911e+01
   4.40002800000000e+06   1.11615759124106e-06   2.51264895891685e+01
   4.80003100000000e+06   1.45285207509005e-06   2.49703664855106e+01
   5.20003400000000e+06   1.34779236304894e-06   2.49823759550261e+01
   5.60003600000000e+06   1.75759987541824e-06   2.49583570159945e+01
   6.00003900000000e+06   1.93650134860945e-06   2.50704453981228e+01
   6.40004100000000e+06   1.62284459293005e-06   2.49463475464779e+01
   6.80004400000000e+06   1.94742756320920e-06   2.50624390851152e+01
   7.20004700000000e+06   2.03734271053690e-06   2.50063948940555e+01
   7.60004900000000e+06   2.64361733570695e-06   2.49943854245411e+01
   8.00005200000000e+06   2.75299385066319e-06   2.50184043635693e+01
   8.40005400000000e+06   2.48072478825634e-06   2.49143222944307e+01
   8.80005700000000e+06   2.81744837593578e-06   2.49823759550261e+01
   9.20006000000000e+06   2.68273834080901e-06   2.49023128249120e+01
   9.60006200000000e+06   2.84845259557187e-06   2.49663633290053e+01
   4.24206470000000e+07   2.39716260693967e-03   2.50704453981228e+01
   4.28206490000000e+07   1.54830092924385e-06   2.49703664855106e+01
   4.32206520000000e+07   1.78711843545898e-06   2.50144012070648e+01
   4.36206540000000e+07   1.82932978987083e-06   2.51184832761627e+01
   4.40206570000000e+07   3.00543251796626e-06   2.50984674936472e+01
   4.44206600000000e+07   2.06476283892698e-06   2.50464264590994e+01
   4.48206620000000e+07   2.80273866337666e-06   2.50103980505602e+01
   4.52206650000000e+07   2.30577302318125e-06   2.49783727985210e+01
   4.56206670000000e+07   1.58952025230974e-06   2.50304138330826e+01
   4.60206700000000e+07   3.07897357743059e-06   2.50464264590994e+01
   4.64206730000000e+07   1.73963280758471e-06   2.51024706501504e+01
   4.68206750000000e+07   2.53475286626781e-06   2.50464264590994e+01
   4.72206780000000e+07   2.59979151451262e-06   2.50304138330826e+01
   4.76206800000000e+07   2.37639164879511e-06   2.50624390851152e+01
   4.80206830000000e+07   3.57853673449426e-06   2.50704453981228e+01
   4.84206860000000e+07   2.21108143705351e-06   2.49383412334665e+01
   4.88206880000000e+07   3.36682705892599e-06   2.49543538594890e+01
   4.92206910000000e+07   2.70938630819728e-06   2.50864580241371e+01
   4.96206930000000e+07   1.85509998118505e-06   2.50744485546264e+01
   5.00206960000000e+07   2.69078327619354e-06   2.50063948940555e+01
   5.04206990000000e+07   1.75868592577899e-06   2.49663633290053e+01
   5.08207010000000e+07   2.67484983851318e-06   2.49583570159945e+01
   5.12207040000000e+07   2.14065107684291e-06   2.48822970423795e+01
   5.16207060000000e+07   1.36143717099912e-06   2.49343380769607e+01
   5.20207090000000e+07   2.26251790991228e-06   2.49023128249120e+01
   9.56995030000000e+07  -4.31104982271791e-03   2.51064738066536e+01
   9.60995060000000e+07   2.02774117497029e-06   2.50184043635693e+01
   9.64995080000000e+07   1.33347839437192e-06   2.50664422416190e+01
   9.68995110000000e+07   1.94173844647594e-06   2.50824548676336e+01
   9.72995140000000e+07   2.15329100683448e-06   2.50744485546264e+01
   9.76995160000000e+07   4.98577151120116e-07   2.50744485546264e+01
   9.80995190000000e+07   1.87038438070886e-06   2.49383412334665e+01
   9.84995210000000e+07   9.26759128105914e-07   2.50984674936472e+01
   9.88995240000000e+07   1.66857046224322e-06   2.48903033553927e+01
   9.92995270000000e+07   1.83468114300922e-06   2.49063159814183e+01
   9.96995290000000e+07   3.19085472710867e-07   2.48863001988861e+01
   1.00099532000000e+08   1.28488568407192e-06   2.49503507029835e+01
   1.00499534000000e+08   6.18489252701693e-07   2.49943854245411e+01
   1.00899537000000e+08   1.18134676085901e-06   2.50063948940555e+01
   1.01299540000000e+08   2.30284990720975e-06   2.50144012070648e+01
   1.01699542000000e+08   1.07989160369470e-06   2.49903822680362e+01
   1.02099545000000e+08   2.24051632358169e-06   2.50624390851152e+01
   1.02499547000000e+08   1.44642137911433e-06   2.51024706501504e+01
   1.02899550000000e+08   2.01383909370634e-06   2.51545116846868e+01
   1.03299553000000e+08   3.01432987726002e-06   2.52065527192126e+01
   1.03699555000000e+08   1.94441304302018e-06   2.51425022151793e+01
   1.04099558000000e+08   2.86332669929834e-06   2.50464264590994e+01
   1.04499560000000e+08   2.05469427783100e-06   2.50464264590994e+01
   1.04899563000000e+08   2.61561967818125e-06   2.50824548676336e+01
   1.05299566000000e+08   3.37701953867509e-06   2.50664422416190e+01
   1.49241804000000e+08   4.71007497981191e-03   2.49823759550261e+01
   1.49641807000000e+08  -3.49904610175145e-07   2.50103980505602e+01
   1.50041809000000e+08   8.23512607439625e-07   2.49783727985210e+01
   1.50441812000000e+08   1.19993501357385e-06   2.50304138330826e+01
   1.50841815000000e+08   1.45127216910623e-07   2.49783727985210e+01
   1.51241817000000e+08   1.72865918557363e-06   2.50544327721075e+01
   1.51641820000000e+08   7.98336884599848e-07   2.49623601725000e+01
   1.52041822000000e+08   1.81878272087488e-06   2.49743696420159e+01
   1.52441825000000e+08   2.19365142584138e-06   2.50144012070648e+01
   1.52841828000000e+08   1.29008230942418e-06   2.50224075200738e+01
   1.53241830000000e+08   2.41999077843502e-06   2.50544327721075e+01
   1.53641833000000e+08   1.33257321976998e-06   2.49983885810460e+01
   1.54041835000000e+08   1.91764752344170e-06   2.50544327721075e+01
   1.54441838000000e+08   2.51380947702273e-06   2.49903822680362e+01
   1.54841841000000e+08   1.62730373176601e-06   2.50864580241371e+01
   1.55241843000000e+08   2.58420186582953e-06   2.50784517111300e+01
   1.55641846000000e+08   1.04427351743652e-06   2.49143222944307e+01
   1.56041848000000e+08   1.70451937719918e-06   2.50824548676336e+01
   1.56441851000000e+08   2.14313308788405e-06   2.49103191379245e+01
   1.56841854000000e+08   1.52539837472432e-06   2.49943854245411e+01
   1.57241856000000e+08   2.54286510426027e-06   2.50304138330826e+01
   1.57641859000000e+08   1.49076856814645e-06   2.50704453981228e+01
   1.58041861000000e+08   1.85556905307749e-06   2.49703664855106e+01
   1.58441864000000e+08   2.45547266786161e-06   2.49663633290053e+01
   1.58841867000000e+08   1.73912758327788e-06   2.49583570159945e+01
   1.94163085000000e+08  -2.08744942210615e-03   2.50304138330826e+01
   1.94563087000000e+08   9.08031495328032e-07   2.51104769631567e+01
   1.94963090000000e+08   1.40288125294319e-06   2.49743696420159e+01
   1.95363092000000e+08   1.97825625036785e-06   2.50944643371439e+01
   1.95763095000000e+08   1.58228135660465e-06   2.51064738066536e+01
   1.96163098000000e+08   1.51603614995111e-06   2.49903822680362e+01
   1.96563100000000e+08   1.05158630958613e-06   2.49983885810460e+01
   1.96963103000000e+08   1.57929628130660e-06   2.50704453981228e+01
   1.97363105000000e+08   2.34413164434955e-06   2.50624390851152e+01
   1.97763108000000e+08   1.69796896898333e-06   2.50904611806405e+01
   1.98163110000000e+08   1.71154476902302e-06   2.51064738066536e+01
   1.98563113000000e+08   1.24447944926942e-06   2.49823759550261e+01
   1.98963116000000e+08   1.88925730526535e-06   2.50344169895869e+01
   1.99363118000000e+08   2.39879682339961e-06   2.50224075200738e+01
   1.99763121000000e+08   1.85697786037053e-06   2.50864580241371e+01
   2.00163123000000e+08   1.84131124569831e-06   2.50264106765782e+01
   2.00563126000000e+08   1.47803348227171e-06   2.49463475464779e+01
   2.00963129000000e+08   1.96282826436800e-06   2.50704453981228e+01
   2.01363131000000e+08   2.57046121987514e-06   2.51224864326656e+01
   2.01763134000000e+08   1.95191751117818e-06   2.50144012070648e+01
   2.02163136000000e+08   2.15524300983816e-06   2.49623601725000e+01
   2.02563139000000e+08   1.67122732364078e-06   2.50384201460911e+01
   2.02963142000000e+08   2.20160336539266e-06   2.49663633290053e+01
   2.03363144000000e+08   2.66984739027976e-06   2.50504296156035e+01
   2.03763147000000e+08   2.12027998713893e-06   2.50664422416190e+01
