   4.00003000000000e+05   1.56569149112329e-06   2.50624390851152e+01
   8.00005000000000e+05   1.88452838756348e-06   2.50544327721075e+01
   1.20000800000000e+06   1.53435507854738e-06   2.50344169895869e+01
   1.60001000000000e+06   1.82105191015580e-06   2.49663633290053e+01
   2.00001300000000e+06   1.79746223238908e-06   2.49503507029835e+01
   2.40001600000000e+06   1.91541266758577e-06   2.49223286074429e+01
   2.80001800000000e+06   2.05994228963391e-06   2.50063948940555e+01
   3.20002100000000e+06   1.87227294645709e-06   2.50304138330826e+01
   3.60002300000000e+06   2.07305583899142e-06   2.50424233025953e+01
   4.00002600000000e+06   1.91502931556897e-06   2.49663633290053e+01
   4.40002900000000e+06   1.88848605375824e-06   2.50144012070648e+01
   4.80003100000000e+06   1.99001146938826e-06   2.50344169895869e+01
   5.20003400000000e+06   1.77226399955543e-06   2.49543538594890e+01
   5.60003600000000e+06   1.99139253709291e-06   2.50304138330826e+01
   6.00003900000000e+06   1.88025899205968e-06   2.50264106765782e+01
   6.40004200000000e+06   1.72244688201317e-06   2.51064738066536e+01
   6.80004400000000e+06   1.94627273231163e-06   2.50063948940555e+01
   7.20004700000000e+06   1.71737701748498e-06   2.49703664855106e+01
   7.60004900000000e+06   1.86579507044371e-06   2.49703664855106e+01
   8.00005200000000e+06   1.80722963705193e-06   2.49943854245411e+01
   8.40005500000000e+06   1.80839822405687e-06   2.50184043635693e+01
   8.80005700000000e+06   1.87794648809358e-06   2.50624390851152e+01
   9.20006000000000e+06   1.74122567386803e-06   2.49303349204548e+01
   9.60006200000000e+06   1.89258753380273e-06   2.50224075200738e+01
   4.22538150000000e+07  -2.04724911600351e-03   2.50784517111300e+01
   4.26538180000000e+07   1.03456079614261e-06   2.49223286074429e+01
   4.30538200000000e+07   2.64707682617882e-06   2.49823759550261e+01
   4.34538230000000e+07   3.45503758580890e-06   2.49903822680362e+01
   4.38538250000000e+07   5.45628552117705e-07   2.49703664855106e+01
   4.42538280000000e+07   2.22009930439526e-06   2.50384201460911e+01
   4.46538310000000e+07   1.41774285111751e-06   2.49423443899722e+01
   4.50538330000000e+07   2.85527721644030e-06   2.50144012070648e+01
   4.54538360000000e+07   3.22325081469899e-06   2.49983885810460e+01
   4.58538380000000e+07   4.77757112093968e-07   2.49663633290053e+01
   4.62538410000000e+07   2.36753953686275e-06   2.50584359286114e+01
   4.66538440000000e+07   1.53759492604877e-06   2.49983885810460e+01
   4.70538460000000e+07   2.98571990242635e-06   2.50944643371439e+01
   4.74538490000000e+07   2.82599739875877e-06   2.50544327721075e+01
   4.78538510000000e+07   3.17222543344542e-07   2.50264106765782e+01
   4.82538540000000e+07   2.22063931687444e-06   2.49983885810460e+01
   4.86538570000000e+07   1.54271674546180e-06   2.49583570159945e+01
   4.90538590000000e+07   2.62109256254917e-06   2.49903822680362e+01
   4.94538620000000e+07   2.01989269044134e-06   2.50624390851152e+01
   4.98538640000000e+07   8.17012519860327e-08   2.50904611806405e+01
   5.02538670000000e+07   2.43272597799660e-06   2.50504296156035e+01
   5.06538700000000e+07   1.44947705393861e-06   2.50344169895869e+01
   5.10538720000000e+07   2.44655939241056e-06   2.50063948940555e+01
   5.14538750000000e+07   1.55525356149155e-06   2.49823759550261e+01
   5.18538770000000e+07   3.98051327010762e-07   2.49943854245411e+01
   9.55250100000000e+07   4.59162471815944e-03   2.50624390851152e+01
   9.59250130000000e+07   2.99336966236297e-06   2.50184043635693e+01
   9.63250150000000e+07   1.78253787908034e-06   2.51224864326656e+01
   9.67250180000000e+07   2.76001651400293e-06   2.49823759550261e+01
   9.71250200000000e+07  -7.59669887884229e-07   2.50344169895869e+01
   9.75250230000000e+07   1.05690014606807e-06   2.50544327721075e+01
   9.79250260000000e+07   2.92773256660439e-06   2.50023917375508e+01
   9.83250280000000e+07   1.80918016212672e-06   2.51425022151793e+01
   9.87250310000000e+07   2.42074725065322e-06   2.49743696420159e+01
   9.91250330000000e+07  -5.07032382301986e-07   2.51665211541937e+01
   9.95250360000000e+07   1.82795315595286e-06   2.51024706501504e+01
   9.99250390000000e+07   2.99007228932169e-06   2.52946221622325e+01
   1.00325041000000e+08   1.72344880411401e-06   2.51425022151793e+01
   1.00725044000000e+08   2.07202697311004e-06   2.50184043635693e+01
   1.01125046000000e+08  -1.62998148311999e-07   2.49943854245411e+01
   1.01525049000000e+08   2.45837873080745e-06   2.50384201460911e+01
   1.01925052000000e+08   3.10164500660903e-06   2.50144012070648e+01
   1.02325054000000e+08   1.72635930084653e-06   2.50344169895869e+01
   1.02725057000000e+08   2.11071119338158e-06   2.50904611806405e+01
   1.03125059000000e+08   3.77982388499731e-07   2.50704453981228e+01
   1.03525062000000e+08   3.08011794913909e-06   2.49983885810460e+01
   1.03925065000000e+08   3.09717961499700e-06   2.51785306237000e+01
   1.04325067000000e+08   1.64395328283717e-06   2.49703664855106e+01
   1.04725070000000e+08   2.12984991776466e-06   2.49823759550261e+01
   1.05125072000000e+08   8.03269699645170e-07   2.52465842842254e+01
   1.48566293000000e+08  -4.19112481176853e-03   2.49863791115312e+01
   1.48966296000000e+08   3.38218683282321e-06   2.50624390851152e+01
   1.49366298000000e+08   3.52298542338758e-07   2.50944643371439e+01
   1.49766301000000e+08   2.07290736398136e-06   2.49943854245411e+01
   1.50166304000000e+08   2.45274418375629e-06   2.50344169895869e+01
   1.50566306000000e+08   2.32726137028294e-07   2.50023917375508e+01
   1.50966309000000e+08   3.05109847431595e-06   2.49943854245411e+01
   1.51366311000000e+08   1.20321757890451e-07   2.49623601725000e+01
   1.51766314000000e+08   2.18346804103930e-06   2.51505085281844e+01
   1.52166317000000e+08   1.99571172743163e-06   2.50344169895869e+01
   1.52566319000000e+08   2.70004221647469e-07   2.50464264590994e+01
   1.52966322000000e+08   2.70969189841708e-06   2.49783727985210e+01
   1.53366325000000e+08   1.47881067391609e-07   2.49383412334665e+01
   1.53766327000000e+08   2.25664803110703e-06   2.50984674936472e+01
   1.54166330000000e+08   2.01470834326756e-06   2.50344169895869e+01
   1.54566332000000e+08   7.70027440921695e-07   2.50224075200738e+01
   1.54966335000000e+08   3.13620375891333e-06   2.49863791115312e+01
   1.55366338000000e+08   4.97729160997551e-07   2.49343380769607e+01
   1.55766340000000e+08   2.72309148385830e-06   2.49783727985210e+01
   1.56166343000000e+08   1.80059021204215e-06   2.49423443899722e+01
   1.56566345000000e+08   1.21651305562409e-06   2.49783727985210e+01
   1.56966348000000e+08   2.79551704807091e-06   2.49943854245411e+01
   1.57366351000000e+08   7.25649329069711e-07   2.50624390851152e+01
   1.57766353000000e+08   2.75519710157823e-06   2.49823759550261e+01
   1.58166356000000e+08   1.97080953512341e-06   2.50744485546264e+01
   1.92853898000000e+08   2.35562538728118e-03   2.52065527192126e+01
   1.93253901000000e+08   8.21969990738580e-07   2.49423443899722e+01
   1.93653903000000e+08   1.08949632249278e-06   2.48062370687418e+01
   1.94053906000000e+08   2.31972171604866e-06   2.50824548676336e+01
   1.94453909000000e+08   3.00654141938139e-06   2.49743696420159e+01
   1.94853911000000e+08   2.46429362960043e-06   2.50344169895869e+01
   1.95253914000000e+08   6.27444080691930e-07   2.50544327721075e+01
   1.95653916000000e+08   1.68796361776913e-06   2.50704453981228e+01
   1.96053919000000e+08   2.41091925090586e-06   2.50103980505602e+01
   1.96453922000000e+08   2.89943113784830e-06   2.51945432497076e+01
   1.96853924000000e+08   1.91421827366867e-06   2.49903822680362e+01
   1.97253927000000e+08   5.56086376946041e-07   2.55388147086308e+01
   1.97653929000000e+08   1.86938268598169e-06   2.49903822680362e+01
   1.98053932000000e+08   2.49863046519749e-06   2.50384201460911e+01
   1.98453935000000e+08   2.46894069277914e-06   2.49583570159945e+01
   1.98853937000000e+08   1.57707597736589e-06   2.52625969102287e+01
   1.99253940000000e+08   5.71907946778083e-07   2.50184043635693e+01
   1.99653942000000e+08   2.17659885493049e-06   2.49943854245411e+01
   2.00053945000000e+08   2.65697849499702e-06   2.50584359286114e+01
   2.00453948000000e+08   2.42828127738903e-06   2.50904611806405e+01
   2.00853950000000e+08   1.50962557654566e-06   2.50103980505602e+01
   2.01253953000000e+08   9.66612105912645e-07   2.50103980505602e+01
   2.01653955000000e+08   2.72553438662726e-06   2.49663633290053e+01
   2.02053958000000e+08   2.65849621428060e-06   2.48983096684056e+01
   2.02453961000000e+08   2.14768078876659e-06   2.50504296156035e+01
