   4.00003000000000e+05   1.92198558579548e-06   2.49543538594890e+01
   8.00005000000000e+05   2.07052630685212e-06   2.49503507029835e+01
   1.20000800000000e+06   2.35020957006782e-06   2.49263317639489e+01
   1.60001000000000e+06   2.09358540814719e-06   2.49543538594890e+01
   2.00001300000000e+06   2.21251525545085e-06   2.50624390851152e+01
   2.40001600000000e+06   2.05059041036293e-06   2.50103980505602e+01
   2.80001800000000e+06   1.75936986579472e-06   2.49583570159945e+01
   3.20002100000000e+06   1.83845418177953e-06   2.49583570159945e+01
   3.60002300000000e+06   1.75352340647805e-06   2.50063948940555e+01
   4.00002600000000e+06   1.81951077138365e-06   2.49103191379245e+01
   4.40002900000000e+06   1.85443605005275e-06   2.51224864326656e+01
   4.80003100000000e+06   1.79413336809375e-06   2.49823759550261e+01
   5.20003400000000e+06   1.96700261767546e-06   2.50584359286114e+01
   5.60003600000000e+06   1.76779133198579e-06   2.50704453981228e+01
   6.00003900000000e+06   1.88341334705910e-06   2.50504296156035e+01
   6.40004200000000e+06   1.73844364326214e-06   2.50624390851152e+01
   6.80004400000000e+06   1.43177669542638e-06   2.49983885810460e+01
   7.20004700000000e+06   1.50599896642234e-06   2.49143222944307e+01
   7.60004900000000e+06   1.45093247283512e-06   2.49463475464779e+01
   8.00005200000000e+06   1.44506816468493e-06   2.50304138330826e+01
   8.40005500000000e+06   1.62398964675958e-06   2.49703664855106e+01
   8.80005700000000e+06   1.53864652929769e-06   2.50384201460911e+01
   9.20006000000000e+06   1.78881623469351e-06   2.50063948940555e+01
   9.60006200000000e+06   1.52598295244388e-06   2.49543538594890e+01
   4.24092300000000e+07   2.38806265406311e-03   2.49463475464779e+01
   4.28092320000000e+07   2.41972611547681e-06   2.49183254509368e+01
   4.32092350000000e+07   2.62444541476725e-06   2.49503507029835e+01
   4.36092380000000e+07   9.64468540587404e-07   2.50224075200738e+01
   4.40092400000000e+07   2.05469564207306e-06   2.49903822680362e+01
   4.44092430000000e+07   1.28394606235815e-06   2.50224075200738e+01
   4.48092450000000e+07   1.91345770872431e-06   2.50584359286114e+01
   4.52092480000000e+07   1.88787578281335e-06   2.50384201460911e+01
   4.56092510000000e+07   4.60856995232461e-07   2.49783727985210e+01
   4.60092530000000e+07   1.37870040362031e-06   2.50744485546264e+01
   4.64092560000000e+07   1.26634677144466e-06   2.51104769631567e+01
   4.68092580000000e+07   2.42623332269432e-06   2.51104769631567e+01
   4.72092610000000e+07   2.65182461589575e-06   2.50544327721075e+01
   4.76092640000000e+07   1.29222576106258e-06   2.50384201460911e+01
   4.80092660000000e+07   2.14247120311484e-06   2.51665211541937e+01
   4.84092690000000e+07   1.78877883172390e-06   2.50304138330826e+01
   4.88092710000000e+07   2.79119080914825e-06   2.49543538594890e+01
   4.92092740000000e+07   2.82883206637052e-06   2.49783727985210e+01
   4.96092770000000e+07   1.57160263825062e-06   2.50103980505602e+01
   5.00092790000000e+07   2.29257852879527e-06   2.49583570159945e+01
   5.04092820000000e+07   1.63874653935636e-06   2.50103980505602e+01
   5.08092840000000e+07   1.76279161223647e-06   2.49383412334665e+01
   5.12092870000000e+07   1.69856718912342e-06   2.49463475464779e+01
   5.16092900000000e+07   5.75950991787977e-07   2.49823759550261e+01
   5.20092920000000e+07   1.27478233480360e-06   2.50304138330826e+01
   9.54705540000000e+07  -4.26872447133064e-03   2.49983885810460e+01
   9.58705570000000e+07   2.32995080295950e-06   2.49823759550261e+01
   9.62705600000000e+07   1.37723122861644e-06   2.49783727985210e+01
   9.66705620000000e+07   3.56534019374521e-06   2.49943854245411e+01
   9.70705650000000e+07   1.94666949937528e-06   2.50264106765782e+01
   9.74705680000000e+07   7.70360088608868e-07   2.49983885810460e+01
   9.78705700000000e+07   2.85808914668451e-06   2.50544327721075e+01
   9.82705730000000e+07   1.76066669155261e-06   2.50864580241371e+01
   9.86705750000000e+07   3.06041488329356e-06   2.51224864326656e+01
   9.90705780000000e+07   1.22856363304891e-06   2.51024706501504e+01
   9.94705800000000e+07   1.23567374998856e-07   2.51184832761627e+01
   9.98705830000000e+07   2.04066282094573e-06   2.51545116846868e+01
   1.00270586000000e+08   1.22869141705451e-06   2.50784517111300e+01
   1.00670588000000e+08   2.86604381471989e-06   2.51024706501504e+01
   1.01070591000000e+08   1.28454655623500e-06   2.51384990586767e+01
   1.01470593000000e+08   2.54215450468109e-07   2.50504296156035e+01
   1.01870596000000e+08   2.19759226638416e-06   2.50584359286114e+01
   1.02270599000000e+08   1.19649496355123e-06   2.50424233025953e+01
   1.02670601000000e+08   2.94048595606000e-06   2.50784517111300e+01
   1.03070604000000e+08   1.43932220453280e-06   2.50464264590994e+01
   1.03470606000000e+08   5.55045915007213e-07   2.50224075200738e+01
   1.03870609000000e+08   2.19043636207061e-06   2.49503507029835e+01
   1.04270612000000e+08   1.34439642351936e-06   2.50304138330826e+01
   1.04670614000000e+08   2.46193872044387e-06   2.49583570159945e+01
   1.05070617000000e+08   1.01136538432911e-06   2.50464264590994e+01
   1.48656647000000e+08   4.67027444392443e-03   2.50664422416190e+01
   1.49056650000000e+08   2.45855585490062e-06   2.50063948940555e+01
   1.49456652000000e+08   1.01355544757098e-06   2.50664422416190e+01
   1.49856655000000e+08   2.97678798233392e-06   2.51064738066536e+01
   1.50256658000000e+08   1.27527380300307e-06   2.50023917375508e+01
   1.50656660000000e+08   3.25402038470202e-06   2.50063948940555e+01
   1.51056663000000e+08   2.37048857343325e-06   2.50063948940555e+01
   1.51456665000000e+08   1.11433450911136e-06   2.49783727985210e+01
   1.51856668000000e+08   2.80741278402274e-06   2.49903822680362e+01
   1.52256671000000e+08   1.30542593979044e-06   2.50984674936472e+01
   1.52656673000000e+08   2.87343073068769e-06   2.49903822680362e+01
   1.53056676000000e+08   2.16453668144823e-06   2.51184832761627e+01
   1.53456678000000e+08   9.03078102965083e-07   2.49743696420159e+01
   1.53856681000000e+08   2.61620516539551e-06   2.50864580241371e+01
   1.54256684000000e+08   1.03103798210213e-06   2.49903822680362e+01
   1.54656686000000e+08   2.89098238681618e-06   2.50304138330826e+01
   1.55056689000000e+08   2.14798819797579e-06   2.49823759550261e+01
   1.55456691000000e+08   1.09847803742014e-06   2.49423443899722e+01
   1.55856694000000e+08   2.60759406955913e-06   2.49743696420159e+01
   1.56256697000000e+08   1.13222779418720e-06   2.48903033553927e+01
   1.56656699000000e+08   2.25541748477553e-06   2.49023128249120e+01
   1.57056702000000e+08   1.55289251324575e-06   2.49343380769607e+01
   1.57456704000000e+08   4.84562349356565e-07   2.49583570159945e+01
   1.57856707000000e+08   1.91061121768143e-06   2.48742907293661e+01
   1.58256710000000e+08   6.59768772948155e-07   2.49903822680362e+01
   1.93274686000000e+08  -2.07549985498190e-03   2.51304927456713e+01
   1.93674689000000e+08   2.00771114577947e-06   2.50664422416190e+01
   1.94074691000000e+08   5.33082584297517e-07   2.51064738066536e+01
   1.94474694000000e+08   1.89415470686072e-06   2.50384201460911e+01
   1.94874696000000e+08   1.12514885586279e-06   2.50544327721075e+01
   1.95274699000000e+08   1.59617479766894e-06   2.49823759550261e+01
   1.95674702000000e+08   1.94411290976859e-06   2.50424233025953e+01
   1.96074704000000e+08   5.82040399876860e-07   2.50304138330826e+01
   1.96474707000000e+08   2.27829968935112e-06   2.50344169895869e+01
   1.96874709000000e+08   1.71550937011489e-06   2.50304138330826e+01
   1.97274712000000e+08   2.24652444558160e-06   2.49903822680362e+01
   1.97674715000000e+08   2.59632724919356e-06   2.50704453981228e+01
   1.98074717000000e+08   1.35563163894403e-06   2.50063948940555e+01
   1.98474720000000e+08   2.30192745220847e-06   2.50384201460911e+01
   1.98874722000000e+08   1.39329551984702e-06   2.49743696420159e+01
   1.99274725000000e+08   1.91970161722566e-06   2.50264106765782e+01
   1.99674728000000e+08   2.12251529774221e-06   2.51224864326656e+01
   2.00074730000000e+08   9.22711478779092e-07   2.49863791115312e+01
   2.00474733000000e+08   2.13116481972975e-06   2.50384201460911e+01
   2.00874735000000e+08   1.39825556288997e-06   2.50984674936472e+01
   2.01274738000000e+08   1.86574311555887e-06   2.50544327721075e+01
   2.01674740000000e+08   2.03016088562435e-06   2.49383412334665e+01
   2.02074743000000e+08   9.64471723818860e-07   2.49823759550261e+01
   2.02474746000000e+08   2.29395391215803e-06   2.50624390851152e+01
   2.02874748000000e+08   1.60130059612129e-06   2.50464264590994e+01
