   4.00002000000000e+05   1.46765523822978e-06   2.50023917375508e+01
   8.00005000000000e+05   1.53842165673268e-06   2.50464264590994e+01
   1.20000800000000e+06   1.45717808663903e-06   2.49663633290053e+01
   1.60001000000000e+06   1.46731713357440e-06   2.49943854245411e+01
   2.00001300000000e+06   1.67048949606396e-06   2.50184043635693e+01
   2.40001500000000e+06   1.60192598741560e-06   2.50544327721075e+01
   2.80001800000000e+06   1.83608858606021e-06   2.50464264590994e+01
   3.20002100000000e+06   1.74433159827458e-06   2.50744485546264e+01
   3.60002300000000e+06   1.80450012976507e-06   2.50504296156035e+01
   4.00002600000000e+06   1.75406137259415e-06   2.51585148411891e+01
   4.40002800000000e+06   1.71913654867240e-06   2.51264895891685e+01
   4.80003100000000e+06   1.87536215889850e-06   2.50584359286114e+01
   5.20003400000000e+06   1.70290559253772e-06   2.50304138330826e+01
   5.60003600000000e+06   1.87400917184277e-06   2.50744485546264e+01
   6.00003900000000e+06   1.80584095232916e-06   2.50023917375508e+01
   6.40004100000000e+06   1.75683373981883e-06   2.50224075200738e+01
   6.80004400000000e+06   1.94822746379941e-06   2.51425022151793e+01
   7.20004600000000e+06   1.77986794369644e-06   2.50103980505602e+01
   7.60004900000000e+06   1.79353321527742e-06   2.49823759550261e+01
   8.00005200000000e+06   1.77673689449875e-06   2.50224075200738e+01
   8.40005400000000e+06   1.61266552822781e-06   2.50224075200738e+01
   8.80005700000000e+06   1.70208716099296e-06   2.50264106765782e+01
   9.20005900000000e+06   1.60759964273893e-06   2.50704453981228e+01
   9.60006200000000e+06   1.69610802913667e-06   2.49743696420159e+01
   4.21470360000000e+07  -2.09317449480295e-03   2.49343380769607e+01
   4.25470380000000e+07   1.86134923296777e-06   2.50864580241371e+01
   4.29470410000000e+07   2.57194619734946e-06   2.51545116846868e+01
   4.33470430000000e+07   2.70861437456915e-06   2.50184043635693e+01
   4.37470460000000e+07   3.03675619761634e-06   2.50464264590994e+01
   4.41470480000000e+07   1.00702482086490e-06   2.51425022151793e+01
   4.45470510000000e+07   8.59421049881348e-07   2.50344169895869e+01
   4.49470540000000e+07   1.40864426612097e-06   2.50144012070648e+01
   4.53470560000000e+07   1.73858779817238e-06   2.51585148411891e+01
   4.57470590000000e+07   1.83167139766738e-06   2.50304138330826e+01
   4.61470610000000e+07   7.35064645596140e-07   2.50224075200738e+01
   4.65470640000000e+07   7.63693833505386e-07   2.50744485546264e+01
   4.69470670000000e+07   1.56394685291161e-06   2.50944643371439e+01
   4.73470690000000e+07   1.53094583765778e-06   2.49383412334665e+01
   4.77470720000000e+07   1.85181500000908e-06   2.50704453981228e+01
   4.81470740000000e+07   7.17435000296973e-07   2.50504296156035e+01
   4.85470770000000e+07   7.20653019925521e-07   2.50384201460911e+01
   4.89470800000000e+07   1.18857519737503e-06   2.50384201460911e+01
   4.93470820000000e+07   1.40134579851292e-06   2.50864580241371e+01
   4.97470850000000e+07   1.64452512763091e-06   2.50464264590994e+01
   5.01470870000000e+07   1.02690717085352e-06   2.50904611806405e+01
   5.05470900000000e+07   1.28973340451921e-06   2.50784517111300e+01
   5.09470930000000e+07   1.78550556029222e-06   2.50504296156035e+01
   5.13470950000000e+07   1.86199270046927e-06   2.51024706501504e+01
   5.17470980000000e+07   2.15372847378603e-06   2.50584359286114e+01
   9.54401020000000e+07   4.70057455822825e-03   2.51024706501504e+01
   9.58401040000000e+07   2.25705252887565e-06   2.50184043635693e+01
   9.62401070000000e+07   2.06185382012336e-06   2.50504296156035e+01
   9.66401090000000e+07   1.97405188373523e-06   2.50103980505602e+01
   9.70401120000000e+07   1.88270462331275e-06   2.50023917375508e+01
   9.74401150000000e+07   1.03518266314495e-06   2.50624390851152e+01
   9.78401170000000e+07   2.11752626455564e-06   2.50504296156035e+01
   9.82401200000000e+07   1.64971470439923e-06   2.50784517111300e+01
   9.86401220000000e+07   1.77298682046967e-06   2.50904611806405e+01
   9.90401250000000e+07   1.56068017531652e-06   2.50984674936472e+01
   9.94401280000000e+07   9.28149120227317e-07   2.50063948940555e+01
   9.98401300000000e+07   1.67725329447421e-06   2.51104769631567e+01
   1.00240133000000e+08   1.74847468770167e-06   2.50304138330826e+01
   1.00640135000000e+08   1.72096713413339e-06   2.50824548676336e+01
   1.01040138000000e+08   1.62896492383879e-06   2.50464264590994e+01
   1.01440141000000e+08   1.00459214991133e-06   2.50584359286114e+01
   1.01840143000000e+08   1.81837719992473e-06   2.49863791115312e+01
   1.02240146000000e+08   1.87446073596220e-06   2.50023917375508e+01
   1.02640148000000e+08   2.18276795749262e-06   2.49943854245411e+01
   1.03040151000000e+08   2.10819780477323e-06   2.50384201460911e+01
   1.03440153000000e+08   1.46485410823516e-06   2.50464264590994e+01
   1.03840156000000e+08   2.02196360987728e-06   2.50384201460911e+01
   1.04240159000000e+08   1.97087615561031e-06   2.50224075200738e+01
   1.04640161000000e+08   2.18977743315918e-06   2.50624390851152e+01
   1.05040164000000e+08   2.00950466933136e-06   2.50144012070648e+01
   1.48755560000000e+08  -4.29972447454929e-03   2.49823759550261e+01
   1.49155563000000e+08   1.03969296105788e-06   2.49383412334665e+01
   1.49555565000000e+08   2.67261521003093e-06   2.49383412334665e+01
   1.49955568000000e+08   1.78643051640393e-06   2.50824548676336e+01
   1.50355571000000e+08   2.98923214359093e-06   2.50304138330826e+01
   1.50755573000000e+08   1.74755314219510e-06   2.49343380769607e+01
   1.51155576000000e+08   1.66271684065578e-06   2.50224075200738e+01
   1.51555578000000e+08   3.40077963301155e-06   2.49343380769607e+01
   1.51955581000000e+08   2.26397969527170e-06   2.49903822680362e+01
   1.52355584000000e+08   2.96914663522330e-06   2.50384201460911e+01
   1.52755586000000e+08   1.72601460235455e-06   2.49543538594890e+01
   1.53155589000000e+08   1.78672598849516e-06   2.50264106765782e+01
   1.53555591000000e+08   3.16707382808090e-06   2.50264106765782e+01
   1.53955594000000e+08   2.13041130336933e-06   2.49663633290053e+01
   1.54355597000000e+08   2.63430092672934e-06   2.50144012070648e+01
   1.54755599000000e+08   1.57048270921223e-06   2.50504296156035e+01
   1.55155602000000e+08   1.28400688481634e-06   2.49943854245411e+01
   1.55555604000000e+08   2.75522938864015e-06   2.49783727985210e+01
   1.55955607000000e+08   1.68364852015657e-06   2.49463475464779e+01
   1.56355609000000e+08   2.28741487262596e-06   2.49663633290053e+01
   1.56755612000000e+08   1.07534242488327e-06   2.50224075200738e+01
   1.57155615000000e+08   9.84069060905313e-07   2.50224075200738e+01
   1.57555617000000e+08   2.30235218623420e-06   2.50584359286114e+01
   1.57955620000000e+08   1.41716225243727e-06   2.50704453981228e+01
   1.58355622000000e+08   2.24295740736125e-06   2.49583570159945e+01
   1.93735205000000e+08   2.41247494705021e-03   2.49183254509368e+01
   1.94135207000000e+08   1.34683659780421e-06   2.50144012070648e+01
   1.94535210000000e+08   1.09478321519418e-06   2.51104769631567e+01
   1.94935212000000e+08   2.67593213720829e-06   2.51104769631567e+01
   1.95335215000000e+08   7.25107383914292e-07   2.51384990586767e+01
   1.95735218000000e+08   1.74801516550360e-06   2.50784517111300e+01
   1.96135220000000e+08   1.59387468556815e-06   2.51304927456713e+01
   1.96535223000000e+08   9.77957142822561e-07   2.52225653452185e+01
   1.96935225000000e+08   2.40081226365874e-06   2.50624390851152e+01
   1.97335228000000e+08   6.96601603067393e-07   2.51104769631567e+01
   1.97735230000000e+08   1.73592582086712e-06   2.51465053716819e+01
   1.98135233000000e+08   1.65887695402489e-06   2.51224864326656e+01
   1.98535236000000e+08   1.02771048204886e-06   2.50944643371439e+01
   1.98935238000000e+08   2.57183933172200e-06   2.49863791115312e+01
   1.99335241000000e+08   9.77761146714329e-07   2.49943854245411e+01
   1.99735243000000e+08   1.82561154815630e-06   2.49623601725000e+01
   2.00135246000000e+08   1.71640635926451e-06   2.50424233025953e+01
   2.00535249000000e+08   1.10801101982361e-06   2.49863791115312e+01
   2.00935251000000e+08   2.56163116318930e-06   2.49383412334665e+01
   2.01335254000000e+08   9.87658040685346e-07   2.49663633290053e+01
   2.01735256000000e+08   1.89887350643403e-06   2.50304138330826e+01
   2.02135259000000e+08   2.19856156036258e-06   2.49903822680362e+01
   2.02535262000000e+08   1.70515136233007e-06   2.50544327721075e+01
   2.02935264000000e+08   3.05351409224386e-06   2.49903822680362e+01
   2.03335267000000e+08   1.80158042439871e-06   2.50904611806405e+01
