   4.00002000000000e+05   1.60223441980634e-06   2.49583570159945e+01
   8.00005000000000e+05   1.70879422967118e-06   2.50144012070648e+01
   1.20000700000000e+06   1.97893518816272e-06   2.50624390851152e+01
   1.60001000000000e+06   2.03342847271415e-06   2.50184043635693e+01
   2.00001300000000e+06   2.07366383619956e-06   2.51264895891685e+01
   2.40001500000000e+06   1.92325683201489e-06   2.50344169895869e+01
   2.80001800000000e+06   2.06350159714930e-06   2.51104769631567e+01
   3.20002000000000e+06   1.91661183635006e-06   2.50304138330826e+01
   3.60002300000000e+06   2.01603029381658e-06   2.50544327721075e+01
   4.00002600000000e+06   1.96584960576729e-06   2.50304138330826e+01
   4.40002800000000e+06   1.95471329789143e-06   2.49943854245411e+01
   4.80003100000000e+06   2.07524090001243e-06   2.49863791115312e+01
   5.20003300000000e+06   2.13656403502682e-06   2.49983885810460e+01
   5.60003600000000e+06   2.25083817895211e-06   2.50624390851152e+01
   6.00003900000000e+06   2.23229221774091e-06   2.50144012070648e+01
   6.40004100000000e+06   2.21216600948537e-06   2.50784517111300e+01
   6.80004400000000e+06   2.12525628739968e-06   2.49743696420159e+01
   7.20004600000000e+06   2.06233949029411e-06   2.49423443899722e+01
   7.60004900000000e+06   2.00022827812063e-06   2.49823759550261e+01
   8.00005100000000e+06   2.01272564481769e-06   2.50304138330826e+01
   8.40005400000000e+06   1.99789087673707e-06   2.49903822680362e+01
   8.80005700000000e+06   2.00743352252175e-06   2.50544327721075e+01
   9.20005900000000e+06   1.67948712714860e-06   2.49983885810460e+01
   9.60006200000000e+06   1.69845031905425e-06   2.49303349204548e+01
   4.21238450000000e+07   1.44275240018032e-04   2.51064738066536e+01
   4.25238480000000e+07   1.45562557918311e-06   2.50424233025953e+01
   4.29238500000000e+07   1.70718237768597e-06   2.49823759550261e+01
   4.33238530000000e+07   1.91893718692882e-06   2.50544327721075e+01
   4.37238560000000e+07   1.83809083864617e-06   2.49423443899722e+01
   4.41238580000000e+07   1.97715917238384e-06   2.50224075200738e+01
   4.45238610000000e+07   1.89043214504636e-06   2.50624390851152e+01
   4.49238630000000e+07   2.37813605963311e-06   2.49943854245411e+01
   4.53238660000000e+07   2.77723711405997e-06   2.50504296156035e+01
   4.57238690000000e+07   2.76707419288869e-06   2.50384201460911e+01
   4.61238710000000e+07   2.84090833702066e-06   2.50464264590994e+01
   4.65238740000000e+07   2.77451476904389e-06   2.50264106765782e+01
   4.69238760000000e+07   2.52957238444651e-06   2.50664422416190e+01
   4.73238790000000e+07   2.39241580857197e-06   2.50063948940555e+01
   4.77238820000000e+07   2.26781617129745e-06   2.49703664855106e+01
   4.81238840000000e+07   2.35590596275870e-06   2.50304138330826e+01
   4.85238870000000e+07   2.29673855756118e-06   2.50184043635693e+01
   4.89238890000000e+07   1.69157397067465e-06   2.50944643371439e+01
   4.93238920000000e+07   1.30284809074510e-06   2.51545116846868e+01
   4.97238940000000e+07   1.08526978692680e-06   2.50504296156035e+01
   5.01238970000000e+07   1.24737778151029e-06   2.50744485546264e+01
   5.05239000000000e+07   1.16146600248612e-06   2.51144801196597e+01
   5.09239020000000e+07   1.16406874894892e-06   2.50624390851152e+01
   5.13239050000000e+07   1.45365606840642e-06   2.51104769631567e+01
   5.17239070000000e+07   1.30600005832093e-06   2.50824548676336e+01
   9.54733260000000e+07   1.96025212062523e-04   2.50144012070648e+01
   9.58733290000000e+07   1.88966157566028e-06   2.50464264590994e+01
   9.62733310000000e+07   1.97364124687738e-06   2.50904611806405e+01
   9.66733340000000e+07   1.91463027476857e-06   2.50224075200738e+01
   9.70733370000000e+07   1.65896972248447e-06   2.50464264590994e+01
   9.74733390000000e+07   1.63725883339794e-06   2.49383412334665e+01
   9.78733420000000e+07   1.58965906393860e-06   2.49903822680362e+01
   9.82733440000000e+07   1.50996982029028e-06   2.50224075200738e+01
   9.86733470000000e+07   1.74684441844875e-06   2.50184043635693e+01
   9.90733500000000e+07   1.33919991185394e-06   2.49303349204548e+01
   9.94733520000000e+07   1.39622829919972e-06   2.49543538594890e+01
   9.98733550000000e+07   1.27903695101850e-06   2.50624390851152e+01
   1.00273357000000e+08   1.32670652419620e-06   2.50904611806405e+01
   1.00673360000000e+08   1.30833564071509e-06   2.50344169895869e+01
   1.01073363000000e+08   1.34154709030554e-06   2.50704453981228e+01
   1.01473365000000e+08   1.40912959523121e-06   2.51344959021740e+01
   1.01873368000000e+08   1.57028034664108e-06   2.51024706501504e+01
   1.02273370000000e+08   1.32358411519817e-06   2.49943854245411e+01
   1.02673373000000e+08   1.53920939283125e-06   2.51344959021740e+01
   1.03073375000000e+08   1.75450099959562e-06   2.50424233025953e+01
   1.03473378000000e+08   1.80880999778310e-06   2.50264106765782e+01
   1.03873381000000e+08   1.79572111846937e-06   2.50704453981228e+01
   1.04273383000000e+08   1.79571384251176e-06   2.49463475464779e+01
   1.04673386000000e+08   1.88751971563761e-06   2.49823759550261e+01
   1.05073388000000e+08   1.90523564924661e-06   2.49743696420159e+01
   1.48882189000000e+08   2.14925210457295e-04   2.50984674936472e+01
   1.49282191000000e+08   2.81672055280069e-06   2.50584359286114e+01
   1.49682194000000e+08   3.05386743093550e-06   2.50264106765782e+01
   1.50082197000000e+08   3.06439028463501e-06   2.50023917375508e+01
   1.50482199000000e+08   2.88900946543436e-06   2.50704453981228e+01
   1.50882202000000e+08   2.77998537967505e-06   2.51344959021740e+01
   1.51282204000000e+08   2.02232104129507e-06   2.50464264590994e+01
   1.51682207000000e+08   2.11447900255735e-06   2.49663633290053e+01
   1.52082209000000e+08   2.09632275982585e-06   2.49423443899722e+01
   1.52482212000000e+08   1.95336997421691e-06   2.49223286074429e+01
   1.52882215000000e+08   2.01035550162487e-06   2.49503507029835e+01
   1.53282217000000e+08   1.41657653784932e-06   2.49823759550261e+01
   1.53682220000000e+08   1.45639796755859e-06   2.50424233025953e+01
   1.54082222000000e+08   1.59336582328251e-06   2.49983885810460e+01
   1.54482225000000e+08   1.35840389248187e-06   2.51024706501504e+01
   1.54882228000000e+08   1.75839068106143e-06   2.50264106765782e+01
   1.55282230000000e+08   1.72891054717184e-06   2.50063948940555e+01
   1.55682233000000e+08   1.91351477951685e-06   2.50304138330826e+01
   1.56082235000000e+08   1.98592420019850e-06   2.50144012070648e+01
   1.56482238000000e+08   1.75491538811912e-06   2.50464264590994e+01
   1.56882241000000e+08   2.01231182472839e-06   2.51665211541937e+01
   1.57282243000000e+08   1.62207356879662e-06   2.51184832761627e+01
   1.57682246000000e+08   1.72246461715986e-06   2.50144012070648e+01
   1.58082248000000e+08   1.81836651336198e-06   2.51024706501504e+01
   1.58482251000000e+08   1.57406554990303e-06   2.51224864326656e+01
   1.93762463000000e+08   1.52600070578046e-04   2.50744485546264e+01
   1.94162466000000e+08   1.93649771063065e-06   2.50224075200738e+01
   1.94562468000000e+08   1.65898802606534e-06   2.51104769631567e+01
   1.94962471000000e+08   1.78692550889537e-06   2.50584359286114e+01
   1.95362473000000e+08   1.57006127210479e-06   2.51945432497076e+01
   1.95762476000000e+08   1.43708325595071e-06   2.51144801196597e+01
   1.96162479000000e+08   1.76187279521400e-06   2.52625969102287e+01
   1.96562481000000e+08   1.43455065426679e-06   2.51104769631567e+01
   1.96962484000000e+08   1.77125150457869e-06   2.54067105442143e+01
   1.97362486000000e+08   1.78415837126522e-06   2.54947799871661e+01
   1.97762489000000e+08   1.66111851740425e-06   2.49863791115312e+01
   1.98162492000000e+08   1.93202163245587e-06   2.50624390851152e+01
   1.98562494000000e+08   1.59727562731860e-06   2.50504296156035e+01
   1.98962497000000e+08   2.01932039090025e-06   2.50184043635693e+01
   1.99362499000000e+08   2.27523150897468e-06   2.49463475464779e+01
   1.99762502000000e+08   1.99337659978482e-06   2.51104769631567e+01
   2.00162505000000e+08   2.36468667935696e-06   2.50224075200738e+01
   2.00562507000000e+08   2.00550744011707e-06   2.49943854245411e+01
   2.00962510000000e+08   2.21527261601295e-06   2.50384201460911e+01
   2.01362512000000e+08   2.11698193197662e-06   2.50224075200738e+01
   2.01762515000000e+08   1.98816837837512e-06   2.49863791115312e+01
   2.02162517000000e+08   2.19087996811140e-06   2.50704453981228e+01
   2.02562520000000e+08   2.02016076400469e-06   2.51184832761627e+01
   2.02962523000000e+08   2.03884860638937e-06   2.51144801196597e+01
   2.03362525000000e+08   2.14801707443257e-06   2.50744485546264e+01
