   4.00002000000000e+05   1.61941625265172e-06   2.50704453981228e+01
   8.00005000000000e+05   1.41459770475194e-06   2.50144012070648e+01
   1.20000800000000e+06   1.60854006026057e-06   2.50103980505602e+01
   1.60001000000000e+06   1.40074303089932e-06   2.49423443899722e+01
   2.00001300000000e+06   1.68139138168044e-06   2.49663633290053e+01
   2.40001500000000e+06   1.63437562150648e-06   2.48903033553927e+01
   2.80001800000000e+06   2.00564727492747e-06   2.49823759550261e+01
   3.20002100000000e+06   2.09200948120269e-06   2.49903822680362e+01
   3.60002300000000e+06   1.92540028365329e-06   2.50584359286114e+01
   4.00002600000000e+06   2.05274500331143e-06   2.49263317639489e+01
   4.40002800000000e+06   1.78436994247022e-06   2.49863791115312e+01
   4.80003100000000e+06   1.66992492722784e-06   2.50304138330826e+01
   5.20003300000000e+06   1.77278866431152e-06   2.49503507029835e+01
   5.60003600000000e+06   1.41813745813124e-06   2.50704453981228e+01
   6.00003900000000e+06   1.92006518773269e-06   2.49983885810460e+01
   6.40004100000000e+06   1.11809401914797e-06   2.50224075200738e+01
   6.80004400000000e+06   1.16728597276960e-06   2.50344169895869e+01
   7.20004600000000e+06   1.16884928047511e-06   2.50544327721075e+01
   7.60004900000000e+06   1.03137290352606e-06   2.50424233025953e+01
   8.00005200000000e+06   1.28309875435662e-06   2.50504296156035e+01
   8.40005400000000e+06   9.92503714769555e-07   2.51224864326656e+01
   8.80005700000000e+06   1.09207155674085e-06   2.51104769631567e+01
   9.20005900000000e+06   1.17043157388252e-06   2.51104769631567e+01
   9.60006200000000e+06   8.85164922692638e-07   2.50624390851152e+01
   4.23537320000000e+07   2.38637509755790e-03   2.50824548676336e+01
   4.27537350000000e+07   1.69644158631854e-06   2.50544327721075e+01
   4.31537380000000e+07  -1.66673558510411e-07   2.50504296156035e+01
   4.35537400000000e+07   8.25692666239775e-07   2.50264106765782e+01
   4.39537430000000e+07   2.70111650024774e-06   2.50464264590994e+01
   4.43537450000000e+07   1.08413736654711e-07   2.51184832761627e+01
   4.47537480000000e+07   2.13672933568887e-06   2.50144012070648e+01
   4.51537510000000e+07   3.57140066853390e-07   2.49583570159945e+01
   4.55537530000000e+07   1.27543216876802e-06   2.51104769631567e+01
   4.59537560000000e+07   3.01316572404176e-06   2.49423443899722e+01
   4.63537580000000e+07   2.65811365807167e-07   2.50904611806405e+01
   4.67537610000000e+07   1.94409176401678e-06   2.50544327721075e+01
   4.71537640000000e+07   1.63686252108164e-07   2.50984674936472e+01
   4.75537660000000e+07   1.17843978841847e-06   2.51064738066536e+01
   4.79537690000000e+07   2.73378873316688e-06   2.50864580241371e+01
   4.83537710000000e+07   4.69243161660415e-07   2.50144012070648e+01
   4.87537740000000e+07   2.29600482271053e-06   2.51024706501504e+01
   4.91537770000000e+07   6.78707920087618e-07   2.50624390851152e+01
   4.95537790000000e+07   1.60148636041413e-06   2.50504296156035e+01
   4.99537820000000e+07   3.10132122649520e-06   2.50224075200738e+01
   5.03537840000000e+07   5.93811705584812e-07   2.50864580241371e+01
   5.07537870000000e+07   2.43694466917077e-06   2.49583570159945e+01
   5.11537890000000e+07   6.43497912733437e-07   2.49983885810460e+01
   5.15537920000000e+07   1.68166616276721e-06   2.50224075200738e+01
   5.19537950000000e+07   2.95279028250661e-06   2.49903822680362e+01
   9.57550430000000e+07  -4.25637513399124e-03   2.49863791115312e+01
   9.61550460000000e+07   2.40045528698829e-06   2.50144012070648e+01
   9.65550480000000e+07   2.19854473471059e-06   2.51425022151793e+01
   9.69550510000000e+07   1.09175721263455e-06   2.50944643371439e+01
   9.73550540000000e+07   1.94238577932992e-06   2.49743696420159e+01
   9.77550560000000e+07   2.47223329097324e-06   2.48863001988861e+01
   9.81550590000000e+07   2.38953248299367e-06   2.49503507029835e+01
   9.85550610000000e+07   2.05834953703743e-06   2.51184832761627e+01
   9.89550640000000e+07   1.01919977169018e-06   2.49983885810460e+01
   9.93550670000000e+07   1.92069978766085e-06   2.50264106765782e+01
   9.97550690000000e+07   2.34518029174069e-06   2.50224075200738e+01
   1.00155072000000e+08   2.38009556596808e-06   2.50063948940555e+01
   1.00555074000000e+08   1.92128391063306e-06   2.49423443899722e+01
   1.00955077000000e+08   1.14610224954959e-06   2.50103980505602e+01
   1.01355079000000e+08   1.84086798071803e-06   2.50023917375508e+01
   1.01755082000000e+08   2.37553376791766e-06   2.49743696420159e+01
   1.02155085000000e+08   2.14040255741565e-06   2.50384201460911e+01
   1.02555087000000e+08   1.93421192307142e-06   2.50224075200738e+01
   1.02955090000000e+08   8.92531090812554e-07   2.50063948940555e+01
   1.03355092000000e+08   1.89310833320633e-06   2.50103980505602e+01
   1.03755095000000e+08   2.09341033041710e-06   2.49943854245411e+01
   1.04155098000000e+08   2.23941901822400e-06   2.50504296156035e+01
   1.04555100000000e+08   2.14540887100156e-06   2.50904611806405e+01
   1.04955103000000e+08   1.47544255924004e-06   2.50584359286114e+01
   1.05355105000000e+08   2.33191258303123e-06   2.50584359286114e+01
   1.48771416000000e+08   4.65115020051599e-03   2.50864580241371e+01
   1.49171418000000e+08   1.42288445204031e-06   2.51344959021740e+01
   1.49571421000000e+08   1.92465995496605e-06   2.50544327721075e+01
   1.49971423000000e+08   2.74061244454060e-06   2.50864580241371e+01
   1.50371426000000e+08   5.39019367806759e-07   2.50304138330826e+01
   1.50771429000000e+08   2.27179702960711e-06   2.51585148411891e+01
   1.51171431000000e+08   1.34803349283175e-06   2.50264106765782e+01
   1.51571434000000e+08   1.65305834798346e-06   2.50384201460911e+01
   1.51971436000000e+08   2.59104854194447e-06   2.49463475464779e+01
   1.52371439000000e+08   8.27708788619930e-07   2.49703664855106e+01
   1.52771442000000e+08   2.66471784016176e-06   2.50224075200738e+01
   1.53171444000000e+08   1.67146049534495e-06   2.48943065118992e+01
   1.53571447000000e+08   2.25002600018342e-06   2.50624390851152e+01
   1.53971449000000e+08   2.96870302918251e-06   2.49503507029835e+01
   1.54371452000000e+08   9.68084236774303e-07   2.49543538594890e+01
   1.54771455000000e+08   2.38054417422973e-06   2.50264106765782e+01
   1.55171457000000e+08   1.65061192092253e-06   2.50144012070648e+01
   1.55571460000000e+08   1.95783741219202e-06   2.49503507029835e+01
   1.55971462000000e+08   2.61970626524999e-06   2.50624390851152e+01
   1.56371465000000e+08   9.79896640274092e-07   2.51184832761627e+01
   1.56771468000000e+08   2.75999718724051e-06   2.50464264590994e+01
   1.57171470000000e+08   1.68942517575488e-06   2.50304138330826e+01
   1.57571473000000e+08   2.28988096750982e-06   2.50984674936472e+01
   1.57971475000000e+08   2.79238770417578e-06   2.50784517111300e+01
   1.58371478000000e+08   1.05895298929681e-06   2.50944643371439e+01
   1.93355282000000e+08  -2.06494936719537e-03   2.51264895891685e+01
   1.93755285000000e+08   1.20900836009241e-06   2.50784517111300e+01
   1.94155287000000e+08   2.56117050412286e-06   2.50904611806405e+01
   1.94555290000000e+08   2.29218312597368e-06   2.50144012070648e+01
   1.94955292000000e+08   2.81179018202238e-06   2.50864580241371e+01
   1.95355295000000e+08   2.69681504505570e-06   2.50984674936472e+01
   1.95755298000000e+08   1.35165362280532e-06   2.50664422416190e+01
   1.96155300000000e+08   2.44080160882731e-06   2.51144801196597e+01
   1.96555303000000e+08   2.04922866942070e-06   2.50304138330826e+01
   1.96955305000000e+08   2.34158437706355e-06   2.50624390851152e+01
   1.97355308000000e+08   2.20285869545478e-06   2.49783727985210e+01
   1.97755310000000e+08   9.58360715230810e-07   2.50264106765782e+01
   1.98155313000000e+08   2.11786505133205e-06   2.50424233025953e+01
   1.98555316000000e+08   1.44266095958301e-06   2.49983885810460e+01
   1.98955318000000e+08   1.76337277935090e-06   2.49743696420159e+01
   1.99355321000000e+08   1.66229040132748e-06   2.50544327721075e+01
   1.99755323000000e+08   4.94904668357776e-07   2.49143222944307e+01
   2.00155326000000e+08   1.52345887727279e-06   2.50023917375508e+01
   2.00555329000000e+08   1.20225854516320e-06   2.49503507029835e+01
   2.00955331000000e+08   1.60399633841735e-06   2.49183254509368e+01
   2.01355334000000e+08   1.41682915000274e-06   2.49743696420159e+01
   2.01755336000000e+08   2.93943600127022e-07   2.49983885810460e+01
   2.02155339000000e+08   1.49633558521600e-06   2.50824548676336e+01
   2.02555342000000e+08   1.54709266553255e-06   2.50344169895869e+01
   2.02955344000000e+08   1.84334749064874e-06   2.50264106765782e+01
