   4.00002000000000e+05   1.44286138947791e-06   2.50704453981228e+01
   8.00005000000000e+05   1.85367969152139e-06   2.49823759550261e+01
   1.20000700000000e+06   1.49433128626697e-06   2.50063948940555e+01
   1.60001000000000e+06   1.60640990998218e-06   2.49663633290053e+01
   2.00001300000000e+06   1.72459454006457e-06   2.50023917375508e+01
   2.40001500000000e+06   1.38807445182465e-06   2.49503507029835e+01
   2.80001800000000e+06   1.79780852249678e-06   2.49343380769607e+01
   3.20002000000000e+06   1.65296467002918e-06   2.49863791115312e+01
   3.60002300000000e+06   1.80411598194041e-06   2.49943854245411e+01
   4.00002600000000e+06   2.02280671146582e-06   2.49823759550261e+01
   4.40002800000000e+06   1.57638930886606e-06   2.49823759550261e+01
   4.80003100000000e+06   2.04414800464292e-06   2.49783727985210e+01
   5.20003300000000e+06   1.42478484121966e-06   2.50304138330826e+01
   5.60003600000000e+06   1.62301626005501e-06   2.49983885810460e+01
   6.00003900000000e+06   1.66673123658256e-06   2.50904611806405e+01
   6.40004100000000e+06   1.32556908738479e-06   2.50864580241371e+01
   6.80004400000000e+06   1.80290567186603e-06   2.50224075200738e+01
   7.20004600000000e+06   1.46269951528666e-06   2.50384201460911e+01
   7.60004900000000e+06   1.58532748173457e-06   2.50103980505602e+01
   8.00005100000000e+06   1.79939547706454e-06   2.50704453981228e+01
   8.40005400000000e+06   1.31268177483435e-06   2.51945432497076e+01
   8.80005700000000e+06   1.91576873476151e-06   2.50063948940555e+01
   9.20005900000000e+06   1.37461563554098e-06   2.50424233025953e+01
   9.60006200000000e+06   1.73497471678274e-06   2.49583570159945e+01
   4.20447270000000e+07   2.36423779278994e-03   2.50384201460911e+01
   4.24447300000000e+07   2.03741183213424e-06   2.50464264590994e+01
   4.28447330000000e+07   3.39413691108348e-06   2.51024706501504e+01
   4.32447350000000e+07   2.88104138235212e-06   2.50624390851152e+01
   4.36447380000000e+07   4.97035955504543e-07   2.50824548676336e+01
   4.40447400000000e+07   2.27422538046085e-06   2.50224075200738e+01
   4.44447430000000e+07   2.06620893550280e-06   2.51024706501504e+01
   4.48447460000000e+07   3.35125560013694e-06   2.49983885810460e+01
   4.52447480000000e+07   2.23468691729067e-06   2.49663633290053e+01
   4.56447510000000e+07   5.65370328331483e-08   2.50063948940555e+01
   4.60447530000000e+07   1.96575410882360e-06   2.50504296156035e+01
   4.64447560000000e+07   1.73342675680033e-06   2.49943854245411e+01
   4.68447580000000e+07   2.82434052678582e-06   2.50584359286114e+01
   4.72447610000000e+07   1.90465254945593e-06   2.49663633290053e+01
   4.76447640000000e+07   1.70618619677043e-07   2.49903822680362e+01
   4.80447660000000e+07   2.21919253817759e-06   2.50344169895869e+01
   4.84447690000000e+07   1.74215324477700e-06   2.50544327721075e+01
   4.88447710000000e+07   2.82686050923076e-06   2.50103980505602e+01
   4.92447740000000e+07   1.82573842266720e-06   2.50864580241371e+01
   4.96447770000000e+07   4.68184254032167e-07   2.51024706501504e+01
   5.00447790000000e+07   2.39301925830659e-06   2.50344169895869e+01
   5.04447820000000e+07   1.93163350559189e-06   2.50144012070648e+01
   5.08447840000000e+07   2.78539914688736e-06   2.50864580241371e+01
   5.12447870000000e+07   1.51201879816654e-06   2.50904611806405e+01
   5.16447900000000e+07   2.27770030392094e-07   2.49903822680362e+01
   9.53239800000000e+07  -4.22922382131219e-03   2.49183254509368e+01
   9.57239830000000e+07   9.10967287381936e-07   2.50184043635693e+01
   9.61239850000000e+07   2.12930626730667e-06   2.49743696420159e+01
   9.65239880000000e+07   1.31133174363640e-06   2.49263317639489e+01
   9.69239900000000e+07   2.25234407480457e-06   2.49983885810460e+01
   9.73239930000000e+07   1.46956722346658e-06   2.49583570159945e+01
   9.77239960000000e+07   8.02356282747496e-07   2.49063159814183e+01
   9.81239980000000e+07   1.99106966647378e-06   2.49823759550261e+01
   9.85240010000000e+07   1.16884893941460e-06   2.50063948940555e+01
   9.89240030000000e+07   2.15704631045810e-06   2.49863791115312e+01
   9.93240060000000e+07   1.41665486808051e-06   2.51104769631567e+01
   9.97240090000000e+07   8.58161286032555e-07   2.50904611806405e+01
   1.00124011000000e+08   2.10190637517371e-06   2.50864580241371e+01
   1.00524014000000e+08   1.23189863643347e-06   2.51064738066536e+01
   1.00924016000000e+08   2.18132004192739e-06   2.50344169895869e+01
   1.01324019000000e+08   1.58365583047271e-06   2.51024706501504e+01
   1.01724021000000e+08   1.27153668927349e-06   2.50904611806405e+01
   1.02124024000000e+08   2.36016603594180e-06   2.50144012070648e+01
   1.02524027000000e+08   1.55634086240752e-06   2.50304138330826e+01
   1.02924029000000e+08   2.39208679886360e-06   2.50504296156035e+01
   1.03324032000000e+08   1.94793597074749e-06   2.49783727985210e+01
   1.03724034000000e+08   1.48893400364614e-06   2.49143222944307e+01
   1.04124037000000e+08   2.65836501966987e-06   2.49183254509368e+01
   1.04524040000000e+08   1.79932305854891e-06   2.49863791115312e+01
   1.04924042000000e+08   2.60917181549303e-06   2.50384201460911e+01
   1.48620636000000e+08   4.63217496871948e-03   2.49943854245411e+01
   1.49020639000000e+08   3.55266115548147e-06   2.50144012070648e+01
   1.49420641000000e+08   4.06156743792963e-07   2.50384201460911e+01
   1.49820644000000e+08   1.65278277108882e-06   2.50664422416190e+01
   1.50220647000000e+08   2.56800194620155e-06   2.50224075200738e+01
   1.50620649000000e+08   8.64349885887350e-07   2.49543538594890e+01
   1.51020652000000e+08   3.26005238093785e-06   2.49383412334665e+01
   1.51420654000000e+08   3.29786672637056e-07   2.50464264590994e+01
   1.51820657000000e+08   1.95637812794303e-06   2.49943854245411e+01
   1.52220660000000e+08   2.49303639066056e-06   2.49663633290053e+01
   1.52620662000000e+08   1.17656600195915e-06   2.50344169895869e+01
   1.53020665000000e+08   2.95262634608662e-06   2.50824548676336e+01
   1.53420667000000e+08   2.48375897626829e-07   2.50384201460911e+01
   1.53820670000000e+08   1.78341235823609e-06   2.50144012070648e+01
   1.54220673000000e+08   2.26750194087799e-06   2.51064738066536e+01
   1.54620675000000e+08   8.50007040753553e-07   2.50184043635693e+01
   1.55020678000000e+08   2.61646869148535e-06   2.50144012070648e+01
   1.55420680000000e+08  -1.47219495261197e-07   2.49983885810460e+01
   1.55820683000000e+08   1.59476792305213e-06   2.50464264590994e+01
   1.56220686000000e+08   1.73039222772786e-06   2.49863791115312e+01
   1.56620688000000e+08   6.77527850712067e-07   2.49543538594890e+01
   1.57020691000000e+08   2.37794120039325e-06   2.49903822680362e+01
   1.57420693000000e+08   1.22765172250183e-07   2.50184043635693e+01
   1.57820696000000e+08   1.85386068096705e-06   2.50304138330826e+01
   1.58220699000000e+08   1.97660006051592e-06   2.49423443899722e+01
   1.93291804000000e+08  -2.05808714963496e-03   2.50224075200738e+01
   1.93691806000000e+08   2.24698783313215e-06   2.49943854245411e+01
   1.94091809000000e+08   2.78519451057946e-06   2.50744485546264e+01
   1.94491812000000e+08   1.23378572425281e-06   2.50103980505602e+01
   1.94891814000000e+08   9.25607650970051e-07   2.50464264590994e+01
   1.95291817000000e+08   1.19315950541932e-06   2.51144801196597e+01
   1.95691819000000e+08   2.21248751586245e-06   2.50904611806405e+01
   1.96091822000000e+08   2.54837300417421e-06   2.50344169895869e+01
   1.96491824000000e+08   1.04795685729187e-06   2.49583570159945e+01
   1.96891827000000e+08   8.68351492044894e-07   2.49423443899722e+01
   1.97291830000000e+08   1.50870459947328e-06   2.51024706501504e+01
   1.97691832000000e+08   2.54623432738299e-06   2.50063948940555e+01
   1.98091835000000e+08   2.73266778094694e-06   2.50023917375508e+01
   1.98491837000000e+08   1.05583740150905e-06   2.49783727985210e+01
   1.98891840000000e+08   1.30286150579195e-06   2.49783727985210e+01
   1.99291843000000e+08   2.19604885387525e-06   2.50264106765782e+01
   1.99691845000000e+08   3.01858472084859e-06   2.50384201460911e+01
   2.00091848000000e+08   2.95617587653396e-06   2.50744485546264e+01
   2.00491850000000e+08   1.50664880038676e-06   2.50624390851152e+01
   2.00891853000000e+08   1.83668487352406e-06   2.51104769631567e+01
   2.01291856000000e+08   2.26771476263821e-06   2.49863791115312e+01
   2.01691858000000e+08   2.81670600088546e-06   2.50424233025953e+01
   2.02091861000000e+08   2.80164317700837e-06   2.50744485546264e+01
   2.02491863000000e+08   1.33792173073743e-06   2.50304138330826e+01
   2.02891866000000e+08   1.81109521690814e-06   2.50224075200738e+01
