   4.00002000000000e+05   2.04211437448976e-06   2.50023917375508e+01
   8.00005000000000e+05   2.11665701499442e-06   2.50264106765782e+01
   1.20000800000000e+06   2.10822850021941e-06   2.50864580241371e+01
   1.60001000000000e+06   1.70803389210050e-06   2.50424233025953e+01
   2.00001300000000e+06   1.69553266005096e-06   2.51625179976914e+01
   2.40001500000000e+06   1.71586282249336e-06   2.51264895891685e+01
   2.80001800000000e+06   1.61875414050883e-06   2.51224864326656e+01
   3.20002100000000e+06   1.84102589173563e-06   2.51144801196597e+01
   3.60002300000000e+06   2.15958198168664e-06   2.51024706501504e+01
   4.00002600000000e+06   2.40477811530582e-06   2.50304138330826e+01
   4.40002800000000e+06   2.35847164731240e-06   2.50384201460911e+01
   4.80003100000000e+06   2.27645750783267e-06   2.50464264590994e+01
   5.20003400000000e+06   2.46744889409456e-06   2.50704453981228e+01
   5.60003600000000e+06   2.49598724622047e-06   2.50424233025953e+01
   6.00003900000000e+06   2.64209234046575e-06   2.50264106765782e+01
   6.40004100000000e+06   2.61824902736407e-06   2.50224075200738e+01
   6.80004400000000e+06   2.58975364886282e-06   2.50384201460911e+01
   7.20004700000000e+06   2.64870618593704e-06   2.50304138330826e+01
   7.60004900000000e+06   1.95375901057560e-06   2.50584359286114e+01
   8.00005200000000e+06   1.87697253295482e-06   2.50784517111300e+01
   8.40005400000000e+06   1.91409276339982e-06   2.50504296156035e+01
   8.80005700000000e+06   1.74806837094366e-06   2.51104769631567e+01
   9.20006000000000e+06   1.96544169739354e-06   2.50304138330826e+01
   9.60006200000000e+06   1.80157155682537e-06   2.50384201460911e+01
   4.21149630000000e+07  -2.09874985739589e-03   2.50984674936472e+01
   4.25149650000000e+07   1.71170461271686e-06   2.50944643371439e+01
   4.29149680000000e+07   1.90247067166638e-06   2.50864580241371e+01
   4.33149710000000e+07   1.40765519063279e-06   2.50704453981228e+01
   4.37149730000000e+07   3.03956937841576e-07   2.51104769631567e+01
   4.41149760000000e+07   2.03643367058248e-06   2.50584359286114e+01
   4.45149780000000e+07   1.61483717420197e-06   2.50384201460911e+01
   4.49149810000000e+07   1.73656212609785e-06   2.51024706501504e+01
   4.53149840000000e+07   1.00354543519643e-06   2.50023917375508e+01
   4.57149860000000e+07  -1.38980865926897e-07   2.50304138330826e+01
   4.61149890000000e+07   1.41103078021843e-06   2.48782938858728e+01
   4.65149910000000e+07   1.04900095720950e-06   2.49223286074429e+01
   4.69149940000000e+07   9.90582861959410e-07   2.49703664855106e+01
   4.73149970000000e+07   8.13035910596227e-07   2.49063159814183e+01
   4.77149990000000e+07  -6.04557953920448e-07   2.48943065118992e+01
   4.81150020000000e+07   1.00513489087461e-06   2.50144012070648e+01
   4.85150040000000e+07   6.37749735687976e-07   2.50023917375508e+01
   4.89150070000000e+07   8.31099612241815e-07   2.49583570159945e+01
   4.93150100000000e+07   6.03129933551827e-07   2.49943854245411e+01
   4.97150120000000e+07   1.60193209808313e-07   2.50864580241371e+01
   5.01150150000000e+07   1.59975343194674e-06   2.51825337802020e+01
   5.05150170000000e+07   1.47725540955435e-06   2.51304927456713e+01
   5.09150200000000e+07   1.30369983253331e-06   2.51465053716819e+01
   5.13150220000000e+07   1.32225591187307e-06   2.50784517111300e+01
   5.17150250000000e+07   3.48470820199509e-07   2.50704453981228e+01
   9.53288470000000e+07   4.71822591498494e-03   2.50504296156035e+01
   9.57288500000000e+07   7.91408012901229e-07   2.50384201460911e+01
   9.61288520000000e+07   1.26666748201387e-06   2.49383412334665e+01
   9.65288550000000e+07   1.95821326087753e-06   2.50023917375508e+01
   9.69288580000000e+07   8.53015706070437e-07   2.50624390851152e+01
   9.73288600000000e+07   1.52452821566840e-06   2.48822970423795e+01
   9.77288630000000e+07   1.46720833527070e-06   2.49503507029835e+01
   9.81288650000000e+07   2.04478283194476e-06   2.50504296156035e+01
   9.85288680000000e+07   2.59608441410819e-06   2.49223286074429e+01
   9.89288710000000e+07   1.79059702531958e-06   2.48943065118992e+01
   9.93288730000000e+07   2.12979921343504e-06   2.49023128249120e+01
   9.97288760000000e+07   1.56749854340887e-06   2.49783727985210e+01
   1.00128878000000e+08   1.84867587904591e-06   2.48943065118992e+01
   1.00528881000000e+08   2.76060427495395e-06   2.50344169895869e+01
   1.00928884000000e+08   1.67631890235498e-06   2.50784517111300e+01
   1.01328886000000e+08   2.12328382076521e-06   2.49943854245411e+01
   1.01728889000000e+08   1.31991350826866e-06   2.50784517111300e+01
   1.02128891000000e+08   1.83067334091902e-06   2.50544327721075e+01
   1.02528894000000e+08   2.39455130213173e-06   2.50664422416190e+01
   1.02928896000000e+08   1.56063595113665e-06   2.50944643371439e+01
   1.03328899000000e+08   2.11981114262016e-06   2.50664422416190e+01
   1.03728902000000e+08   1.81720884029346e-06   2.50504296156035e+01
   1.04128904000000e+08   2.08548749469628e-06   2.51024706501504e+01
   1.04528907000000e+08   2.80250128525950e-06   2.49903822680362e+01
   1.04928909000000e+08   2.03946137844468e-06   2.51104769631567e+01
   1.48625426000000e+08  -4.29777475073934e-03   2.50384201460911e+01
   1.49025429000000e+08   2.26738370656676e-06   2.49543538594890e+01
   1.49425431000000e+08   1.57297654368449e-06   2.49943854245411e+01
   1.49825434000000e+08   1.49108507230267e-06   2.50264106765782e+01
   1.50225437000000e+08   2.02895671463921e-06   2.50784517111300e+01
   1.50625439000000e+08   2.07595235224289e-06   2.50063948940555e+01
   1.51025442000000e+08   2.08388564715278e-06   2.50224075200738e+01
   1.51425444000000e+08   1.08028916656622e-06   2.49023128249120e+01
   1.51825447000000e+08   8.17697184629651e-07   2.49223286074429e+01
   1.52225449000000e+08   1.03516242688784e-06   2.50184043635693e+01
   1.52625452000000e+08   1.39927271902707e-06   2.50063948940555e+01
   1.53025455000000e+08   1.26792247101548e-06   2.50344169895869e+01
   1.53425457000000e+08   8.46987575187086e-07   2.50304138330826e+01
   1.53825460000000e+08   9.15287159841682e-07   2.49903822680362e+01
   1.54225462000000e+08   1.22853498396580e-06   2.50504296156035e+01
   1.54625465000000e+08   1.46038837556262e-06   2.50904611806405e+01
   1.55025468000000e+08   1.56904707182548e-06   2.50504296156035e+01
   1.55425470000000e+08   1.45253341088392e-06   2.50544327721075e+01
   1.55825473000000e+08   1.72928469055478e-06   2.50584359286114e+01
   1.56225475000000e+08   1.90306150216202e-06   2.50023917375508e+01
   1.56625478000000e+08   2.24014138439088e-06   2.50023917375508e+01
   1.57025481000000e+08   2.43118347498239e-06   2.50063948940555e+01
   1.57425483000000e+08   1.41806492592877e-06   2.50744485546264e+01
   1.57825486000000e+08   9.20352590583207e-07   2.49703664855106e+01
   1.58225488000000e+08   9.94491870187630e-07   2.50304138330826e+01
   1.93203534000000e+08   2.40952474996448e-03   2.50664422416190e+01
   1.93603537000000e+08   2.47202251557610e-06   2.51505085281844e+01
   1.94003539000000e+08   1.69923248449777e-06   2.50224075200738e+01
   1.94403542000000e+08   1.87501950676960e-06   2.50384201460911e+01
   1.94803544000000e+08   1.61762443440239e-06   2.50384201460911e+01
   1.95203547000000e+08   1.10002213205007e-06   2.49743696420159e+01
   1.95603550000000e+08   2.78672405329417e-06   2.50584359286114e+01
   1.96003552000000e+08   2.38067605096148e-06   2.50424233025953e+01
   1.96403555000000e+08   2.36672485698364e-06   2.49983885810460e+01
   1.96803557000000e+08   2.09139534490532e-06   2.50504296156035e+01
   1.97203560000000e+08   1.62555215865723e-06   2.49823759550261e+01
   1.97603563000000e+08   2.79717778539634e-06   2.50264106765782e+01
   1.98003565000000e+08   2.17745400732383e-06   2.50664422416190e+01
   1.98403568000000e+08   2.14982446777867e-06   2.50144012070648e+01
   1.98803570000000e+08   2.04139632842271e-06   2.50824548676336e+01
   1.99203573000000e+08   1.48606204675161e-06   2.50664422416190e+01
   1.99603575000000e+08   2.29032139031915e-06   2.50704453981228e+01
   2.00003578000000e+08   1.87079660918243e-06   2.50864580241371e+01
   2.00403581000000e+08   1.89735749245301e-06   2.50664422416190e+01
   2.00803583000000e+08   1.75059858520399e-06   2.50944643371439e+01
   2.01203586000000e+08   1.05199967492808e-06   2.50504296156035e+01
   2.01603588000000e+08   1.61627758643590e-06   2.50504296156035e+01
   2.02003591000000e+08   1.08358824491006e-06   2.50624390851152e+01
   2.02403594000000e+08   1.03665115602780e-06   2.50784517111300e+01
   2.02803596000000e+08   8.69022073857195e-07   2.50063948940555e+01
