   4.00003000000000e+05   1.92040533875115e-06   2.49463475464779e+01
   8.00005000000000e+05   1.78536515704764e-06   2.51064738066536e+01
   1.20000800000000e+06   1.78673678874475e-06   2.49183254509368e+01
   1.60001000000000e+06   1.84315729256923e-06   2.50944643371439e+01
   2.00001300000000e+06   1.57401484557340e-06   2.50384201460911e+01
   2.40001600000000e+06   1.51228255163005e-06   2.49103191379245e+01
   2.80001800000000e+06   1.58769171321183e-06   2.50824548676336e+01
   3.20002100000000e+06   1.41109740070533e-06   2.50384201460911e+01
   3.60002300000000e+06   1.71094529832772e-06   2.50384201460911e+01
   4.00002600000000e+06   1.36522805860295e-06   2.50184043635693e+01
   4.40002900000000e+06   1.74843182776385e-06   2.50384201460911e+01
   4.80003100000000e+06   1.46930392475042e-06   2.49423443899722e+01
   5.20003400000000e+06   1.63027345934097e-06   2.50103980505602e+01
   5.60003600000000e+06   1.60837089424604e-06   2.49743696420159e+01
   6.00003900000000e+06   1.80433073637687e-06   2.50704453981228e+01
   6.40004200000000e+06   2.03067997972539e-06   2.49823759550261e+01
   6.80004400000000e+06   1.85412613973313e-06   2.50224075200738e+01
   7.20004700000000e+06   1.89865079391893e-06   2.49383412334665e+01
   7.60004900000000e+06   2.00879139811150e-06   2.49343380769607e+01
   8.00005200000000e+06   1.51659230596124e-06   2.49983885810460e+01
   8.40005500000000e+06   1.65270546403917e-06   2.49423443899722e+01
   8.80005700000000e+06   1.54511303662730e-06   2.49543538594890e+01
   9.20006000000000e+06   1.61773141371668e-06   2.50224075200738e+01
   9.60006200000000e+06   1.62871788234042e-06   2.50384201460911e+01
   4.22707840000000e+07  -2.06269975751638e-03   2.50464264590994e+01
   4.26707860000000e+07   1.13101316401298e-06   2.50103980505602e+01
   4.30707890000000e+07   1.21961181775987e-06   2.50224075200738e+01
   4.34707920000000e+07   1.60505965141056e-06   2.50224075200738e+01
   4.38707940000000e+07   9.20498848699935e-07   2.50824548676336e+01
   4.42707970000000e+07   1.56704038545286e-06   2.49423443899722e+01
   4.46707990000000e+07   1.43021952681011e-06   2.49983885810460e+01
   4.50708020000000e+07   1.56627174874302e-06   2.50784517111300e+01
   4.54708050000000e+07   1.73174885276239e-06   2.50464264590994e+01
   4.58708070000000e+07   1.11235192434833e-06   2.50784517111300e+01
   4.62708100000000e+07   1.62439960149641e-06   2.49503507029835e+01
   4.66708120000000e+07   1.55091890974290e-06   2.50184043635693e+01
   4.70708150000000e+07   1.49614209021820e-06   2.50264106765782e+01
   4.74708180000000e+07   1.79337041572580e-06   2.50424233025953e+01
   4.78708200000000e+07   1.13366979803686e-06   2.49623601725000e+01
   4.82708230000000e+07   2.02189085030113e-06   2.50624390851152e+01
   4.86708250000000e+07   1.45479498314671e-06   2.49503507029835e+01
   4.90708280000000e+07   1.86536010460259e-06   2.49223286074429e+01
   4.94708310000000e+07   1.79913922693231e-06   2.50264106765782e+01
   4.98708330000000e+07   1.55223779074731e-06   2.51224864326656e+01
   5.02708360000000e+07   2.08461074180377e-06   2.50224075200738e+01
   5.06708380000000e+07   1.92434413293086e-06   2.48903033553927e+01
   5.10708410000000e+07   2.02104092750233e-06   2.50384201460911e+01
   5.14708430000000e+07   2.16663556784624e-06   2.49983885810460e+01
   5.18708460000000e+07   1.62177980200795e-06   2.49863791115312e+01
   9.57916380000000e+07   4.63807489722967e-03   2.50063948940555e+01
   9.61916410000000e+07   7.20843559065543e-07   2.50664422416190e+01
   9.65916440000000e+07   1.47810794715042e-06   2.49823759550261e+01
   9.69916460000000e+07   1.66324571182486e-06   2.50184043635693e+01
   9.73916490000000e+07   4.54820565209957e-07   2.50904611806405e+01
   9.77916510000000e+07   2.40197005041409e-06   2.50464264590994e+01
   9.81916540000000e+07   7.43207124287437e-07   2.50744485546264e+01
   9.85916570000000e+07   1.54462168211467e-06   2.50304138330826e+01
   9.89916590000000e+07   1.73618400367559e-06   2.51144801196597e+01
   9.93916620000000e+07   5.84980625717435e-07   2.50784517111300e+01
   9.97916640000000e+07   2.44300508711603e-06   2.50344169895869e+01
   1.00191667000000e+08   9.13334588403814e-07   2.50504296156035e+01
   1.00591670000000e+08   1.87215562164056e-06   2.50464264590994e+01
   1.00991672000000e+08   1.85599492397159e-06   2.49743696420159e+01
   1.01391675000000e+08   9.26415737012576e-07   2.49743696420159e+01
   1.01791677000000e+08   2.65161111201451e-06   2.49343380769607e+01
   1.02191680000000e+08   1.07263599602447e-06   2.49343380769607e+01
   1.02591683000000e+08   1.93224582289986e-06   2.49543538594890e+01
   1.02991685000000e+08   1.97289068637474e-06   2.49863791115312e+01
   1.03391688000000e+08   1.14781062166003e-06   2.49303349204548e+01
   1.03791690000000e+08   2.59225771515048e-06   2.48903033553927e+01
   1.04191693000000e+08   1.09733741737728e-06   2.49263317639489e+01
   1.04591696000000e+08   2.16890180126939e-06   2.49663633290053e+01
   1.04991698000000e+08   1.94366361938592e-06   2.50184043635693e+01
   1.05391701000000e+08   1.22758979159698e-06   2.50264106765782e+01
   1.49275418000000e+08  -4.22702403739095e-03   2.49783727985210e+01
   1.49675421000000e+08   1.34200672619045e-06   2.50464264590994e+01
   1.50075423000000e+08   2.49922709372186e-06   2.51344959021740e+01
   1.50475426000000e+08   2.40954705077456e-06   2.50304138330826e+01
   1.50875429000000e+08   2.18969262277824e-06   2.51545116846868e+01
   1.51275431000000e+08   1.84939983682852e-06   2.51344959021740e+01
   1.51675434000000e+08   1.17492686513287e-06   2.51465053716819e+01
   1.52075436000000e+08   2.33183823183936e-06   2.50704453981228e+01
   1.52475439000000e+08   2.18381296690495e-06   2.50984674936472e+01
   1.52875441000000e+08   1.84266230007779e-06   2.51945432497076e+01
   1.53275444000000e+08   1.48879769312771e-06   2.51545116846868e+01
   1.53675447000000e+08   1.18152865979937e-06   2.51024706501504e+01
   1.54075449000000e+08   2.74255376098154e-06   2.49743696420159e+01
   1.54475452000000e+08   2.39665314438753e-06   2.50464264590994e+01
   1.54875454000000e+08   2.04624234356743e-06   2.50304138330826e+01
   1.55275457000000e+08   1.73873513631406e-06   2.51064738066536e+01
   1.55675460000000e+08   1.57971692260617e-06   2.49983885810460e+01
   1.56075462000000e+08   2.58360114457901e-06   2.49703664855106e+01
   1.56475465000000e+08   2.21387472265633e-06   2.50344169895869e+01
   1.56875467000000e+08   1.80562108198501e-06   2.50144012070648e+01
   1.57275470000000e+08   1.72355066752061e-06   2.49383412334665e+01
   1.57675473000000e+08   1.33305775307235e-06   2.50103980505602e+01
   1.58075475000000e+08   2.20541187445633e-06   2.50344169895869e+01
   1.58475478000000e+08   1.57901456532272e-06   2.51064738066536e+01
   1.58875480000000e+08   1.34990943934099e-06   2.50824548676336e+01
   1.94046812000000e+08   2.37115030176938e-03   2.50704453981228e+01
   1.94446814000000e+08   1.76499361259630e-06   2.49503507029835e+01
   1.94846817000000e+08   2.42954456552980e-06   2.49423443899722e+01
   1.95246820000000e+08   2.26624638344219e-06   2.49743696420159e+01
   1.95646822000000e+08   1.58948409989534e-06   2.50144012070648e+01
   1.96046825000000e+08   3.10518566948303e-06   2.49623601725000e+01
   1.96446827000000e+08   1.69297766206000e-06   2.50063948940555e+01
   1.96846830000000e+08   2.57406600212562e-06   2.49103191379245e+01
   1.97246833000000e+08   1.90036166713980e-06   2.49743696420159e+01
   1.97646835000000e+08   1.86098952781322e-06   2.49663633290053e+01
   1.98046838000000e+08   2.51334245149337e-06   2.49383412334665e+01
   1.98446840000000e+08   1.53366636368446e-06   2.50624390851152e+01
   1.98846843000000e+08   2.06212484954449e-06   2.49503507029835e+01
   1.99246846000000e+08   1.81445204816555e-06   2.49903822680362e+01
   1.99646848000000e+08   1.52605571202002e-06   2.50144012070648e+01
   2.00046851000000e+08   2.96804296340270e-06   2.50023917375508e+01
   2.00446853000000e+08   1.59905232521851e-06   2.50904611806405e+01
   2.00846856000000e+08   2.55610416388663e-06   2.50904611806405e+01
   2.01246859000000e+08   1.88993283245509e-06   2.50023917375508e+01
   2.01646861000000e+08   2.00150884666073e-06   2.50944643371439e+01
   2.02046864000000e+08   3.08633639178879e-06   2.50784517111300e+01
   2.02446866000000e+08   1.88451531357714e-06   2.49663633290053e+01
   2.02846869000000e+08   2.61007926383172e-06   2.51344959021740e+01
   2.03246872000000e+08   2.21435675484827e-06   2.49943854245411e+01
   2.03646874000000e+08   2.02107162294851e-06   2.49463475464779e+01
