   4.00003000000000e+05   1.80870983967907e-06   2.49183254509368e+01
   8.00005000000000e+05   1.50646076235716e-06   2.49863791115312e+01
   1.20000800000000e+06   1.95604775399261e-06   2.50624390851152e+01
   1.60001000000000e+06   1.55782788624492e-06   2.50624390851152e+01
   2.00001300000000e+06   1.86815850611310e-06   2.49703664855106e+01
   2.40001600000000e+06   1.98811108020891e-06   2.50944643371439e+01
   2.80001800000000e+06   1.62009973792010e-06   2.50144012070648e+01
   3.20002100000000e+06   2.02870683096990e-06   2.50464264590994e+01
   3.60002400000000e+06   1.72657712482760e-06   2.50544327721075e+01
   4.00002600000000e+06   1.92443872037984e-06   2.50424233025953e+01
   4.40002900000000e+06   1.95094344235258e-06   2.50103980505602e+01
   4.80003100000000e+06   1.76268304130645e-06   2.50384201460911e+01
   5.20003400000000e+06   2.06269533009618e-06   2.50544327721075e+01
   5.60003700000000e+06   1.71239412338764e-06   2.50944643371439e+01
   6.00003900000000e+06   1.83271629339288e-06   2.50464264590994e+01
   6.40004200000000e+06   1.82992744157673e-06   2.49703664855106e+01
   6.80004400000000e+06   1.70352575423749e-06   2.49743696420159e+01
   7.20004700000000e+06   1.94625249605451e-06   2.50464264590994e+01
   7.60005000000000e+06   1.68711551395972e-06   2.50063948940555e+01
   8.00005200000000e+06   1.86465547358239e-06   2.49983885810460e+01
   8.40005500000000e+06   1.73615171661368e-06   2.50063948940555e+01
   8.80005700000000e+06   1.67871598932834e-06   2.49503507029835e+01
   9.20006000000000e+06   1.90037860647863e-06   2.49663633290053e+01
   9.60006300000000e+06   1.62989738328179e-06   2.50504296156035e+01
   4.21291920000000e+07   1.63337768753991e-04   2.48142433817574e+01
   4.25291950000000e+07   1.44963087223005e-06   2.44019182611263e+01
   4.29291970000000e+07   2.04468665288005e-06   2.50544327721075e+01
   4.33292000000000e+07   1.43202191793534e-06   2.50464264590994e+01
   4.37292020000000e+07   1.81716529823461e-06   2.52585937537280e+01
   4.41292050000000e+07   1.55387090217118e-06   2.55468210216236e+01
   4.45292080000000e+07   1.40602264764311e-06   2.51264895891685e+01
   4.49292100000000e+07   1.80951974471100e-06   2.51665211541937e+01
   4.53292130000000e+07   1.32303580357984e-06   2.53987042312172e+01
   4.57292150000000e+07   1.72357272276713e-06   2.45900666172260e+01
   4.61292180000000e+07   1.56348653490568e-06   2.50864580241371e+01
   4.65292210000000e+07   1.54154486153857e-06   2.55268052391412e+01
   4.69292230000000e+07   1.92403035725874e-06   2.45620445216456e+01
   4.73292260000000e+07   1.35407242396468e-06   2.55668368041045e+01
   4.77292280000000e+07   1.87321427347342e-06   2.43819024785542e+01
   4.81292310000000e+07   1.74682759279676e-06   2.50664422416190e+01
   4.85292340000000e+07   1.57948409196251e-06   2.49343380769607e+01
   4.89292360000000e+07   1.97143026525737e-06   2.53066316317329e+01
   4.93292390000000e+07   1.47169362207933e-06   2.43018393482499e+01
   4.97292410000000e+07   2.03768081519229e-06   2.44059214176405e+01
   5.01292440000000e+07   1.66388633715542e-06   2.53987042312172e+01
   5.05292470000000e+07   1.80018503215251e-06   2.52025495627110e+01
   5.09292490000000e+07   2.02637556867558e-06   2.47261739385723e+01
   5.13292520000000e+07   1.67521147886873e-06   2.52986253187327e+01
   5.17292540000000e+07   2.01852390091517e-06   2.49623601725000e+01
   9.55408970000000e+07   1.77675159648061e-04   2.50584359286114e+01
   9.59408990000000e+07   1.94349604498711e-06   2.49503507029835e+01
   9.63409020000000e+07   1.57989279614412e-06   2.50224075200738e+01
   9.67409040000000e+07   1.79006360667699e-06   2.49543538594890e+01
   9.71409070000000e+07   1.82126814252115e-06   2.50144012070648e+01
   9.75409100000000e+07   1.58498187374789e-06   2.49183254509368e+01
   9.79409120000000e+07   1.93961909644713e-06   2.50584359286114e+01
   9.83409150000000e+07   1.67050370691868e-06   2.49023128249120e+01
   9.87409170000000e+07   1.77869389972329e-06   2.49743696420159e+01
   9.91409200000000e+07   1.89782963389007e-06   2.50944643371439e+01
   9.95409230000000e+07   1.65508652116841e-06   2.49543538594890e+01
   9.99409250000000e+07   2.11112046599737e-06   2.50144012070648e+01
   1.00340928000000e+08   1.87053069566900e-06   2.49943854245411e+01
   1.00740930000000e+08   1.98474867829646e-06   2.50424233025953e+01
   1.01140933000000e+08   2.05762808036525e-06   2.50504296156035e+01
   1.01540936000000e+08   1.86857846529165e-06   2.50584359286114e+01
   1.01940938000000e+08   2.03182366931287e-06   2.50864580241371e+01
   1.02340941000000e+08   1.73850230567041e-06   2.50103980505602e+01
   1.02740943000000e+08   1.89258605587383e-06   2.50464264590994e+01
   1.03140946000000e+08   1.95032612282375e-06   2.50184043635693e+01
   1.03540949000000e+08   1.64942548508407e-06   2.50344169895869e+01
   1.03940951000000e+08   2.00134445549338e-06   2.50304138330826e+01
   1.04340954000000e+08   1.63143749887240e-06   2.50264106765782e+01
   1.04740957000000e+08   1.94705080502899e-06   2.50144012070648e+01
   1.05140959000000e+08   1.76205844582000e-06   2.50023917375508e+01
   1.48830474000000e+08   2.23300172365271e-04   2.50704453981228e+01
   1.49230477000000e+08   1.77621882357926e-06   2.50344169895869e+01
   1.49630480000000e+08   2.24238692680956e-06   2.50304138330826e+01
   1.50030482000000e+08   1.63538175002031e-06   2.49783727985210e+01
   1.50430485000000e+08   2.13534485737910e-06   2.51064738066536e+01
   1.50830487000000e+08   1.97836152437958e-06   2.51304927456713e+01
   1.51230490000000e+08   1.84122814061993e-06   2.50384201460911e+01
   1.51630493000000e+08   2.17854994843947e-06   2.50464264590994e+01
   1.52030495000000e+08   1.64319862960838e-06   2.51745274671980e+01
   1.52430498000000e+08   2.24783661906258e-06   2.52465842842254e+01
   1.52830501000000e+08   1.82428402695223e-06   2.51344959021740e+01
   1.53230503000000e+08   1.84493126198504e-06   2.51945432497076e+01
   1.53630506000000e+08   2.12202644434001e-06   2.51344959021740e+01
   1.54030508000000e+08   1.45997512390750e-06   2.51585148411891e+01
   1.54430511000000e+08   2.04785555979470e-06   2.51224864326656e+01
   1.54830514000000e+08   1.54099666360707e-06   2.50584359286114e+01
   1.55230516000000e+08   1.74748572590033e-06   2.51465053716819e+01
   1.55630519000000e+08   1.99470036932325e-06   2.50704453981228e+01
   1.56030521000000e+08   1.44553905556677e-06   2.49983885810460e+01
   1.56430524000000e+08   2.06737217922637e-06   2.50384201460911e+01
   1.56830527000000e+08   1.62366495715105e-06   2.50063948940555e+01
   1.57230529000000e+08   1.76696437392820e-06   2.49063159814183e+01
   1.57630532000000e+08   1.98947714125097e-06   2.49943854245411e+01
   1.58030534000000e+08   1.51641779666534e-06   2.50544327721075e+01
   1.58430537000000e+08   2.23924234887818e-06   2.49663633290053e+01
   1.93557853000000e+08   1.48600127431564e-04   2.52625969102287e+01
   1.93957856000000e+08   1.74511581008119e-06   2.52946221622325e+01
   1.94357858000000e+08   1.87007879048906e-06   2.51905400932058e+01
   1.94757861000000e+08   1.97323856809817e-06   2.52946221622325e+01
   1.95157864000000e+08   1.69239638125873e-06   2.45660476781572e+01
   1.95557866000000e+08   2.02029696083628e-06   2.52385779712233e+01
   1.95957869000000e+08   1.67087330282811e-06   2.49023128249120e+01
   1.96357871000000e+08   1.81345603778027e-06   2.53386568837311e+01
   1.96757874000000e+08   1.75484046849306e-06   2.51184832761627e+01
   1.97157877000000e+08   1.67557163877063e-06   2.52225653452185e+01
   1.97557879000000e+08   1.89255626992235e-06   2.48983096684056e+01
   1.97957882000000e+08   1.75371440036542e-06   2.51184832761627e+01
   1.98357884000000e+08   1.96930886886548e-06   2.52946221622325e+01
   1.98757887000000e+08   1.90817263501231e-06   2.48022339122339e+01
   1.99157890000000e+08   1.80877361799503e-06   2.51545116846868e+01
   1.99557892000000e+08   2.02989713216084e-06   2.48983096684056e+01
   1.99957895000000e+08   1.82351459443453e-06   2.54267263267060e+01
   2.00357897000000e+08   2.15097429645539e-06   2.48502717903243e+01
   2.00757900000000e+08   1.93928349290218e-06   2.51705243106959e+01
   2.01157903000000e+08   1.92188895198342e-06   2.53026284752328e+01
   2.01557905000000e+08   2.10328448702057e-06   2.46781360604584e+01
   2.01957908000000e+08   1.66797485690040e-06   2.49463475464779e+01
   2.02357911000000e+08   1.91111598724092e-06   2.54947799871661e+01
   2.02757913000000e+08   1.65485221259587e-06   2.50904611806405e+01
   2.03157916000000e+08   1.75781008238118e-06   2.48782938858728e+01
