   4.00002000000000e+05   1.76060837020486e-06   2.50103980505602e+01
   8.00005000000000e+05   1.58767068114685e-06   2.50344169895869e+01
   1.20000700000000e+06   1.19425624234282e-06   2.50704453981228e+01
   1.60001000000000e+06   1.31708725348290e-06   2.50344169895869e+01
   2.00001300000000e+06   9.94073729998490e-07   2.49663633290053e+01
   2.40001500000000e+06   1.29170803120360e-06   2.51184832761627e+01
   2.80001800000000e+06   1.09352174604282e-06   2.50384201460911e+01
   3.20002000000000e+06   1.32316677081690e-06   2.50864580241371e+01
   3.60002300000000e+06   1.69610211742111e-06   2.49983885810460e+01
   4.00002600000000e+06   1.28765680074139e-06   2.50704453981228e+01
   4.40002800000000e+06   1.64433140525944e-06   2.51024706501504e+01
   4.80003100000000e+06   1.43646991546120e-06   2.50424233025953e+01
   5.20003300000000e+06   1.76154526343453e-06   2.49423443899722e+01
   5.60003600000000e+06   2.16464513869141e-06   2.49343380769607e+01
   6.00003900000000e+06   1.78186280663795e-06   2.50264106765782e+01
   6.40004100000000e+06   2.13065618481778e-06   2.50384201460911e+01
   6.80004400000000e+06   2.00917384063359e-06   2.49983885810460e+01
   7.20004600000000e+06   1.55603947860072e-06   2.50784517111300e+01
   7.60004900000000e+06   1.81069970039971e-06   2.51465053716819e+01
   8.00005200000000e+06   1.33632488541480e-06   2.50664422416190e+01
   8.40005400000000e+06   1.71245085311966e-06   2.50784517111300e+01
   8.80005700000000e+06   1.58182126597239e-06   2.49823759550261e+01
   9.20005900000000e+06   1.19541505227971e-06   2.50584359286114e+01
   9.60006200000000e+06   1.47305297559797e-06   2.51745274671980e+01
   4.21952580000000e+07  -2.09961179643869e-03   2.50904611806405e+01
   4.25952610000000e+07   2.06777963285276e-06   2.50063948940555e+01
   4.29952630000000e+07   2.56053363045794e-06   2.50544327721075e+01
   4.33952660000000e+07   1.58824070695118e-06   2.49743696420159e+01
   4.37952680000000e+07   2.09723089028557e-06   2.50424233025953e+01
   4.41952710000000e+07   1.72684690369351e-06   2.50424233025953e+01
   4.45952740000000e+07   1.85853093626065e-06   2.50144012070648e+01
   4.49952760000000e+07   2.24229347622895e-06   2.50464264590994e+01
   4.53952790000000e+07   1.13627118025761e-06   2.50384201460911e+01
   4.57952810000000e+07   1.60180286457035e-06   2.50424233025953e+01
   4.61952840000000e+07   1.11358440335607e-06   2.50224075200738e+01
   4.65952870000000e+07   1.13689043246268e-06   2.50224075200738e+01
   4.69952890000000e+07   1.84818429715961e-06   2.51304927456713e+01
   4.73952920000000e+07   1.10836185740482e-06   2.49703664855106e+01
   4.77952940000000e+07   1.53130895341747e-06   2.49783727985210e+01
   4.81952970000000e+07   9.72223347162071e-07   2.51144801196597e+01
   4.85953000000000e+07   1.14746706003643e-06   2.49863791115312e+01
   4.89953020000000e+07   1.84002681180573e-06   2.51705243106959e+01
   4.93953050000000e+07   1.56088447056391e-06   2.50304138330826e+01
   4.97953070000000e+07   1.87967509646114e-06   2.50023917375508e+01
   5.01953100000000e+07   1.39846872571070e-06   2.49743696420159e+01
   5.05953130000000e+07   1.34039476051839e-06   2.50103980505602e+01
   5.09953150000000e+07   1.99716441784403e-06   2.50184043635693e+01
   5.13953180000000e+07   1.38525979309634e-06   2.49983885810460e+01
   5.17953200000000e+07   1.63546394560399e-06   2.50824548676336e+01
   9.51486070000000e+07   4.70165023580194e-03   2.49783727985210e+01
   9.55486100000000e+07   1.54000656493736e-06   2.50063948940555e+01
   9.59486120000000e+07   2.46403669734718e-06   2.50264106765782e+01
   9.63486150000000e+07   1.25872816170158e-06   2.50464264590994e+01
   9.67486180000000e+07   2.21445111492358e-06   2.50464264590994e+01
   9.71486200000000e+07   2.87971829493472e-06   2.50023917375508e+01
   9.75486230000000e+07   1.94337917491794e-06   2.49863791115312e+01
   9.79486250000000e+07   2.70930718215823e-06   2.50063948940555e+01
   9.83486280000000e+07   1.59174851432908e-06   2.50544327721075e+01
   9.87486310000000e+07   2.37692734117445e-06   2.49703664855106e+01
   9.91486330000000e+07   2.96691405310412e-06   2.49423443899722e+01
   9.95486360000000e+07   1.91740832633513e-06   2.50304138330826e+01
   9.99486380000000e+07   2.73657337857003e-06   2.50704453981228e+01
   1.00348641000000e+08   1.61017567279487e-06   2.49903822680362e+01
   1.00748644000000e+08   2.44564989770879e-06   2.49903822680362e+01
   1.01148646000000e+08   2.60443471233884e-06   2.50904611806405e+01
   1.01548649000000e+08   1.66886206898198e-06   2.50464264590994e+01
   1.01948651000000e+08   2.29786633099138e-06   2.50704453981228e+01
   1.02348654000000e+08   1.37549034207041e-06   2.50544327721075e+01
   1.02748657000000e+08   1.85531109764270e-06   2.49623601725000e+01
   1.03148659000000e+08   2.56670364251477e-06   2.49903822680362e+01
   1.03548662000000e+08   1.73672651726520e-06   2.49063159814183e+01
   1.03948664000000e+08   2.43107615460758e-06   2.48462686338171e+01
   1.04348667000000e+08   1.51983283558366e-06   2.51104769631567e+01
   1.04748670000000e+08   2.04939033210394e-06   2.50063948940555e+01
   1.48387295000000e+08  -4.30454919114709e-03   2.49623601725000e+01
   1.48787298000000e+08   1.49714549024793e-06   2.49703664855106e+01
   1.49187300000000e+08   2.03495960704458e-06   2.50184043635693e+01
   1.49587303000000e+08   1.25078042856330e-06   2.48502717903243e+01
   1.49987305000000e+08   1.71506735568983e-06   2.49623601725000e+01
   1.50387308000000e+08   1.08278447896737e-06   2.49903822680362e+01
   1.50787311000000e+08   7.99252802607953e-07   2.49783727985210e+01
   1.51187313000000e+08   2.18614604818868e-06   2.50624390851152e+01
   1.51587316000000e+08   1.65825076692272e-06   2.49823759550261e+01
   1.51987318000000e+08   2.23950087274716e-06   2.50504296156035e+01
   1.52387321000000e+08   1.50966241108108e-06   2.50224075200738e+01
   1.52787324000000e+08   1.36274854867224e-06   2.50384201460911e+01
   1.53187326000000e+08   2.13186285691336e-06   2.50184043635693e+01
   1.53587329000000e+08   1.76466653556417e-06   2.50624390851152e+01
   1.53987331000000e+08   2.12813256439404e-06   2.50264106765782e+01
   1.54387334000000e+08   1.58161867602757e-06   2.50264106765782e+01
   1.54787337000000e+08   1.23793995499000e-06   2.50664422416190e+01
   1.55187339000000e+08   2.58107024819765e-06   2.49903822680362e+01
   1.55587342000000e+08   2.20430956687778e-06   2.49903822680362e+01
   1.55987344000000e+08   2.72074134954892e-06   2.49823759550261e+01
   1.56387347000000e+08   2.21319260163000e-06   2.50504296156035e+01
   1.56787350000000e+08   2.00252429749526e-06   2.50224075200738e+01
   1.57187352000000e+08   2.64768254965020e-06   2.49783727985210e+01
   1.57587355000000e+08   2.07946641239687e-06   2.49983885810460e+01
   1.57987357000000e+08   2.77502135759278e-06   2.50144012070648e+01
   1.93099595000000e+08   2.41098762489855e-03   2.49543538594890e+01
   1.93499598000000e+08   1.06336244698468e-06   2.49863791115312e+01
   1.93899600000000e+08   2.10553776014422e-06   2.49583570159945e+01
   1.94299603000000e+08   7.34793616175011e-07   2.49023128249120e+01
   1.94699605000000e+08   1.65231915616459e-06   2.49303349204548e+01
   1.95099608000000e+08   1.92016909750237e-06   2.49903822680362e+01
   1.95499611000000e+08   1.23625397918659e-06   2.49023128249120e+01
   1.95899613000000e+08   2.43396220866998e-06   2.49223286074429e+01
   1.96299616000000e+08   8.49691843995970e-07   2.49263317639489e+01
   1.96699618000000e+08   1.75267007307411e-06   2.50023917375508e+01
   1.97099621000000e+08   2.00038994080387e-06   2.50384201460911e+01
   1.97499624000000e+08   1.36737560296751e-06   2.50264106765782e+01
   1.97899626000000e+08   2.29432407650165e-06   2.50304138330826e+01
   1.98299629000000e+08   1.17127399335004e-06   2.50224075200738e+01
   1.98699631000000e+08   1.84624116172927e-06   2.51264895891685e+01
   1.99099634000000e+08   1.99788451027416e-06   2.50544327721075e+01
   1.99499637000000e+08   1.02302658433473e-06   2.50784517111300e+01
   1.99899639000000e+08   2.32413322009961e-06   2.51024706501504e+01
   2.00299642000000e+08   1.03607487744739e-06   2.51344959021740e+01
   2.00699644000000e+08   1.60664910708874e-06   2.50664422416190e+01
   2.01099647000000e+08   2.10854182114417e-06   2.50664422416190e+01
   2.01499650000000e+08   1.49293066442624e-06   2.49663633290053e+01
   2.01899652000000e+08   2.62002276940621e-06   2.50144012070648e+01
   2.02299655000000e+08   1.68625228980090e-06   2.49463475464779e+01
   2.02699657000000e+08   1.91356070899928e-06   2.49823759550261e+01
