   4.00003000000000e+05   2.07549237529747e-06   2.49983885810460e+01
   8.00005000000000e+05   1.51855022068048e-06   2.50384201460911e+01
   1.20000800000000e+06   2.04040566131880e-06   2.50264106765782e+01
   1.60001000000000e+06   1.54161671162001e-06   2.50904611806405e+01
   2.00001300000000e+06   1.62358639954618e-06   2.50544327721075e+01
   2.40001600000000e+06   1.70980126767972e-06   2.50544327721075e+01
   2.80001800000000e+06   1.49237450841611e-06   2.49583570159945e+01
   3.20002100000000e+06   1.62554317739705e-06   2.49583570159945e+01
   3.60002300000000e+06   1.20762308597477e-06   2.50384201460911e+01
   4.00002600000000e+06   1.47963589824940e-06   2.50464264590994e+01
   4.40002900000000e+06   1.68920030318986e-06   2.50584359286114e+01
   4.80003100000000e+06   1.36344340262440e-06   2.50264106765782e+01
   5.20003400000000e+06   2.00196541300102e-06   2.50103980505602e+01
   5.60003600000000e+06   1.77833862835541e-06   2.50144012070648e+01
   6.00003900000000e+06   1.87638431725645e-06   2.49983885810460e+01
   6.40004100000000e+06   1.94978360923415e-06   2.50704453981228e+01
   6.80004400000000e+06   1.77678066393128e-06   2.51224864326656e+01
   7.20004700000000e+06   2.35335414799920e-06   2.51344959021740e+01
   7.60004900000000e+06   2.05942296815920e-06   2.50464264590994e+01
   8.00005200000000e+06   2.09963013730885e-06   2.50224075200738e+01
   8.40005400000000e+06   2.32484057960392e-06   2.49743696420159e+01
   8.80005700000000e+06   1.96195810531208e-06   2.49343380769607e+01
   9.20006000000000e+06   2.26875408770866e-06   2.49543538594890e+01
   9.60006200000000e+06   1.87129808182362e-06   2.50704453981228e+01
   4.23967800000000e+07  -2.06091161817312e-03   2.50664422416190e+01
   4.27967830000000e+07   1.97229041987157e-06   2.50424233025953e+01
   4.31967860000000e+07   1.98094539882732e-06   2.50504296156035e+01
   4.35967880000000e+07   1.20021513794200e-06   2.49623601725000e+01
   4.39967910000000e+07   2.24031373363687e-06   2.50864580241371e+01
   4.43967930000000e+07   9.63895445238450e-07   2.50144012070648e+01
   4.47967960000000e+07   1.77903007170244e-06   2.49903822680362e+01
   4.51967990000000e+07   1.92359470929659e-06   2.49623601725000e+01
   4.55968010000000e+07   1.25132169159770e-06   2.50904611806405e+01
   4.59968040000000e+07   2.17682509173756e-06   2.50784517111300e+01
   4.63968060000000e+07   1.18150842354225e-06   2.51425022151793e+01
   4.67968090000000e+07   1.87370096682571e-06   2.49903822680362e+01
   4.71968120000000e+07   2.75401703220268e-06   2.50103980505602e+01
   4.75968140000000e+07   2.10026382774231e-06   2.50144012070648e+01
   4.79968170000000e+07   3.19436685458641e-06   2.50023917375508e+01
   4.83968190000000e+07   2.00080671675096e-06   2.51344959021740e+01
   4.87968220000000e+07   2.45745377469575e-06   2.49703664855106e+01
   4.91968250000000e+07   2.68844451056793e-06   2.49623601725000e+01
   4.95968270000000e+07   1.97975464288902e-06   2.50224075200738e+01
   4.99968300000000e+07   2.65995709014533e-06   2.49943854245411e+01
   5.03968320000000e+07   1.86275758551346e-06   2.49823759550261e+01
   5.07968350000000e+07   2.17336310015526e-06   2.50304138330826e+01
   5.11968370000000e+07   2.24701125262072e-06   2.49703664855106e+01
   5.15968400000000e+07   1.56854389388172e-06   2.49983885810460e+01
   5.19968430000000e+07   2.31932312999561e-06   2.50904611806405e+01
   9.57036840000000e+07   4.62932465597987e-03   2.51024706501504e+01
   9.61036870000000e+07   2.68266990133270e-06   2.50384201460911e+01
   9.65036890000000e+07   8.05276727078308e-07   2.49663633290053e+01
   9.69036920000000e+07   1.71361921275093e-06   2.50144012070648e+01
   9.73036940000000e+07   3.01160980598070e-06   2.49823759550261e+01
   9.77036970000000e+07   6.41267035916826e-07   2.49463475464779e+01
   9.81037000000000e+07   2.38975030697475e-06   2.49663633290053e+01
   9.85037020000000e+07   9.74233330452989e-07   2.50504296156035e+01
   9.89037050000000e+07   1.82056771791395e-06   2.50384201460911e+01
   9.93037070000000e+07   2.60533215623582e-06   2.50664422416190e+01
   9.97037100000000e+07   1.07853111330769e-06   2.50384201460911e+01
   1.00103713000000e+08   2.81137090496486e-06   2.49663633290053e+01
   1.00503715000000e+08   6.77553828154487e-07   2.50344169895869e+01
   1.00903718000000e+08   1.84132431968465e-06   2.50944643371439e+01
   1.01303720000000e+08   2.90541925096477e-06   2.51104769631567e+01
   1.01703723000000e+08   8.39587016798760e-07   2.51024706501504e+01
   1.02103726000000e+08   2.47723187385418e-06   2.50744485546264e+01
   1.02503728000000e+08   8.14137706584006e-07   2.51224864326656e+01
   1.02903731000000e+08   2.47624075200292e-06   2.51545116846868e+01
   1.03303733000000e+08   2.69222095994337e-06   2.51024706501504e+01
   1.03703736000000e+08   1.22854714845744e-06   2.50544327721075e+01
   1.04103739000000e+08   3.14805379275640e-06   2.50944643371439e+01
   1.04503741000000e+08   1.18876130272838e-06   2.50984674936472e+01
   1.04903744000000e+08   2.14375177165493e-06   2.51024706501504e+01
   1.05303746000000e+08   2.48187006945955e-06   2.50504296156035e+01
   1.48821614000000e+08  -4.23177471384406e-03   2.50224075200738e+01
   1.49221617000000e+08   1.60407500970905e-06   2.48863001988861e+01
   1.49621619000000e+08   1.77992842509411e-06   2.49543538594890e+01
   1.50021622000000e+08   2.72225202024856e-06   2.50103980505602e+01
   1.50421624000000e+08   6.43879388917412e-07   2.50224075200738e+01
   1.50821627000000e+08   2.38719690059952e-06   2.49583570159945e+01
   1.51221629000000e+08   1.50007167576405e-06   2.49543538594890e+01
   1.51621632000000e+08   1.57268527800625e-06   2.50904611806405e+01
   1.52021635000000e+08   2.32692650570243e-06   2.50344169895869e+01
   1.52421637000000e+08   5.49985145426035e-07   2.50304138330826e+01
   1.52821640000000e+08   2.01282750822429e-06   2.50224075200738e+01
   1.53221642000000e+08   1.42195926855493e-06   2.49343380769607e+01
   1.53621645000000e+08   1.30096111661260e-06   2.50384201460911e+01
   1.54021648000000e+08   2.14581586988061e-06   2.50264106765782e+01
   1.54421650000000e+08   5.45667319329368e-07   2.49823759550261e+01
   1.54821653000000e+08   2.03921558750153e-06   2.50344169895869e+01
   1.55221655000000e+08   1.82512997071171e-06   2.49903822680362e+01
   1.55621658000000e+08   1.60042486641032e-06   2.50504296156035e+01
   1.56021661000000e+08   2.48623518928071e-06   2.49423443899722e+01
   1.56421663000000e+08   8.93376920885203e-07   2.49863791115312e+01
   1.56821666000000e+08   2.11916426451353e-06   2.50464264590994e+01
   1.57221668000000e+08   1.76039156940533e-06   2.49423443899722e+01
   1.57621671000000e+08   1.47470939282357e-06   2.50023917375508e+01
   1.58021674000000e+08   2.31099625125353e-06   2.50344169895869e+01
   1.58421676000000e+08   8.70642907102592e-07   2.49903822680362e+01
   1.93515450000000e+08   2.38156318664551e-03   2.49823759550261e+01
   1.93915453000000e+08   9.48064723615971e-07   2.49543538594890e+01
   1.94315456000000e+08   1.89529293947999e-06   2.49423443899722e+01
   1.94715458000000e+08   1.36065136757679e-06   2.50864580241371e+01
   1.95115461000000e+08   2.12937129617785e-06   2.50704453981228e+01
   1.95515463000000e+08   9.92596937976487e-07   2.50704453981228e+01
   1.95915466000000e+08   9.63546767707157e-07   2.49983885810460e+01
   1.96315469000000e+08   1.74435626831837e-06   2.50023917375508e+01
   1.96715471000000e+08   1.15534282940644e-06   2.51384990586767e+01
   1.97115474000000e+08   2.01010084310838e-06   2.49983885810460e+01
   1.97515476000000e+08   1.25028680031392e-06   2.49783727985210e+01
   1.97915479000000e+08   9.54388383433979e-07   2.50103980505602e+01
   1.98315481000000e+08   1.82274345661426e-06   2.50224075200738e+01
   1.98715484000000e+08   1.35030666115199e-06   2.51144801196597e+01
   1.99115487000000e+08   2.33973992180836e-06   2.50544327721075e+01
   1.99515489000000e+08   1.45321723721281e-06   2.50264106765782e+01
   1.99915492000000e+08   1.31873628106405e-06   2.50544327721075e+01
   2.00315494000000e+08   2.41973089032399e-06   2.50424233025953e+01
   2.00715497000000e+08   1.52534369135537e-06   2.49423443899722e+01
   2.01115500000000e+08   2.13142243410402e-06   2.50624390851152e+01
   2.01515502000000e+08   1.28321232750750e-06   2.49223286074429e+01
   2.01915505000000e+08   1.31053093355149e-06   2.50624390851152e+01
   2.02315507000000e+08   2.07595803658478e-06   2.50384201460911e+01
   2.02715510000000e+08   1.36749986268114e-06   2.49823759550261e+01
   2.03115513000000e+08   2.16880494008365e-06   2.49703664855106e+01
