   4.00003000000000e+05   1.63486708970595e-06   2.50504296156035e+01
   8.00006000000000e+05   1.93535106518539e-06   2.49863791115312e+01
   1.20000800000000e+06   1.65471260515915e-06   2.49663633290053e+01
   1.60001100000000e+06   1.87521777661459e-06   2.50424233025953e+01
   2.00001300000000e+06   2.04457251129497e-06   2.51024706501504e+01
   2.40001600000000e+06   1.86879833563580e-06   2.50063948940555e+01
   2.80001900000000e+06   2.15490899790893e-06   2.49743696420159e+01
   3.20002100000000e+06   1.92798847820086e-06   2.50464264590994e+01
   3.60002400000000e+06   1.98360476133530e-06   2.50144012070648e+01
   4.00002600000000e+06   1.85561566468095e-06   2.50384201460911e+01
   4.40002900000000e+06   1.58148077389342e-06   2.50384201460911e+01
   4.80003200000000e+06   1.93359483091626e-06   2.49463475464779e+01
   5.20003400000000e+06   1.55193367845641e-06   2.50504296156035e+01
   5.60003700000000e+06   1.79902087893424e-06   2.51905400932058e+01
   6.00003900000000e+06   2.09164613806934e-06   2.49823759550261e+01
   6.40004200000000e+06   1.95615621123579e-06   2.49183254509368e+01
   6.80004500000000e+06   2.24282962335565e-06   2.50624390851152e+01
   7.20004700000000e+06   1.97758413378324e-06   2.50464264590994e+01
   7.60005000000000e+06   2.11152223528188e-06   2.50744485546264e+01
   8.00005200000000e+06   1.93577534446376e-06   2.50103980505602e+01
   8.40005500000000e+06   1.69200382060808e-06   2.49583570159945e+01
   8.80005800000000e+06   2.02247656488908e-06   2.49183254509368e+01
   9.20006000000000e+06   1.71193119058444e-06   2.50144012070648e+01
   9.60006300000000e+06   1.84102896128024e-06   2.50224075200738e+01
   4.23707660000000e+07  -2.07494944334030e-03   2.49863791115312e+01
   4.27707690000000e+07   2.35959259953233e-06   2.48782938858728e+01
   4.31707710000000e+07   2.57937267633679e-06   2.49823759550261e+01
   4.35707740000000e+07   1.69268992067373e-06   2.49903822680362e+01
   4.39707760000000e+07   2.69055999524426e-06   2.49663633290053e+01
   4.43707790000000e+07   1.01886689662933e-06   2.49903822680362e+01
   4.47707820000000e+07   1.92459492609487e-06   2.49383412334665e+01
   4.51707840000000e+07   1.90215166639973e-06   2.49183254509368e+01
   4.55707870000000e+07   1.34110143790167e-06   2.50504296156035e+01
   4.59707890000000e+07   2.41891416408180e-06   2.48943065118992e+01
   4.63707920000000e+07   9.90652210930421e-07   2.50344169895869e+01
   4.67707950000000e+07   1.67885605151241e-06   2.51224864326656e+01
   4.71707970000000e+07   1.85703117949743e-06   2.50584359286114e+01
   4.75708000000000e+07   1.23096253901167e-06   2.50664422416190e+01
   4.79708020000000e+07   2.30997602557181e-06   2.51064738066536e+01
   4.83708050000000e+07   7.66038283472881e-07   2.50864580241371e+01
   4.87708080000000e+07   1.80090137291700e-06   2.49503507029835e+01
   4.91708100000000e+07   1.64182267781143e-06   2.50464264590994e+01
   4.95708130000000e+07   1.11841416128300e-06   2.50224075200738e+01
   4.99708150000000e+07   1.80807262495364e-06   2.50063948940555e+01
   5.03708180000000e+07   4.78309118534526e-07   2.50704453981228e+01
   5.07708210000000e+07   1.28745068650460e-06   2.50304138330826e+01
   5.11708230000000e+07   1.20234290079679e-06   2.49583570159945e+01
   5.15708260000000e+07   7.98097005372256e-07   2.49143222944307e+01
   5.19708280000000e+07   1.96727637558070e-06   2.49063159814183e+01
   9.56161290000000e+07   4.66767512261868e-03   2.50304138330826e+01
   9.60161320000000e+07   2.61786385635787e-06   2.50063948940555e+01
   9.64161340000000e+07   6.59859665574913e-07   2.50384201460911e+01
   9.68161370000000e+07   1.99019154933922e-06   2.50103980505602e+01
   9.72161400000000e+07   2.87527609543758e-06   2.50784517111300e+01
   9.76161420000000e+07   1.02676256119594e-06   2.50664422416190e+01
   9.80161450000000e+07   2.81269285551389e-06   2.50063948940555e+01
   9.84161470000000e+07   1.02812100521987e-06   2.50824548676336e+01
   9.88161500000000e+07   2.39693827097653e-06   2.49903822680362e+01
   9.92161530000000e+07   3.23042854688538e-06   2.50224075200738e+01
   9.96161550000000e+07   1.35368543396908e-06   2.50023917375508e+01
   1.00016158000000e+08   2.58148634202371e-06   2.50063948940555e+01
   1.00416160000000e+08   8.58221369526291e-07   2.50184043635693e+01
   1.00816163000000e+08   2.04337561626744e-06   2.50224075200738e+01
   1.01216166000000e+08   2.87621719508024e-06   2.50864580241371e+01
   1.01616168000000e+08   1.00798047242279e-06   2.50984674936472e+01
   1.02016171000000e+08   2.39127825807373e-06   2.50864580241371e+01
   1.02416173000000e+08   7.94166112427774e-07   2.50063948940555e+01
   1.02816176000000e+08   1.92305674318050e-06   2.49943854245411e+01
   1.03216179000000e+08   2.59073658526177e-06   2.50504296156035e+01
   1.03616181000000e+08   9.15336499929253e-07   2.50864580241371e+01
   1.04016184000000e+08   1.93399569070607e-06   2.50704453981228e+01
   1.04416186000000e+08   2.66269381654638e-07   2.50224075200738e+01
   1.04816189000000e+08   1.43940269481391e-06   2.51184832761627e+01
   1.05216192000000e+08   2.00751946977107e-06   2.49903822680362e+01
   1.48794937000000e+08  -4.26697544753551e-03   2.50184043635693e+01
   1.49194939000000e+08   3.84615759685403e-06   2.49303349204548e+01
   1.49594942000000e+08   1.17517674880219e-06   2.50103980505602e+01
   1.49994944000000e+08   2.54226756624121e-06   2.49903822680362e+01
   1.50394947000000e+08   1.58215925694094e-06   2.50224075200738e+01
   1.50794950000000e+08   2.81433563031896e-06   2.49463475464779e+01
   1.51194952000000e+08   4.41600286649191e-06   2.50464264590994e+01
   1.51594955000000e+08   1.78336176759331e-06   2.50544327721075e+01
   1.51994957000000e+08   2.56922407970706e-06   2.50144012070648e+01
   1.52394960000000e+08   1.49308743857546e-06   2.50584359286114e+01
   1.52794963000000e+08   2.64987147602369e-06   2.49583570159945e+01
   1.53194965000000e+08   4.19162824982777e-06   2.49703664855106e+01
   1.53594968000000e+08   1.50083440075832e-06   2.50063948940555e+01
   1.53994970000000e+08   2.10058760785614e-06   2.51264895891685e+01
   1.54394973000000e+08   9.16091266844887e-07   2.50264106765782e+01
   1.54794976000000e+08   2.09208042178943e-06   2.49823759550261e+01
   1.55194978000000e+08   3.41621762345312e-06   2.50184043635693e+01
   1.55594981000000e+08   9.11986035134760e-07   2.50023917375508e+01
   1.55994983000000e+08   1.54221993398096e-06   2.50344169895869e+01
   1.56394986000000e+08   3.64313990530718e-07   2.50464264590994e+01
   1.56794989000000e+08   1.61963350819860e-06   2.49863791115312e+01
   1.57194991000000e+08   2.64764094026759e-06   2.50103980505602e+01
   1.57594994000000e+08   4.77058790693263e-07   2.49583570159945e+01
   1.57994996000000e+08   1.33326261675393e-06   2.50344169895869e+01
   1.58394999000000e+08   2.68461775476680e-07   2.50023917375508e+01
   1.93492361000000e+08   2.39266292192042e-03   2.50264106765782e+01
   1.93892363000000e+08   2.10366215469548e-06   2.51184832761627e+01
   1.94292366000000e+08   2.88379601443012e-06   2.49743696420159e+01
   1.94692369000000e+08   9.24207597563509e-07   2.51384990586767e+01
   1.95092371000000e+08   1.91841581909102e-06   2.50784517111300e+01
   1.95492374000000e+08   1.06888671780325e-06   2.50704453981228e+01
   1.95892376000000e+08   2.38975508182193e-06   2.50624390851152e+01
   1.96292379000000e+08   3.22144182973716e-06   2.50304138330826e+01
   1.96692382000000e+08   1.42791361668060e-06   2.49703664855106e+01
   1.97092384000000e+08   2.35295101447264e-06   2.50144012070648e+01
   1.97492387000000e+08   1.61690354616439e-06   2.50624390851152e+01
   1.97892389000000e+08   1.88592741778848e-06   2.50063948940555e+01
   1.98292392000000e+08   2.31150147556036e-06   2.49663633290053e+01
   1.98692395000000e+08   6.44549004391592e-07   2.51184832761627e+01
   1.99092397000000e+08   1.53705923366942e-06   2.51144801196597e+01
   1.99492400000000e+08   8.19962281184416e-07   2.49023128249120e+01
   1.99892402000000e+08   1.69349698353471e-06   2.49743696420159e+01
   2.00292405000000e+08   2.41786506194330e-06   2.50304138330826e+01
   2.00692408000000e+08   7.72064140619477e-07   2.50103980505602e+01
   2.01092410000000e+08   1.67107100423891e-06   2.49823759550261e+01
   2.01492413000000e+08   9.61145133260288e-07   2.49903822680362e+01
   2.01892415000000e+08   2.10209304896125e-06   2.50184043635693e+01
   2.02292418000000e+08   2.61385707744921e-06   2.49143222944307e+01
   2.02692421000000e+08   1.15601392280951e-06   2.50103980505602e+01
   2.03092423000000e+08   2.03869080905861e-06   2.50864580241371e+01
