   4.00002000000000e+05   1.67137227435887e-06   2.50144012070648e+01
   8.00005000000000e+05   1.64550988301926e-06   2.50944643371439e+01
   1.20000800000000e+06   1.66426946179854e-06   2.49863791115312e+01
   1.60001000000000e+06   1.77714196070156e-06   2.50304138330826e+01
   2.00001300000000e+06   1.66951451774366e-06   2.49143222944307e+01
   2.40001600000000e+06   1.91713411368255e-06   2.48983096684056e+01
   2.80001800000000e+06   1.91250137504539e-06   2.49303349204548e+01
   3.20002100000000e+06   1.80507731784019e-06   2.49663633290053e+01
   3.60002300000000e+06   1.82227472578234e-06   2.49383412334665e+01
   4.00002600000000e+06   1.77012259428011e-06   2.49783727985210e+01
   4.40002900000000e+06   1.92090419659507e-06   2.49903822680362e+01
   4.80003100000000e+06   1.72203647252900e-06   2.50264106765782e+01
   5.20003400000000e+06   1.70291525591892e-06   2.49623601725000e+01
   5.60003600000000e+06   1.96422593035095e-06   2.49903822680362e+01
   6.00003900000000e+06   1.74707543010300e-06   2.50784517111300e+01
   6.40004200000000e+06   1.89783372661623e-06   2.51104769631567e+01
   6.80004400000000e+06   1.79530377408810e-06   2.50944643371439e+01
   7.20004700000000e+06   1.88574585990864e-06   2.49983885810460e+01
   7.60005000000000e+06   1.95194229490880e-06   2.50784517111300e+01
   8.00005200000000e+06   1.62108835866093e-06   2.51465053716819e+01
   8.40005500000000e+06   1.92007109944825e-06   2.50664422416190e+01
   8.80005700000000e+06   1.78087964286533e-06   2.50904611806405e+01
   9.20006000000000e+06   1.74937486008275e-06   2.50864580241371e+01
   9.60006300000000e+06   1.83887834737106e-06   2.50424233025953e+01
   4.27676270000000e+07   2.34284996986389e-03   2.50624390851152e+01
   4.31676290000000e+07   2.54029146162793e-06   2.49703664855106e+01
   4.35676320000000e+07   3.22562686960737e-06   2.50624390851152e+01
   4.39676350000000e+07   2.76753553407616e-06   2.50304138330826e+01
   4.43676370000000e+07  -1.19652418106853e-06   2.50984674936472e+01
   4.47676400000000e+07   1.40107113111299e-06   2.50504296156035e+01
   4.51676420000000e+07   2.72814372692665e-06   2.50544327721075e+01
   4.55676450000000e+07   2.96150119538652e-06   2.50464264590994e+01
   4.59676480000000e+07   2.21482173401455e-06   2.50384201460911e+01
   4.63676500000000e+07  -7.11697907718190e-07   2.49423443899722e+01
   4.67676530000000e+07   2.28767999033153e-06   2.49583570159945e+01
   4.71676550000000e+07   3.20944559462077e-06   2.50144012070648e+01
   4.75676580000000e+07   2.92529898615612e-06   2.49383412334665e+01
   4.79676610000000e+07   1.81656105269212e-06   2.49463475464779e+01
   4.83676630000000e+07  -2.70631090870666e-07   2.49183254509368e+01
   4.87676660000000e+07   2.98224040307105e-06   2.48502717903243e+01
   4.91676690000000e+07   3.29121598952042e-06   2.49743696420159e+01
   4.95676710000000e+07   2.73365344582999e-06   2.49583570159945e+01
   4.99676740000000e+07   1.58946897954593e-06   2.48742907293661e+01
   5.03676760000000e+07   3.13166623300276e-07   2.50384201460911e+01
   5.07676790000000e+07   3.62185983249219e-06   2.50144012070648e+01
   5.11676820000000e+07   3.30318403030105e-06   2.50344169895869e+01
   5.15676840000000e+07   2.54754354500619e-06   2.50224075200738e+01
   5.19676870000000e+07   1.22964172533102e-06   2.49823759550261e+01
   5.23676890000000e+07   7.38816140710696e-07   2.51104769631567e+01
   9.55351890000000e+07  -4.19254973530769e-03   2.50704453981228e+01
   9.59351910000000e+07   1.03217496416619e-06   2.50304138330826e+01
   9.63351940000000e+07   1.54636347815540e-06   2.50904611806405e+01
   9.67351970000000e+07   1.47537582506629e-06   2.50063948940555e+01
   9.71351990000000e+07   2.11545716410910e-06   2.51224864326656e+01
   9.75352020000000e+07   2.38455754697497e-06   2.50264106765782e+01
   9.79352050000000e+07   9.78553089225898e-07   2.50023917375508e+01
   9.83352070000000e+07   1.72044542523508e-06   2.49943854245411e+01
   9.87352100000000e+07   1.51731887854112e-06   2.49543538594890e+01
   9.91352120000000e+07   2.34001799981343e-06   2.49263317639489e+01
   9.95352150000000e+07   2.16347575587861e-06   2.49943854245411e+01
   9.99352180000000e+07   1.00135525826772e-06   2.49183254509368e+01
   1.00335220000000e+08   1.79283244960970e-06   2.48582781033385e+01
   1.00735223000000e+08   1.81485052053176e-06   2.49103191379245e+01
   1.01135225000000e+08   2.26643601308751e-06   2.49903822680362e+01
   1.01535228000000e+08   1.94346239368315e-06   2.49143222944307e+01
   1.01935231000000e+08   1.20934259939531e-06   2.50424233025953e+01
   1.02335233000000e+08   2.29792317441024e-06   2.50784517111300e+01
   1.02735236000000e+08   2.03674471777049e-06   2.50264106765782e+01
   1.03135239000000e+08   2.55926352110691e-06   2.50464264590994e+01
   1.03535241000000e+08   2.11414226214401e-06   2.50784517111300e+01
   1.03935244000000e+08   1.21890400350821e-06   2.50864580241371e+01
   1.04335246000000e+08   2.05935157282511e-06   2.50464264590994e+01
   1.04735249000000e+08   1.89070453870954e-06   2.50424233025953e+01
   1.05135252000000e+08   2.27734494728793e-06   2.50704453981228e+01
   1.49244370000000e+08   4.59557492285967e-03   2.50344169895869e+01
   1.49644372000000e+08   1.73052671925689e-06   2.49383412334665e+01
   1.50044375000000e+08   2.72058605332859e-06   2.50384201460911e+01
   1.50444378000000e+08   1.94637050299207e-06   2.50584359286114e+01
   1.50844380000000e+08   1.97758390640956e-06   2.50384201460911e+01
   1.51244383000000e+08   2.13616181099496e-06   2.49543538594890e+01
   1.51644385000000e+08   1.91125059245678e-06   2.50384201460911e+01
   1.52044388000000e+08   2.49330764745537e-06   2.49703664855106e+01
   1.52444391000000e+08   1.48792116760887e-06   2.47101613125353e+01
   1.52844393000000e+08   1.65755614034424e-06   2.56348904645280e+01
   1.53244396000000e+08   1.80030804131093e-06   2.52265685017198e+01
   1.53644398000000e+08   1.81400901055895e-06   2.46661265909285e+01
   1.54044401000000e+08   2.17734418583859e-06   2.45980729302484e+01
   1.54444404000000e+08   1.29394038594910e-06   2.50984674936472e+01
   1.54844406000000e+08   1.63425988830568e-06   2.51184832761627e+01
   1.55244409000000e+08   1.64899984156364e-06   2.48662844163524e+01
   1.55644412000000e+08   1.74338254055328e-06   2.47061581560259e+01
   1.56044414000000e+08   2.18513014260679e-06   2.49943854245411e+01
   1.56444417000000e+08   1.27182079268096e-06   2.49583570159945e+01
   1.56844419000000e+08   1.61620891958592e-06   2.50144012070648e+01
   1.57244422000000e+08   1.64884158948553e-06   2.50224075200738e+01
   1.57644425000000e+08   1.93445839613560e-06   2.50864580241371e+01
   1.58044427000000e+08   2.00143472284253e-06   2.50184043635693e+01
   1.58444430000000e+08   1.32221737203508e-06   2.51785306237000e+01
   1.58844432000000e+08   1.82255598701886e-06   2.49503507029835e+01
   1.94338199000000e+08  -2.03492515720427e-03   2.49703664855106e+01
   1.94738201000000e+08   2.29904935622471e-06   2.50624390851152e+01
   1.95138204000000e+08   3.40023760259101e-08   2.49583570159945e+01
   1.95538206000000e+08   1.84781072221085e-06   2.50264106765782e+01
   1.95938209000000e+08   1.72226043559931e-06   2.51064738066536e+01
   1.96338212000000e+08   2.94951360046980e-06   2.50704453981228e+01
   1.96738214000000e+08   2.12960503631621e-06   2.50344169895869e+01
   1.97138217000000e+08   4.02225225570874e-07   2.51264895891685e+01
   1.97538219000000e+08   2.31923013416235e-06   2.50704453981228e+01
   1.97938222000000e+08   2.02519572667370e-06   2.51144801196597e+01
   1.98338225000000e+08   3.01285967907461e-06   2.50264106765782e+01
   1.98738227000000e+08   2.03588501790364e-06   2.50224075200738e+01
   1.99138230000000e+08   7.01122985447000e-07   2.50824548676336e+01
   1.99538233000000e+08   2.76039941127237e-06   2.50424233025953e+01
   1.99938235000000e+08   1.93058417607972e-06   2.51184832761627e+01
   2.00338238000000e+08   2.68142116510717e-06   2.50384201460911e+01
   2.00738240000000e+08   1.44815942348941e-06   2.50984674936472e+01
   2.01138243000000e+08   6.91569255195645e-07   2.50824548676336e+01
   2.01538246000000e+08   2.67694076683256e-06   2.50184043635693e+01
   2.01938248000000e+08   2.06806566893647e-06   2.50584359286114e+01
   2.02338251000000e+08   2.83880422102811e-06   2.50664422416190e+01
   2.02738254000000e+08   1.52705024447641e-06   2.49743696420159e+01
   2.03138256000000e+08   1.33084256503935e-06   2.50304138330826e+01
   2.03538259000000e+08   3.08172548102448e-06   2.50904611806405e+01
   2.03938261000000e+08   2.17643764699460e-06   2.49783727985210e+01
