   4.00002000000000e+05   1.68679218859324e-06   2.50384201460911e+01
   8.00005000000000e+05   1.61658863362391e-06   2.50504296156035e+01
   1.20000800000000e+06   1.49002153193578e-06   2.49903822680362e+01
   1.60001000000000e+06   1.82928692993301e-06   2.50304138330826e+01
   2.00001300000000e+06   1.70626719864231e-06   2.50103980505602e+01
   2.40001500000000e+06   1.79510209363798e-06   2.50103980505602e+01
   2.80001800000000e+06   1.86684280834015e-06   2.51184832761627e+01
   3.20002100000000e+06   1.64080961440050e-06   2.50704453981228e+01
   3.60002300000000e+06   2.03399372367130e-06   2.49263317639489e+01
   4.00002600000000e+06   1.62482604082470e-06   2.50184043635693e+01
   4.40002800000000e+06   1.94827202903980e-06   2.49663633290053e+01
   4.80003100000000e+06   1.80799145255151e-06   2.49383412334665e+01
   5.20003400000000e+06   1.81683810751565e-06   2.50224075200738e+01
   5.60003600000000e+06   1.95448910744744e-06   2.50304138330826e+01
   6.00003900000000e+06   1.74828221588541e-06   2.50023917375508e+01
   6.40004100000000e+06   1.91387357517669e-06   2.50304138330826e+01
   6.80004400000000e+06   1.91857702702691e-06   2.49823759550261e+01
   7.20004700000000e+06   1.69612269473873e-06   2.50584359286114e+01
   7.60004900000000e+06   2.07519588002469e-06   2.50184043635693e+01
   8.00005200000000e+06   1.50783728258830e-06   2.49983885810460e+01
   8.40005400000000e+06   1.94098788597330e-06   2.49623601725000e+01
   8.80005700000000e+06   1.67580083143548e-06   2.49823759550261e+01
   9.20006000000000e+06   1.70155306022934e-06   2.50864580241371e+01
   9.60006200000000e+06   1.74668741692585e-06   2.49983885810460e+01
   4.21479500000000e+07  -2.04032449983060e-03   2.49543538594890e+01
   4.25479530000000e+07   9.96186713564384e-07   2.50744485546264e+01
   4.29479550000000e+07   1.20871334274852e-06   2.45140066435005e+01
   4.33479580000000e+07   2.40137001128460e-06   2.52826126927315e+01
   4.37479610000000e+07   2.92844924842939e-06   2.52145590322157e+01
   4.41479630000000e+07   1.20504944334243e-06   2.49303349204548e+01
   4.45479660000000e+07   8.38102209854696e-07   2.50744485546264e+01
   4.49479680000000e+07   1.38694940687856e-06   2.51104769631567e+01
   4.53479710000000e+07   2.40130657402915e-06   2.48943065118992e+01
   4.57479740000000e+07   2.63970741798403e-06   2.50664422416190e+01
   4.61479760000000e+07   7.63041157370026e-07   2.51304927456713e+01
   4.65479790000000e+07   9.04964281289722e-07   2.55428178651272e+01
   4.69479810000000e+07   1.81055929715512e-06   2.49623601725000e+01
   4.73479840000000e+07   2.55425652539998e-06   2.48062370687418e+01
   4.77479870000000e+07   2.30848149840313e-06   2.45500350521102e+01
   4.81479890000000e+07   7.44351268622268e-07   2.50824548676336e+01
   4.85479920000000e+07   1.41340103709808e-06   2.47982307557260e+01
   4.89479940000000e+07   2.39980795413430e-06   2.53266474142322e+01
   4.93479970000000e+07   2.45928140429896e-06   2.48142433817574e+01
   4.97480000000000e+07   1.86304703220230e-06   2.52105558757142e+01
   5.01480020000000e+07   5.52372625861608e-07   2.54667578916847e+01
   5.05480050000000e+07   1.66302334037027e-06   2.48422654773099e+01
   5.09480070000000e+07   2.20469223677355e-06   2.50544327721075e+01
   5.13480100000000e+07   2.30961268243846e-06   2.50144012070648e+01
   5.17480130000000e+07   1.46594493344310e-06   2.49623601725000e+01
   9.51692560000000e+07   4.57987608388066e-03   2.49663633290053e+01
   9.55692590000000e+07  -2.92815627744858e-07   2.49303349204548e+01
   9.59692620000000e+07   4.72460760647664e-06   2.49383412334665e+01
   9.63692640000000e+07   9.34893137127801e-07   2.48943065118992e+01
   9.67692670000000e+07   2.14567398870713e-06   2.49703664855106e+01
   9.71692690000000e+07   1.96378186956281e-06   2.49703664855106e+01
   9.75692720000000e+07   3.04630930259009e-07   2.49143222944307e+01
   9.79692750000000e+07   4.44337820226792e-06   2.50103980505602e+01
   9.83692770000000e+07   4.08085782055423e-07   2.50464264590994e+01
   9.87692800000000e+07   1.97198687601485e-06   2.50264106765782e+01
   9.91692820000000e+07   1.61497723638604e-06   2.51064738066536e+01
   9.95692850000000e+07   8.17259433461004e-07   2.50824548676336e+01
   9.99692880000000e+07   4.32683509643539e-06   2.50544327721075e+01
   1.00369290000000e+08   3.86802980756329e-07   2.51425022151793e+01
   1.00769293000000e+08   2.30284558710991e-06   2.51465053716819e+01
   1.01169295000000e+08   1.64435755323211e-06   2.50504296156035e+01
   1.01569298000000e+08   1.31246736145840e-06   2.50224075200738e+01
   1.01969301000000e+08   3.90858440368902e-06   2.51264895891685e+01
   1.02369303000000e+08  -6.65801138666211e-08   2.50144012070648e+01
   1.02769306000000e+08   2.19615685637109e-06   2.50344169895869e+01
   1.03169308000000e+08   1.48229162277858e-06   2.50224075200738e+01
   1.03569311000000e+08   1.45120702654822e-06   2.50103980505602e+01
   1.03969314000000e+08   3.39986581820995e-06   2.50264106765782e+01
   1.04369316000000e+08  -2.28029094273552e-07   2.48863001988861e+01
   1.04769319000000e+08   2.42364444602572e-06   2.49943854245411e+01
   1.48152125000000e+08  -4.18027490377426e-03   2.51104769631567e+01
   1.48552127000000e+08   3.04281638818793e-06   2.50504296156035e+01
   1.48952130000000e+08   1.78554296326183e-06   2.51625179976914e+01
   1.49352133000000e+08   1.41658813390677e-06   2.50063948940555e+01
   1.49752135000000e+08   1.51542451476416e-06   2.49703664855106e+01
   1.50152138000000e+08   1.33190053475118e-06   2.50023917375508e+01
   1.50552140000000e+08   3.08285029859690e-06   2.50464264590994e+01
   1.50952143000000e+08   1.51835536144063e-06   2.50704453981228e+01
   1.51352146000000e+08   1.35408174628537e-06   2.49503507029835e+01
   1.51752148000000e+08   1.55899670062354e-06   2.49823759550261e+01
   1.52152151000000e+08   1.54980511979375e-06   2.49583570159945e+01
   1.52552153000000e+08   2.98407007903734e-06   2.50824548676336e+01
   1.52952156000000e+08   1.13456314920768e-06   2.50984674936472e+01
   1.53352159000000e+08   1.33951891712059e-06   2.50504296156035e+01
   1.53752161000000e+08   1.68411770573584e-06   2.51465053716819e+01
   1.54152164000000e+08   1.71780015989498e-06   2.49183254509368e+01
   1.54552166000000e+08   2.66514484792424e-06   2.49983885810460e+01
   1.54952169000000e+08   7.82574772983935e-07   2.50624390851152e+01
   1.55352172000000e+08   1.47272965023149e-06   2.50023917375508e+01
   1.55752174000000e+08   1.69668987837213e-06   2.51024706501504e+01
   1.56152177000000e+08   1.72313878010755e-06   2.50224075200738e+01
   1.56552179000000e+08   2.29166266763059e-06   2.50864580241371e+01
   1.56952182000000e+08   6.07250058237696e-07   2.50424233025953e+01
   1.57352185000000e+08   1.59523688125773e-06   2.49863791115312e+01
   1.57752187000000e+08   1.90441414815723e-06   2.50464264590994e+01
   1.92767347000000e+08   2.35224980860949e-03   2.50664422416190e+01
   1.93167349000000e+08   1.73111322965269e-06   2.50584359286114e+01
   1.93567352000000e+08   9.78584580479946e-07   2.50264106765782e+01
   1.93967355000000e+08   4.03055173592293e-06   2.50624390851152e+01
   1.94367357000000e+08   9.95641471490671e-07   2.50464264590994e+01
   1.94767360000000e+08   1.86160855264461e-06   2.49983885810460e+01
   1.95167363000000e+08   1.71579188190663e-06   2.51465053716819e+01
   1.95567365000000e+08   1.34910783344822e-06   2.50504296156035e+01
   1.95967368000000e+08   3.81934205506695e-06   2.51104769631567e+01
   1.96367370000000e+08   5.68822258628643e-07   2.51144801196597e+01
   1.96767373000000e+08   1.88533385880874e-06   2.50184043635693e+01
   1.97167376000000e+08   1.74367403360520e-06   2.49343380769607e+01
   1.97567378000000e+08   1.66713186899869e-06   2.50824548676336e+01
   1.97967381000000e+08   3.30862667397014e-06   2.51545116846868e+01
   1.98367383000000e+08   3.07834739032842e-07   2.50224075200738e+01
   1.98767386000000e+08   2.03516924557334e-06   2.50544327721075e+01
   1.99167389000000e+08   1.67991106536647e-06   2.53186411012327e+01
   1.99567391000000e+08   1.75870877683337e-06   2.51264895891685e+01
   1.99967394000000e+08   2.90952539216960e-06   2.50664422416190e+01
   2.00367396000000e+08  -5.17115594789175e-09   2.49703664855106e+01
   2.00767399000000e+08   2.02664955395448e-06   2.50904611806405e+01
   2.01167402000000e+08   1.53121504808951e-06   2.50744485546264e+01
   2.01567404000000e+08   1.93006371773663e-06   2.50464264590994e+01
   2.01967407000000e+08   2.49005870500696e-06   2.50544327721075e+01
   2.02367409000000e+08   7.93348036154384e-08   2.51104769631567e+01
