   4.00002000000000e+05   1.84306168193871e-06   2.50184043635693e+01
   8.00005000000000e+05   1.82150120053848e-06   2.50544327721075e+01
   1.20000800000000e+06   1.88692320080008e-06   2.50103980505602e+01
   1.60001000000000e+06   1.82365306500287e-06   2.51785306237000e+01
   2.00001300000000e+06   1.74705951394571e-06   2.51985464062093e+01
   2.40001500000000e+06   2.01190505322302e-06   2.50944643371439e+01
   2.80001800000000e+06   1.60801937454380e-06   2.50704453981228e+01
   3.20002000000000e+06   2.04121124625090e-06   2.51425022151793e+01
   3.60002300000000e+06   1.59728074322629e-06   2.50704453981228e+01
   4.00002600000000e+06   1.74162630628416e-06   2.51344959021740e+01
   4.40002800000000e+06   1.74702154254192e-06   2.50984674936472e+01
   4.80003100000000e+06   1.63768254424213e-06   2.51825337802020e+01
   5.20003300000000e+06   1.74860701918078e-06   2.50624390851152e+01
   5.60003600000000e+06   1.36813366680144e-06   2.51024706501504e+01
   6.00003900000000e+06   1.25132032735564e-06   2.50264106765782e+01
   6.40004100000000e+06   1.31808315018134e-06   2.50624390851152e+01
   6.80004400000000e+06   1.09504821921291e-06   2.50224075200738e+01
   7.20004600000000e+06   1.29739794374473e-06   2.49543538594890e+01
   7.60004900000000e+06   1.51423807892570e-06   2.50184043635693e+01
   8.00005200000000e+06   1.73475166320713e-06   2.51104769631567e+01
   8.40005400000000e+06   1.81482664629584e-06   2.49303349204548e+01
   8.80005700000000e+06   1.61288153321948e-06   2.50264106765782e+01
   9.20005900000000e+06   1.80406982508430e-06   2.51064738066536e+01
   9.60006200000000e+06   1.68419092005934e-06   2.51465053716819e+01
   4.23473460000000e+07   2.37332493998110e-03   2.50144012070648e+01
   4.27473490000000e+07   1.99288888325100e-06   2.49703664855106e+01
   4.31473520000000e+07   2.03259060072014e-06   2.49743696420159e+01
   4.35473540000000e+07   2.16319153878430e-06   2.50103980505602e+01
   4.39473570000000e+07   1.71353281075426e-06   2.50984674936472e+01
   4.43473590000000e+07   1.50324501646537e-06   2.49663633290053e+01
   4.47473620000000e+07   1.41759221605753e-06   2.50144012070648e+01
   4.51473650000000e+07   1.48111109865567e-06   2.50144012070648e+01
   4.55473670000000e+07   1.97470922103093e-06   2.50464264590994e+01
   4.59473700000000e+07   1.50224514072761e-06   2.49623601725000e+01
   4.63473720000000e+07   1.44131888646370e-06   2.50304138330826e+01
   4.67473750000000e+07   1.48142078160163e-06   2.50944643371439e+01
   4.71473780000000e+07   1.54589622525236e-06   2.49463475464779e+01
   4.75473800000000e+07   1.68957899404631e-06   2.49863791115312e+01
   4.79473830000000e+07   1.41563918987231e-06   2.49903822680362e+01
   4.83473850000000e+07   1.40678776006098e-06   2.51184832761627e+01
   4.87473880000000e+07   1.40847794227739e-06   2.49303349204548e+01
   4.91473910000000e+07   1.32331535951380e-06   2.50424233025953e+01
   4.95473930000000e+07   1.77226343112125e-06   2.49703664855106e+01
   4.99473960000000e+07   1.59690443979343e-06   2.50544327721075e+01
   5.03473980000000e+07   1.50034304624569e-06   2.49583570159945e+01
   5.07474010000000e+07   1.45061608236574e-06   2.49783727985210e+01
   5.11474040000000e+07   1.66684390023875e-06   2.50424233025953e+01
   5.15474060000000e+07   1.92977904589497e-06   2.49743696420159e+01
   5.19474090000000e+07   1.84719897333707e-06   2.49143222944307e+01
   9.56154740000000e+07  -4.23515029251575e-03   2.49903822680362e+01
   9.60154770000000e+07   3.28191345033702e-06   2.50144012070648e+01
   9.64154790000000e+07   3.12746578856604e-07   2.49783727985210e+01
   9.68154820000000e+07   2.52817108048475e-06   2.49583570159945e+01
   9.72154840000000e+07   4.01685667839047e-07   2.49823759550261e+01
   9.76154870000000e+07   2.04640559786640e-06   2.50824548676336e+01
   9.80154900000000e+07   2.90096386379446e-06   2.49703664855106e+01
   9.84154920000000e+07   1.74394223506624e-08   2.49903822680362e+01
   9.88154950000000e+07   2.20447486753983e-06   2.50424233025953e+01
   9.92154970000000e+07   2.87251708641634e-07   2.49503507029835e+01
   9.96155000000000e+07   2.07752282221918e-06   2.49823759550261e+01
   1.00015503000000e+08   2.71715862254496e-06   2.49703664855106e+01
   1.00415505000000e+08   1.13659680778255e-07   2.49783727985210e+01
   1.00815508000000e+08   2.36077016779745e-06   2.51024706501504e+01
   1.01215510000000e+08   3.71151742228903e-07   2.50384201460911e+01
   1.01615513000000e+08   2.32481397688389e-06   2.50144012070648e+01
   1.02015516000000e+08   2.73675368589466e-06   2.49383412334665e+01
   1.02415518000000e+08   3.41432695449839e-07   2.50784517111300e+01
   1.02815521000000e+08   2.35957827499078e-06   2.50464264590994e+01
   1.03215523000000e+08   7.31971510958829e-07   2.49583570159945e+01
   1.03615526000000e+08   2.65191920334473e-06   2.49943854245411e+01
   1.04015529000000e+08   2.90977845907037e-06   2.49543538594890e+01
   1.04415531000000e+08   6.83384314470459e-07   2.49983885810460e+01
   1.04815534000000e+08   2.83918370769243e-06   2.49543538594890e+01
   1.05215536000000e+08   1.09532550141012e-06   2.50063948940555e+01
   1.48682388000000e+08   4.63869981467724e-03   2.50464264590994e+01
   1.49082391000000e+08   2.15533123082423e-06   2.49983885810460e+01
   1.49482394000000e+08   3.15769693770562e-06   2.49543538594890e+01
   1.49882396000000e+08   1.31830279315182e-06   2.49663633290053e+01
   1.50282399000000e+08   1.34148024244496e-06   2.50584359286114e+01
   1.50682401000000e+08   1.05296635410923e-06   2.49663633290053e+01
   1.51082404000000e+08   2.21982759285311e-06   2.50264106765782e+01
   1.51482406000000e+08   2.98246641250444e-06   2.49663633290053e+01
   1.51882409000000e+08   1.30184355384699e-06   2.50103980505602e+01
   1.52282412000000e+08   1.41966529554338e-06   2.50023917375508e+01
   1.52682414000000e+08   1.32673619646084e-06   2.49503507029835e+01
   1.53082417000000e+08   2.18358673009789e-06   2.50784517111300e+01
   1.53482419000000e+08   2.89086119664717e-06   2.49103191379245e+01
   1.53882422000000e+08   1.42440671879740e-06   2.50063948940555e+01
   1.54282425000000e+08   1.52820791754493e-06   2.50264106765782e+01
   1.54682427000000e+08   1.44164971516147e-06   2.49863791115312e+01
   1.55082430000000e+08   2.42700912167493e-06   2.50103980505602e+01
   1.55482432000000e+08   2.78360835181957e-06   2.50344169895869e+01
   1.55882435000000e+08   1.25275437312666e-06   2.50224075200738e+01
   1.56282438000000e+08   1.33269622892840e-06   2.50504296156035e+01
   1.56682440000000e+08   1.42030182814779e-06   2.49863791115312e+01
   1.57082443000000e+08   2.09976997211925e-06   2.49703664855106e+01
   1.57482445000000e+08   2.50995958595013e-06   2.49823759550261e+01
   1.57882448000000e+08   8.42998417738272e-07   2.50344169895869e+01
   1.58282451000000e+08   1.19137553156179e-06   2.50184043635693e+01
   1.93243624000000e+08  -2.05882475711405e-03   2.50544327721075e+01
   1.93643627000000e+08   1.16677097139473e-06   2.49743696420159e+01
   1.94043629000000e+08   2.00789895643538e-06   2.50063948940555e+01
   1.94443632000000e+08   2.06188587981160e-06   2.51384990586767e+01
   1.94843635000000e+08   7.16971555903001e-07   2.50224075200738e+01
   1.95243637000000e+08   1.34661058837082e-06   2.51224864326656e+01
   1.95643640000000e+08   1.15873717732029e-06   2.49463475464779e+01
   1.96043642000000e+08   1.93925188796129e-06   2.50384201460911e+01
   1.96443645000000e+08   2.07580023925402e-06   2.50344169895869e+01
   1.96843648000000e+08   6.23548487510561e-07   2.50144012070648e+01
   1.97243650000000e+08   1.44120679124171e-06   2.50824548676336e+01
   1.97643653000000e+08   1.76918365468737e-06   2.50784517111300e+01
   1.98043655000000e+08   2.67036011791788e-06   2.48742907293661e+01
   1.98443658000000e+08   2.51679875873378e-06   2.50544327721075e+01
   1.98843661000000e+08   1.42295243676926e-06   2.50504296156035e+01
   1.99243663000000e+08   2.25451321966830e-06   2.49943854245411e+01
   1.99643666000000e+08   1.80277629624470e-06   2.49543538594890e+01
   2.00043668000000e+08   2.37486347032245e-06   2.50424233025953e+01
   2.00443671000000e+08   2.35852280638937e-06   2.50544327721075e+01
   2.00843673000000e+08   1.21614834824868e-06   2.51184832761627e+01
   2.01243676000000e+08   1.93585788110795e-06   2.50464264590994e+01
   2.01643679000000e+08   1.42976364259084e-06   2.49703664855106e+01
   2.02043681000000e+08   2.07484799830127e-06   2.49823759550261e+01
   2.02443684000000e+08   1.75581669736857e-06   2.50063948940555e+01
   2.02843686000000e+08   7.94644620327745e-07   2.49823759550261e+01
