   4.00003000000000e+05   1.53681537540251e-06   2.51024706501504e+01
   8.00005000000000e+05   1.91600361176825e-06   2.52385779712233e+01
   1.20000800000000e+06   1.73402679592982e-06   2.48662844163524e+01
   1.60001000000000e+06   1.83458450919716e-06   2.49263317639489e+01
   2.00001300000000e+06   1.81681195954297e-06   2.50023917375508e+01
   2.40001600000000e+06   1.74496199178975e-06   2.49783727985210e+01
   2.80001800000000e+06   1.92794186659739e-06   2.49823759550261e+01
   3.20002100000000e+06   1.80141717009974e-06   2.49063159814183e+01
   3.60002300000000e+06   1.81465793502866e-06   2.49703664855106e+01
   4.00002600000000e+06   1.86269528512639e-06   2.48582781033385e+01
   4.40002900000000e+06   1.83848567303357e-06   2.50264106765782e+01
   4.80003100000000e+06   1.92085576600221e-06   2.50584359286114e+01
   5.20003400000000e+06   1.75723675965855e-06   2.50144012070648e+01
   5.60003600000000e+06   1.93656387637020e-06   2.49823759550261e+01
   6.00003900000000e+06   1.83736028702697e-06   2.51425022151793e+01
   6.40004200000000e+06   1.82285987193609e-06   2.51024706501504e+01
   6.80004400000000e+06   1.90157743418240e-06   2.50784517111300e+01
   7.20004700000000e+06   1.80549045580847e-06   2.49943854245411e+01
   7.60004900000000e+06   1.92893435269070e-06   2.51184832761627e+01
   8.00005200000000e+06   1.79395613031375e-06   2.50944643371439e+01
   8.40005500000000e+06   1.89003912964836e-06   2.50264106765782e+01
   8.80005700000000e+06   1.91544927474752e-06   2.49663633290053e+01
   9.20006000000000e+06   1.75291188497795e-06   2.50544327721075e+01
   9.60006200000000e+06   1.90430375823780e-06   2.50063948940555e+01
   4.22285090000000e+07  -2.03939946368337e-03   2.51024706501504e+01
   4.26285120000000e+07   4.40439492876976e-07   2.49823759550261e+01
   4.30285140000000e+07   1.47781634041166e-06   2.49823759550261e+01
   4.34285170000000e+07   2.30912382903625e-06   2.50184043635693e+01
   4.38285200000000e+07   3.03329488815507e-06   2.50344169895869e+01
   4.42285220000000e+07   2.03101035367581e-06   2.49863791115312e+01
   4.46285250000000e+07   3.14334727136156e-07   2.49783727985210e+01
   4.50285270000000e+07   1.64921084433445e-06   2.50344169895869e+01
   4.54285300000000e+07   2.41936709244328e-06   2.51184832761627e+01
   4.58285330000000e+07   2.67192922365211e-06   2.50504296156035e+01
   4.62285350000000e+07   1.34338552015834e-06   2.50944643371439e+01
   4.66285380000000e+07  -3.66854902011937e-09   2.50824548676336e+01
   4.70285400000000e+07   1.74809224517958e-06   2.50344169895869e+01
   4.74285430000000e+07   2.11519613912969e-06   2.50584359286114e+01
   4.78285460000000e+07   1.93334790310473e-06   2.50704453981228e+01
   4.82285480000000e+07   8.83932727901993e-07   2.50464264590994e+01
   4.86285510000000e+07   5.94361040384683e-07   2.49503507029835e+01
   4.90285530000000e+07   2.46537774728495e-06   2.48943065118992e+01
   4.94285560000000e+07   2.35918355429021e-06   2.50544327721075e+01
   4.98285590000000e+07   2.01970078705926e-06   2.50544327721075e+01
   5.02285610000000e+07   1.00039960670983e-06   2.49743696420159e+01
   5.06285640000000e+07   1.10916357698443e-06   2.50304138330826e+01
   5.10285660000000e+07   2.83050439975341e-06   2.50224075200738e+01
   5.14285690000000e+07   2.28931071433180e-06   2.49983885810460e+01
   5.18285710000000e+07   1.87432385700959e-06   2.50264106765782e+01
   9.54958590000000e+07   4.58947615697980e-03   2.50584359286114e+01
   9.58958620000000e+07   9.14153986286692e-07   2.50744485546264e+01
   9.62958650000000e+07   4.10786526572338e-07   2.51184832761627e+01
   9.66958670000000e+07   4.12243161918013e-06   2.50103980505602e+01
   9.70958700000000e+07   2.03594504455396e-06   2.49583570159945e+01
   9.74958720000000e+07   1.00858835594408e-06   2.50184043635693e+01
   9.78958750000000e+07   6.58437329548178e-07   2.50824548676336e+01
   9.82958780000000e+07   8.55839573432604e-07   2.50224075200738e+01
   9.86958800000000e+07   4.06418394049979e-06   2.49343380769607e+01
   9.90958830000000e+07   1.41632347094856e-06   2.49503507029835e+01
   9.94958850000000e+07   6.57350938126910e-07   2.50464264590994e+01
   9.98958880000000e+07   9.15837006232323e-07   2.49863791115312e+01
   1.00295891000000e+08   1.39574649438146e-06   2.49823759550261e+01
   1.00695893000000e+08   3.89170691050822e-06   2.50544327721075e+01
   1.01095896000000e+08   7.24330902812653e-07   2.50704453981228e+01
   1.01495898000000e+08   7.06814660134114e-07   2.49983885810460e+01
   1.01895901000000e+08   1.12318343781226e-06   2.49823759550261e+01
   1.02295904000000e+08   2.19057869799144e-06   2.49583570159945e+01
   1.02695906000000e+08   3.97497296944493e-06   2.51184832761627e+01
   1.03095909000000e+08   7.89490627539635e-07   2.49823759550261e+01
   1.03495911000000e+08   1.34262995743484e-06   2.49743696420159e+01
   1.03895914000000e+08   1.94377139450808e-06   2.50304138330826e+01
   1.04295917000000e+08   2.70779855782166e-06   2.50103980505602e+01
   1.04695919000000e+08   3.55152519659896e-06   2.50624390851152e+01
   1.05095922000000e+08   2.67404345777322e-07   2.49583570159945e+01
   1.49072653000000e+08  -4.19012317433953e-03   2.50544327721075e+01
   1.49472655000000e+08   1.45351611990918e-06   2.50544327721075e+01
   1.49872658000000e+08   1.03554543784412e-06   2.49743696420159e+01
   1.50272660000000e+08   4.64959657620057e-06   2.49503507029835e+01
   1.50672663000000e+08   1.76676235241757e-06   2.49143222944307e+01
   1.51072666000000e+08   3.79936778927004e-07   2.49343380769607e+01
   1.51472668000000e+08   1.49331265220098e-06   2.49823759550261e+01
   1.51872671000000e+08   1.72280147126003e-06   2.50544327721075e+01
   1.52272673000000e+08   4.40112717114971e-06   2.49303349204548e+01
   1.52672676000000e+08   1.41562793487537e-06   2.49783727985210e+01
   1.53072679000000e+08   5.40802432169585e-07   2.49903822680362e+01
   1.53472681000000e+08   2.21079403672775e-06   2.50464264590994e+01
   1.53872684000000e+08   2.22087396650750e-06   2.50224075200738e+01
   1.54272686000000e+08   4.14085434385925e-06   2.49383412334665e+01
   1.54672689000000e+08   4.84983672777162e-07   2.50023917375508e+01
   1.55072692000000e+08   7.74488910337823e-07   2.51665211541937e+01
   1.55472694000000e+08   2.21701498048787e-06   2.51304927456713e+01
   1.55872697000000e+08   2.28091607823444e-06   2.50224075200738e+01
   1.56272699000000e+08   3.39553344019805e-06   2.50144012070648e+01
   1.56672702000000e+08  -1.01265529295347e-08   2.50544327721075e+01
   1.57072704000000e+08   1.06558070456231e-06   2.50904611806405e+01
   1.57472707000000e+08   2.43726753978990e-06   2.51224864326656e+01
   1.57872710000000e+08   2.24736868403852e-06   2.50063948940555e+01
   1.58272712000000e+08   2.78423590316379e-06   2.50464264590994e+01
   1.58672715000000e+08  -1.92363614814894e-07   2.50504296156035e+01
   1.93431084000000e+08   2.35267519019544e-03   2.49823759550261e+01
   1.93831087000000e+08   2.54191286330752e-06   2.47742118166770e+01
   1.94231089000000e+08   1.73842499862076e-06   2.47622023471517e+01
   1.94631092000000e+08   2.17245678868494e-06   2.49263317639489e+01
   1.95031094000000e+08  -1.89317063359340e-07   2.52385779712233e+01
   1.95431097000000e+08   4.07141760661034e-06   2.49543538594890e+01
   1.95831100000000e+08   2.35062248066242e-06   2.51024706501504e+01
   1.96231102000000e+08   1.64628738730244e-06   2.52185621887171e+01
   1.96631105000000e+08   1.76791661488096e-06   2.45100034869880e+01
   1.97031107000000e+08   1.42474476660936e-07   2.49423443899722e+01
   1.97431110000000e+08   4.25244252255652e-06   2.50304138330826e+01
   1.97831112000000e+08   1.68134420164279e-06   2.49783727985210e+01
   1.98231115000000e+08   1.57644512910338e-06   2.50904611806405e+01
   1.98631118000000e+08   1.56413489094120e-06   2.48782938858728e+01
   1.99031120000000e+08   7.92531579918432e-07   2.47982307557260e+01
   1.99431123000000e+08   4.21734830524656e-06   2.48983096684056e+01
   1.99831125000000e+08   1.30332318803994e-06   2.50624390851152e+01
   2.00231128000000e+08   1.36167841446877e-06   2.50904611806405e+01
   2.00631131000000e+08   1.68286828738928e-06   2.45900666172260e+01
   2.01031133000000e+08   1.09964901184867e-06   2.51064738066536e+01
   2.01431136000000e+08   4.06627259508241e-06   2.47381834080993e+01
   2.01831138000000e+08   8.10482276847324e-07   2.48943065118992e+01
   2.02231141000000e+08   1.49521918046958e-06   2.54467421091961e+01
   2.02631144000000e+08   1.54924600792583e-06   2.50184043635693e+01
   2.03031146000000e+08   1.36147230023198e-06   2.50944643371439e+01
