   4.00003000000000e+05   1.44871296470228e-06   2.50704453981228e+01
   8.00005000000000e+05   1.63923016316403e-06   2.50424233025953e+01
   1.20000800000000e+06   1.65644519256603e-06   2.50063948940555e+01
   1.60001100000000e+06   1.85058752322220e-06   2.50344169895869e+01
   2.00001300000000e+06   1.99143255485978e-06   2.49863791115312e+01
   2.40001600000000e+06   1.81193070147856e-06   2.50544327721075e+01
   2.80001800000000e+06   1.91192066267831e-06   2.50504296156035e+01
   3.20002100000000e+06   1.84866144081752e-06   2.50344169895869e+01
   3.60002400000000e+06   1.91837398233474e-06   2.50344169895869e+01
   4.00002600000000e+06   1.77832771441899e-06   2.49983885810460e+01
   4.40002900000000e+06   1.81390055331576e-06   2.49663633290053e+01
   4.80003100000000e+06   1.87558612196881e-06   2.50023917375508e+01
   5.20003400000000e+06   1.94944072973158e-06   2.50103980505602e+01
   5.60003700000000e+06   1.92308675650565e-06   2.51104769631567e+01
   6.00003900000000e+06   2.08107235266652e-06   2.51264895891685e+01
   6.40004200000000e+06   2.00453223442310e-06   2.50624390851152e+01
   6.80004400000000e+06   2.11274027606123e-06   2.50424233025953e+01
   7.20004700000000e+06   1.79225889951340e-06   2.49823759550261e+01
   7.60004900000000e+06   1.77872743734042e-06   2.50504296156035e+01
   8.00005200000000e+06   1.80294455276453e-06   2.50184043635693e+01
   8.40005500000000e+06   1.65116921380104e-06   2.50704453981228e+01
   8.80005700000000e+06   1.75156731074821e-06   2.50504296156035e+01
   9.20006000000000e+06   1.51266385728377e-06   2.50344169895869e+01
   9.60006200000000e+06   1.23633606108342e-06   2.50264106765782e+01
   4.19983610000000e+07  -2.07225000485778e-03   2.50864580241371e+01
   4.23983640000000e+07   3.07779077957093e-06   2.50784517111300e+01
   4.27983660000000e+07   1.29588249819790e-06   2.49703664855106e+01
   4.31983690000000e+07   4.23835984975085e-07   2.50384201460911e+01
   4.35983710000000e+07   6.71788995987299e-07   2.50624390851152e+01
   4.39983740000000e+07   1.43810984809534e-06   2.50264106765782e+01
   4.43983770000000e+07   2.50884590968781e-06   2.50584359286114e+01
   4.47983790000000e+07   7.69747828144318e-07   2.49943854245411e+01
   4.51983820000000e+07   3.19584813723850e-07   2.51024706501504e+01
   4.55983840000000e+07   8.75917862686038e-07   2.51825337802020e+01
   4.59983870000000e+07   1.65550386554969e-06   2.50304138330826e+01
   4.63983890000000e+07   2.35789116231899e-06   2.50784517111300e+01
   4.67983920000000e+07   6.67133576826018e-07   2.52065527192126e+01
   4.71983950000000e+07   5.85436794153793e-07   2.52145590322157e+01
   4.75983970000000e+07   1.04614025531191e-06   2.51705243106959e+01
   4.79984000000000e+07   1.70306736890780e-06   2.51545116846868e+01
   4.83984020000000e+07   2.52624840868521e-06   2.51425022151793e+01
   4.87984050000000e+07   8.23362313440157e-07   2.50624390851152e+01
   4.91984080000000e+07   8.12539497019316e-07   2.51384990586767e+01
   4.95984100000000e+07   1.61166155976389e-06   2.50544327721075e+01
   4.99984130000000e+07   2.17205661101616e-06   2.50864580241371e+01
   5.03984150000000e+07   2.81504003396549e-06   2.50544327721075e+01
   5.07984180000000e+07   1.11886561171559e-06   2.50704453981228e+01
   5.11984210000000e+07   1.13903058718279e-06   2.51144801196597e+01
   5.15984230000000e+07   1.70822067957488e-06   2.49903822680362e+01
   9.52906930000000e+07   4.65177511796355e-03   2.50664422416190e+01
   9.56906950000000e+07   1.70244129549246e-06   2.49783727985210e+01
   9.60906980000000e+07   1.03838181075844e-06   2.50304138330826e+01
   9.64907000000000e+07   1.11778888367553e-06   2.49703664855106e+01
   9.68907030000000e+07   2.74843318948115e-06   2.50664422416190e+01
   9.72907060000000e+07   1.64551778425448e-07   2.49903822680362e+01
   9.76907080000000e+07   1.86407623914420e-06   2.50224075200738e+01
   9.80907110000000e+07   1.83757492777659e-06   2.51024706501504e+01
   9.84907130000000e+07   1.39381131702976e-06   2.50504296156035e+01
   9.88907160000000e+07   2.76266973742167e-06   2.49743696420159e+01
   9.92907190000000e+07   4.56054692676844e-07   2.49943854245411e+01
   9.96907210000000e+07   2.51340247814369e-06   2.49503507029835e+01
   1.00090724000000e+08   1.59872899985203e-06   2.49783727985210e+01
   1.00490726000000e+08   1.52927555063798e-06   2.49783727985210e+01
   1.00890729000000e+08   2.80603057944973e-06   2.49543538594890e+01
   1.01290732000000e+08   1.02938577128953e-06   2.50464264590994e+01
   1.01690734000000e+08   2.23179972635990e-06   2.50584359286114e+01
   1.02090737000000e+08   2.06423214876850e-06   2.49983885810460e+01
   1.02490739000000e+08   1.82611893251305e-06   2.50184043635693e+01
   1.02890742000000e+08   3.17186982101703e-06   2.50464264590994e+01
   1.03290745000000e+08   4.32825402185699e-07   2.50224075200738e+01
   1.03690747000000e+08   2.65965900325682e-06   2.50184043635693e+01
   1.04090750000000e+08   1.83151928467851e-06   2.50584359286114e+01
   1.04490752000000e+08   1.67000405326689e-06   2.50063948940555e+01
   1.04890755000000e+08   2.76136211141420e-06   2.50784517111300e+01
   1.48872357000000e+08  -4.23597404733300e-03   2.51024706501504e+01
   1.49272359000000e+08   1.90271748579107e-06   2.50984674936472e+01
   1.49672362000000e+08   5.25381608440512e-07   2.50624390851152e+01
   1.50072365000000e+08   3.25796554534463e-06   2.49583570159945e+01
   1.50472367000000e+08   1.61210527949152e-06   2.50144012070648e+01
   1.50872370000000e+08   1.63789161433670e-06   2.50224075200738e+01
   1.51272372000000e+08   1.38028792662226e-06   2.50464264590994e+01
   1.51672375000000e+08   8.53572203141084e-07   2.50904611806405e+01
   1.52072378000000e+08   3.00118199447752e-06   2.50784517111300e+01
   1.52472380000000e+08   1.26466636629630e-06   2.50624390851152e+01
   1.52872383000000e+08   1.46682225476980e-06   2.49823759550261e+01
   1.53272385000000e+08   1.73171861206356e-06   2.50384201460911e+01
   1.53672388000000e+08   8.44256646814756e-07   2.50944643371439e+01
   1.54072390000000e+08   2.85840928881953e-06   2.49503507029835e+01
   1.54472393000000e+08   1.25643441606371e-06   2.50144012070648e+01
   1.54872396000000e+08   1.75720060724416e-06   2.51024706501504e+01
   1.55272398000000e+08   1.31803369640693e-06   2.50304138330826e+01
   1.55672401000000e+08   6.50997833417932e-07   2.50264106765782e+01
   1.56072403000000e+08   2.78843617707025e-06   2.51104769631567e+01
   1.56472406000000e+08   1.28870931348501e-06   2.48983096684056e+01
   1.56872409000000e+08   1.12046336653293e-06   2.50264106765782e+01
   1.57272411000000e+08   1.14962313091382e-06   2.49343380769607e+01
   1.57672414000000e+08   5.62663956316101e-07   2.49783727985210e+01
   1.58072416000000e+08   2.24442123908375e-06   2.50144012070648e+01
   1.58472419000000e+08   4.41600889189431e-07   2.49943854245411e+01
   1.93230601000000e+08   2.38187471404672e-03   2.49583570159945e+01
   1.93630603000000e+08   1.67847940701904e-06   2.49063159814183e+01
   1.94030606000000e+08   9.07100968561281e-07   2.49703664855106e+01
   1.94430608000000e+08   1.88729916317243e-06   2.49903822680362e+01
   1.94830611000000e+08   1.00006093362026e-06   2.49743696420159e+01
   1.95230614000000e+08   2.19251660382724e-06   2.50103980505602e+01
   1.95630616000000e+08   1.69574366282177e-06   2.50144012070648e+01
   1.96030619000000e+08   7.08868469700974e-07   2.50504296156035e+01
   1.96430621000000e+08   1.78328082256485e-06   2.49303349204548e+01
   1.96830624000000e+08   1.13535509171925e-06   2.50023917375508e+01
   1.97230627000000e+08   2.11865858545934e-06   2.51024706501504e+01
   1.97630629000000e+08   1.57362126174121e-06   2.49743696420159e+01
   1.98030632000000e+08   9.94928655018157e-07   2.50544327721075e+01
   1.98430634000000e+08   2.08439405469107e-06   2.51064738066536e+01
   1.98830637000000e+08   1.31089586830058e-06   2.50624390851152e+01
   1.99230639000000e+08   2.24245854951732e-06   2.50144012070648e+01
   1.99630642000000e+08   2.02624710254895e-06   2.50063948940555e+01
   2.00030645000000e+08   1.35884499741223e-06   2.50103980505602e+01
   2.00430647000000e+08   2.16439389078005e-06   2.50824548676336e+01
   2.00830650000000e+08   1.46883655816055e-06   2.50144012070648e+01
   2.01230652000000e+08   2.56670114140434e-06   2.49543538594890e+01
   2.01630655000000e+08   1.80066160737624e-06   2.50224075200738e+01
   2.02030658000000e+08   1.36937308070628e-06   2.49703664855106e+01
   2.02430660000000e+08   2.22487960854778e-06   2.50023917375508e+01
   2.02830663000000e+08   1.94552080756694e-06   2.49623601725000e+01
