   4.00003000000000e+05   2.13056864595274e-06   2.49543538594890e+01
   8.00006000000000e+05   1.96038331523596e-06   2.49543538594890e+01
   1.20000800000000e+06   2.28654243983328e-06   2.51545116846868e+01
   1.60001100000000e+06   2.09438849196886e-06   2.49783727985210e+01
   2.00001300000000e+06   2.16913917938655e-06   2.49383412334665e+01
   2.40001600000000e+06   2.25197868530813e-06   2.53786884487234e+01
   2.80001900000000e+06   1.91738763533067e-06   2.51384990586767e+01
   3.20002100000000e+06   1.98300040210597e-06   2.50304138330826e+01
   3.60002400000000e+06   1.68595136074146e-06   2.51144801196597e+01
   4.00002600000000e+06   1.81426173639920e-06   2.50264106765782e+01
   4.40002900000000e+06   1.96461292034655e-06   2.47581991906431e+01
   4.80003200000000e+06   1.63631466421066e-06   2.52225653452185e+01
   5.20003400000000e+06   1.79548476353375e-06   2.49583570159945e+01
   5.60003700000000e+06   1.66561233072571e-06   2.51985464062093e+01
   6.00003900000000e+06   1.76521155026421e-06   2.51024706501504e+01
   6.40004200000000e+06   1.75915829458972e-06   2.50784517111300e+01
   6.80004500000000e+06   1.64745142683387e-06   2.50063948940555e+01
   7.20004700000000e+06   1.91932463167177e-06   2.50944643371439e+01
   7.60005000000000e+06   1.72362240391521e-06   2.51825337802020e+01
   8.00005200000000e+06   1.79215533080423e-06   2.49623601725000e+01
   8.40005500000000e+06   1.81700443135924e-06   2.50824548676336e+01
   8.80005800000000e+06   1.77520246325003e-06   2.48943065118992e+01
   9.20006000000000e+06   1.81754523964628e-06   2.51104769631567e+01
   9.60006300000000e+06   1.69649513281911e-06   2.52505874407263e+01
   4.22471520000000e+07   1.41075215651654e-04   2.50184043635693e+01
   4.26471540000000e+07   1.67089103797480e-06   2.49503507029835e+01
   4.30471570000000e+07   1.79707990355382e-06   2.49743696420159e+01
   4.34471590000000e+07   1.62482217547222e-06   2.49663633290053e+01
   4.38471620000000e+07   1.86209035746288e-06   2.49063159814183e+01
   4.42471650000000e+07   1.61131356435362e-06   2.49903822680362e+01
   4.46471670000000e+07   1.84392774826847e-06   2.50184043635693e+01
   4.50471700000000e+07   1.70060559412377e-06   2.49943854245411e+01
   4.54471720000000e+07   1.76893911429943e-06   2.49223286074429e+01
   4.58471750000000e+07   1.77029676251550e-06   2.50544327721075e+01
   4.62471770000000e+07   1.77481092578091e-06   2.50344169895869e+01
   4.66471800000000e+07   1.78885238710791e-06   2.50464264590994e+01
   4.70471830000000e+07   1.71622343714262e-06   2.50544327721075e+01
   4.74471850000000e+07   1.68457938798383e-06   2.49983885810460e+01
   4.78471880000000e+07   1.83396332431585e-06   2.50344169895869e+01
   4.82471900000000e+07   1.62908008860541e-06   2.50063948940555e+01
   4.86471930000000e+07   1.80742995326000e-06   2.50624390851152e+01
   4.90471960000000e+07   1.91779122360458e-06   2.49783727985210e+01
   4.94471980000000e+07   1.91720346265356e-06   2.50864580241371e+01
   4.98472010000000e+07   2.00801628125191e-06   2.50424233025953e+01
   5.02472030000000e+07   1.90332980309904e-06   2.49463475464779e+01
   5.06472060000000e+07   2.00724957721832e-06   2.50264106765782e+01
   5.10472090000000e+07   2.04904722522770e-06   2.50424233025953e+01
   5.14472110000000e+07   1.95508528122446e-06   2.48702875728593e+01
   5.18472140000000e+07   2.07679613595246e-06   2.49943854245411e+01
   9.56057990000000e+07   2.12550119613297e-04   2.50664422416190e+01
   9.60058010000000e+07   2.26598740482586e-06   2.50624390851152e+01
   9.64058040000000e+07   1.62032256412203e-06   2.50224075200738e+01
   9.68058070000000e+07   1.72086902239243e-06   2.51224864326656e+01
   9.72058090000000e+07   2.00250360649079e-06   2.51905400932058e+01
   9.76058120000000e+07   1.39355654482642e-06   2.50304138330826e+01
   9.80058140000000e+07   2.06576964956184e-06   2.49543538594890e+01
   9.84058170000000e+07   1.48988794990146e-06   2.50784517111300e+01
   9.88058200000000e+07   1.75870093244157e-06   2.51184832761627e+01
   9.92058220000000e+07   2.15937916436815e-06   2.50984674936472e+01
   9.96058250000000e+07   1.47993296195637e-06   2.50184043635693e+01
   1.00005827000000e+08   2.26191332330927e-06   2.51344959021740e+01
   1.00405830000000e+08   1.58456180088251e-06   2.49983885810460e+01
   1.00805832000000e+08   1.94477070181165e-06   2.50704453981228e+01
   1.01205835000000e+08   1.88295030056906e-06   2.51384990586767e+01
   1.01605838000000e+08   1.44356033615622e-06   2.52025495627110e+01
   1.02005840000000e+08   2.11383598980319e-06   2.50544327721075e+01
   1.02405843000000e+08   1.49784011682641e-06   2.50784517111300e+01
   1.02805845000000e+08   1.85972862709605e-06   2.51745274671980e+01
   1.03205848000000e+08   1.90761784324422e-06   2.50824548676336e+01
   1.03605851000000e+08   1.52830625665956e-06   2.48022339122339e+01
   1.04005853000000e+08   2.11421593121486e-06   2.50224075200738e+01
   1.04405856000000e+08   1.49004131344554e-06   2.50063948940555e+01
   1.04805858000000e+08   1.90363641650038e-06   2.50103980505602e+01
   1.05205861000000e+08   1.67130622230616e-06   2.49823759550261e+01
   1.48914042000000e+08   1.86900098924525e-04   2.52706032232300e+01
   1.49314045000000e+08   1.56406758833327e-06   2.50744485546264e+01
   1.49714048000000e+08   1.91814319805417e-06   2.53466631967301e+01
   1.50114050000000e+08   1.58262764671235e-06   2.51384990586767e+01
   1.50514053000000e+08   1.76226762960141e-06   2.53746852922245e+01
   1.50914055000000e+08   1.88381045518327e-06   2.51505085281844e+01
   1.51314058000000e+08   1.71834119555569e-06   2.47622023471517e+01
   1.51714061000000e+08   2.08651522370928e-06   2.49583570159945e+01
   1.52114063000000e+08   1.65293954523804e-06   2.50824548676336e+01
   1.52514066000000e+08   2.01701664082066e-06   2.48302560077878e+01
   1.52914068000000e+08   1.96111636796559e-06   2.49343380769607e+01
   1.53314071000000e+08   1.79495236807270e-06   2.53506663532295e+01
   1.53714074000000e+08   2.17068736674264e-06   2.50344169895869e+01
   1.54114076000000e+08   1.73028377048468e-06   2.50023917375508e+01
   1.54514079000000e+08   2.14317697100341e-06   2.50063948940555e+01
   1.54914081000000e+08   1.73320120211429e-06   2.51064738066536e+01
   1.55314084000000e+08   1.75292791482207e-06   2.48903033553927e+01
   1.55714086000000e+08   1.95915276890446e-06   2.52625969102287e+01
   1.56114089000000e+08   1.59863452608988e-06   2.49303349204548e+01
   1.56514092000000e+08   1.91579647434992e-06   2.47301770950813e+01
   1.56914094000000e+08   1.82090218459052e-06   2.47061581560259e+01
   1.57314097000000e+08   1.69744146205630e-06   2.53706821357254e+01
   1.57714099000000e+08   1.98886664293241e-06   2.49503507029835e+01
   1.58114102000000e+08   1.53712323935906e-06   2.50824548676336e+01
   1.58514105000000e+08   2.00703379960032e-06   2.48983096684056e+01
   1.94037977000000e+08   1.68137732543983e-04   2.50504296156035e+01
   1.94437980000000e+08   1.90994023796520e-06   2.50424233025953e+01
   1.94837982000000e+08   1.73242995060718e-06   2.51745274671980e+01
   1.95237985000000e+08   2.02678779714915e-06   2.50063948940555e+01
   1.95637987000000e+08   2.08297342396691e-06   2.51665211541937e+01
   1.96037990000000e+08   1.83969848421839e-06   2.49503507029835e+01
   1.96437993000000e+08   2.15855993701553e-06   2.47662055036602e+01
   1.96837995000000e+08   1.78593450073095e-06   2.50944643371439e+01
   1.97237998000000e+08   2.12870963878231e-06   2.50224075200738e+01
   1.97638000000000e+08   1.95256166080071e-06   2.48903033553927e+01
   1.98038003000000e+08   1.86683564606938e-06   2.50984674936472e+01
   1.98438006000000e+08   2.17676097236108e-06   2.50744485546264e+01
   1.98838008000000e+08   1.77715071458806e-06   2.50904611806405e+01
   1.99238011000000e+08   2.13728844755678e-06   2.50784517111300e+01
   1.99638013000000e+08   1.93127357306366e-06   2.49063159814183e+01
   2.00038016000000e+08   1.88965850611567e-06   2.49463475464779e+01
   2.00438018000000e+08   2.11389237847470e-06   2.43778993220396e+01
   2.00838021000000e+08   1.73965270278131e-06   2.48382623208026e+01
   2.01238024000000e+08   1.99532382794132e-06   2.52225653452185e+01
   2.01638026000000e+08   1.83257418484573e-06   2.50224075200738e+01
   2.02038029000000e+08   1.83850841040112e-06   2.50304138330826e+01
   2.02438031000000e+08   2.00799081540026e-06   2.51545116846868e+01
   2.02838034000000e+08   1.68847998338606e-06   2.52706032232300e+01
   2.03238037000000e+08   1.95213351616985e-06   2.52946221622325e+01
   2.03638039000000e+08   1.71189685715945e-06   2.48382623208026e+01
