   4.00003000000000e+05   2.07704306376399e-06   2.49623601725000e+01
   8.00006000000000e+05   2.01603052119026e-06   2.49943854245411e+01
   1.20000800000000e+06   1.98751195057412e-06   2.51425022151793e+01
   1.60001100000000e+06   2.09201311918150e-06   2.50304138330826e+01
   2.00001300000000e+06   1.92402148968540e-06   2.50384201460911e+01
   2.40001600000000e+06   2.09941640605393e-06   2.50704453981228e+01
   2.80001900000000e+06   1.95100119526614e-06   2.50464264590994e+01
   3.20002100000000e+06   2.08455753636372e-06   2.51064738066536e+01
   3.60002400000000e+06   2.04005255000084e-06   2.49903822680362e+01
   4.00002700000000e+06   2.01545049094420e-06   2.50584359286114e+01
   4.40002900000000e+06   2.14354895433644e-06   2.49423443899722e+01
   4.80003200000000e+06   1.98693282982276e-06   2.50063948940555e+01
   5.20003400000000e+06   2.07813786801125e-06   2.49183254509368e+01
   5.60003700000000e+06   2.03068861992506e-06   2.49583570159945e+01
   6.00004000000000e+06   2.08617211683304e-06   2.49623601725000e+01
   6.40004200000000e+06   2.08301980819670e-06   2.48822970423795e+01
   6.80004500000000e+06   1.86151214620622e-06   2.49903822680362e+01
   7.20004700000000e+06   1.85563533250388e-06   2.49863791115312e+01
   7.60005000000000e+06   1.60779188718152e-06   2.49303349204548e+01
   8.00005300000000e+06   1.66072618412727e-06   2.49463475464779e+01
   8.40005500000000e+06   1.69042709785572e-06   2.50023917375508e+01
   8.80005800000000e+06   1.73416754023492e-06   2.51144801196597e+01
   9.20006100000000e+06   1.85602402780205e-06   2.50384201460911e+01
   9.60006300000000e+06   1.82032101747609e-06   2.50824548676336e+01
   4.20697550000000e+07   2.34833778813481e-03   2.50304138330826e+01
   4.24697580000000e+07   4.33271452493500e-07   2.49863791115312e+01
   4.28697600000000e+07   2.56440625889809e-06   2.49823759550261e+01
   4.32697630000000e+07   9.67040932664531e-07   2.50784517111300e+01
   4.36697650000000e+07   2.60818910646776e-06   2.50744485546264e+01
   4.40697680000000e+07   2.32375737141410e-06   2.50224075200738e+01
   4.44697710000000e+07   3.25956136748573e-07   2.50264106765782e+01
   4.48697730000000e+07   2.50029233939131e-06   2.50504296156035e+01
   4.52697760000000e+07   8.92991295131651e-07   2.49743696420159e+01
   4.56697780000000e+07   2.40676126850303e-06   2.50344169895869e+01
   4.60697810000000e+07   1.81990014880284e-06   2.50384201460911e+01
   4.64697840000000e+07   2.89685146981356e-07   2.50063948940555e+01
   4.68697860000000e+07   2.43087606577319e-06   2.49943854245411e+01
   4.72697890000000e+07   1.01251885098463e-06   2.50544327721075e+01
   4.76697920000000e+07   2.53156440521707e-06   2.50184043635693e+01
   4.80697940000000e+07   1.68451526860736e-06   2.50384201460911e+01
   4.84697970000000e+07   4.97899350193620e-07   2.49983885810460e+01
   4.88697990000000e+07   2.62891080637928e-06   2.49423443899722e+01
   4.92698020000000e+07   1.17415288514167e-06   2.50584359286114e+01
   4.96698050000000e+07   2.54548604061711e-06   2.51104769631567e+01
   5.00698070000000e+07   1.49891604905861e-06   2.50103980505602e+01
   5.04698100000000e+07   8.09244511401630e-07   2.50664422416190e+01
   5.08698120000000e+07   2.73515979642980e-06   2.50144012070648e+01
   5.12698150000000e+07   1.21031212074740e-06   2.51064738066536e+01
   5.16698180000000e+07   2.40011991081701e-06   2.50624390851152e+01
   9.54714450000000e+07  -4.18904935941100e-03   2.50063948940555e+01
   9.58714480000000e+07   2.15530076275172e-06   2.49183254509368e+01
   9.62714500000000e+07   2.53419261753152e-06   2.49463475464779e+01
   9.66714530000000e+07   3.09116239805007e-06   2.49783727985210e+01
   9.70714560000000e+07  -3.32093435417846e-07   2.49943854245411e+01
   9.74714580000000e+07   1.21485197723814e-06   2.50704453981228e+01
   9.78714610000000e+07   2.51868800660304e-06   2.50624390851152e+01
   9.82714630000000e+07   2.59332068708318e-06   2.50424233025953e+01
   9.86714660000000e+07   2.60138790508790e-06   2.50584359286114e+01
   9.90714690000000e+07  -4.74272638939510e-07   2.50184043635693e+01
   9.94714710000000e+07   1.64403741109709e-06   2.50984674936472e+01
   9.98714740000000e+07   2.68115718426998e-06   2.49583570159945e+01
   1.00271476000000e+08   2.29400211537722e-06   2.51064738066536e+01
   1.00671479000000e+08   1.97337999452429e-06   2.50824548676336e+01
   1.01071482000000e+08  -4.47240779521962e-07   2.50384201460911e+01
   1.01471484000000e+08   2.18182321987115e-06   2.50904611806405e+01
   1.01871487000000e+08   2.66957590611128e-06   2.50664422416190e+01
   1.02271490000000e+08   1.94550943888316e-06   2.50784517111300e+01
   1.02671492000000e+08   1.53302289618296e-06   2.50464264590994e+01
   1.03071495000000e+08  -1.29629952994037e-07   2.50304138330826e+01
   1.03471497000000e+08   2.56735893344739e-06   2.50664422416190e+01
   1.03871500000000e+08   2.57657598012884e-06   2.49823759550261e+01
   1.04271503000000e+08   1.62127571456949e-06   2.50184043635693e+01
   1.04671505000000e+08   1.35913296617218e-06   2.50063948940555e+01
   1.05071508000000e+08   1.56214582602843e-07   2.49463475464779e+01
   1.48733063000000e+08   4.59615001454949e-03   2.49983885810460e+01
   1.49133066000000e+08   3.12717224915104e-06   2.50464264590994e+01
   1.49533069000000e+08  -2.08618203600963e-07   2.50344169895869e+01
   1.49933071000000e+08   8.47065166453831e-07   2.50864580241371e+01
   1.50333074000000e+08   3.07035543301026e-06   2.50544327721075e+01
   1.50733076000000e+08   1.86105853572371e-06   2.50984674936472e+01
   1.51133079000000e+08   2.64100549429713e-06   2.50224075200738e+01
   1.51533082000000e+08  -2.75802960914007e-07   2.50103980505602e+01
   1.51933084000000e+08   1.39880830829497e-06   2.50063948940555e+01
   1.52333087000000e+08   3.17194894705608e-06   2.50023917375508e+01
   1.52733090000000e+08   1.56413443619385e-06   2.51545116846868e+01
   1.53133092000000e+08   2.30121963795682e-06   2.51024706501504e+01
   1.53533095000000e+08  -1.33263085899671e-07   2.49943854245411e+01
   1.53933097000000e+08   2.11441147257574e-06   2.50544327721075e+01
   1.54333100000000e+08   3.09538154397160e-06   2.49783727985210e+01
   1.54733103000000e+08   1.44216005537601e-06   2.49023128249120e+01
   1.55133105000000e+08   2.22004359784478e-06   2.49503507029835e+01
   1.55533108000000e+08   1.63863390412189e-07   2.51224864326656e+01
   1.55933110000000e+08   2.74694730251213e-06   2.49943854245411e+01
   1.56333113000000e+08   2.99929456559767e-06   2.50744485546264e+01
   1.56733116000000e+08   1.42452097406931e-06   2.49983885810460e+01
   1.57133118000000e+08   1.90012281109375e-06   2.50664422416190e+01
   1.57533121000000e+08   4.71886437480862e-07   2.51024706501504e+01
   1.57933124000000e+08   3.08549488181598e-06   2.49863791115312e+01
   1.58333126000000e+08   2.76935338661133e-06   2.50023917375508e+01
   1.93052729000000e+08  -2.03838804736733e-03   2.49983885810460e+01
   1.93452732000000e+08   4.04663433073438e-06   2.49783727985210e+01
   1.93852735000000e+08   1.27519706438761e-06   2.49903822680362e+01
   1.94252737000000e+08   1.06921629594581e-06   2.50824548676336e+01
   1.94652740000000e+08   1.78065397449245e-06   2.50063948940555e+01
   1.95052743000000e+08   2.14802685150062e-06   2.49623601725000e+01
   1.95452745000000e+08   3.56665100298414e-06   2.50023917375508e+01
   1.95852748000000e+08   6.79004358516977e-07   2.49623601725000e+01
   1.96252750000000e+08   1.11250790268969e-06   2.50544327721075e+01
   1.96652753000000e+08   1.92668517229322e-06   2.50464264590994e+01
   1.97052756000000e+08   2.16593252844177e-06   2.49983885810460e+01
   1.97452758000000e+08   3.03060460282722e-06   2.50184043635693e+01
   1.97852761000000e+08   2.78469940440118e-07   2.50504296156035e+01
   1.98252763000000e+08   1.18601292342646e-06   2.50103980505602e+01
   1.98652766000000e+08   1.95461484508996e-06   2.51104769631567e+01
   1.99052769000000e+08   2.36308756029757e-06   2.50984674936472e+01
   1.99452771000000e+08   2.66817846750200e-06   2.50264106765782e+01
   1.99852774000000e+08   2.87381425323474e-07   2.49583570159945e+01
   2.00252777000000e+08   1.59993498982658e-06   2.49703664855106e+01
   2.00652779000000e+08   2.37121776081040e-06   2.49903822680362e+01
   2.01052782000000e+08   2.07613265956752e-06   2.49943854245411e+01
   2.01452784000000e+08   2.01376474251447e-06   2.49463475464779e+01
   2.01852787000000e+08  -7.26275786178121e-08   2.49343380769607e+01
   2.02252790000000e+08   1.71753708855249e-06   2.49183254509368e+01
   2.02652792000000e+08   2.11008500627941e-06   2.49623601725000e+01
