   4.00002000000000e+05   1.96237147065403e-06   2.49423443899722e+01
   8.00005000000000e+05   2.00995373234036e-06   2.50624390851152e+01
   1.20000700000000e+06   1.76857327005564e-06   2.50344169895869e+01
   1.60001000000000e+06   2.15019485949597e-06   2.50063948940555e+01
   2.00001300000000e+06   1.81081747996359e-06   2.50944643371439e+01
   2.40001500000000e+06   2.18653372030531e-06   2.51705243106959e+01
   2.80001800000000e+06   2.30568707593193e-06   2.51184832761627e+01
   3.20002000000000e+06   1.99080818674702e-06   2.50864580241371e+01
   3.60002300000000e+06   2.35782522395311e-06   2.50624390851152e+01
   4.00002600000000e+06   1.81191819592641e-06   2.50744485546264e+01
   4.40002800000000e+06   1.35142408907996e-06   2.49383412334665e+01
   4.80003100000000e+06   1.52746156345529e-06   2.50544327721075e+01
   5.20003300000000e+06   1.10132327790780e-06   2.50544327721075e+01
   5.60003600000000e+06   1.62355934207881e-06   2.50224075200738e+01
   6.00003900000000e+06   1.32808213493263e-06   2.49863791115312e+01
   6.40004100000000e+06   1.31537899505929e-06   2.50063948940555e+01
   6.80004400000000e+06   1.59036005697999e-06   2.50144012070648e+01
   7.20004600000000e+06   1.13726957806648e-06   2.49183254509368e+01
   7.60004900000000e+06   1.65871438184695e-06   2.49263317639489e+01
   8.00005200000000e+06   1.24275152302289e-06   2.49703664855106e+01
   8.40005400000000e+06   1.52669622366375e-06   2.49503507029835e+01
   8.80005700000000e+06   1.62556773375400e-06   2.49583570159945e+01
   9.20005900000000e+06   1.29743227716972e-06   2.50464264590994e+01
   9.60006200000000e+06   1.67891801083897e-06   2.49543538594890e+01
   4.22146340000000e+07  -2.06101220101118e-03   2.49743696420159e+01
   4.26146370000000e+07   1.78432753727975e-06   2.50224075200738e+01
   4.30146400000000e+07   2.70224131782015e-06   2.50384201460911e+01
   4.34146420000000e+07   1.31852220874862e-06   2.50103980505602e+01
   4.38146450000000e+07   1.53216501530551e-06   2.50144012070648e+01
   4.42146470000000e+07   1.88374235676747e-06   2.50944643371439e+01
   4.46146500000000e+07   1.89398770089610e-06   2.50464264590994e+01
   4.50146530000000e+07   2.33386890613474e-06   2.50224075200738e+01
   4.54146550000000e+07   1.28570320612198e-06   2.50664422416190e+01
   4.58146580000000e+07   1.38183065701014e-06   2.50464264590994e+01
   4.62146600000000e+07   2.41055158767267e-06   2.50744485546264e+01
   4.66146630000000e+07   2.15116779145319e-06   2.49943854245411e+01
   4.70146650000000e+07   2.83779422716179e-06   2.51264895891685e+01
   4.74146680000000e+07   1.50820335420576e-06   2.50864580241371e+01
   4.78146710000000e+07   2.05845822165429e-06   2.50824548676336e+01
   4.82146730000000e+07   2.42579176301660e-06   2.51224864326656e+01
   4.86146760000000e+07   2.39602604779066e-06   2.50023917375508e+01
   4.90146780000000e+07   2.68953340309963e-06   2.50584359286114e+01
   4.94146810000000e+07   1.66964287018345e-06   2.50784517111300e+01
   4.98146840000000e+07   2.04321531782625e-06   2.50184043635693e+01
   5.02146860000000e+07   2.29068518819986e-06   2.50063948940555e+01
   5.06146890000000e+07   1.88198600881151e-06   2.50264106765782e+01
   5.10146910000000e+07   2.03932904696558e-06   2.50424233025953e+01
   5.14146940000000e+07   1.37533288580016e-06   2.50704453981228e+01
   5.18146970000000e+07   1.68807935096993e-06   2.50344169895869e+01
   9.51517930000000e+07   4.62782476097345e-03   2.50224075200738e+01
   9.55517950000000e+07   1.35422624225612e-06   2.49703664855106e+01
   9.59517980000000e+07   1.87146690677764e-06   2.49703664855106e+01
   9.63518000000000e+07   2.00389581550553e-06   2.50464264590994e+01
   9.67518030000000e+07   2.67533118858410e-06   2.48983096684056e+01
   9.71518050000000e+07   1.49879133459763e-06   2.50304138330826e+01
   9.75518080000000e+07   1.46122181376995e-06   2.49863791115312e+01
   9.79518110000000e+07   1.89037621112220e-06   2.50103980505602e+01
   9.83518130000000e+07   1.83965335054381e-06   2.49743696420159e+01
   9.87518160000000e+07   2.39264932133665e-06   2.49583570159945e+01
   9.91518180000000e+07   1.19818457733345e-06   2.49383412334665e+01
   9.95518210000000e+07   1.24138398405194e-06   2.49823759550261e+01
   9.99518240000000e+07   1.88750630059076e-06   2.50504296156035e+01
   1.00351826000000e+08   2.04253046831582e-06   2.50544327721075e+01
   1.00751829000000e+08   2.42309874920466e-06   2.50744485546264e+01
   1.01151831000000e+08   1.38547329697758e-06   2.50264106765782e+01
   1.01551834000000e+08   1.64703908467345e-06   2.50304138330826e+01
   1.01951837000000e+08   2.11071619560244e-06   2.50264106765782e+01
   1.02351839000000e+08   2.30830119107850e-06   2.49903822680362e+01
   1.02751842000000e+08   2.63797051047732e-06   2.50984674936472e+01
   1.03151844000000e+08   1.60246099767392e-06   2.50103980505602e+01
   1.03551847000000e+08   1.98478460333718e-06   2.50144012070648e+01
   1.03951850000000e+08   2.14727538150328e-06   2.49623601725000e+01
   1.04351852000000e+08   1.70451630765456e-06   2.50744485546264e+01
   1.04751855000000e+08   1.87327759704203e-06   2.50103980505602e+01
   1.48151976000000e+08  -4.22907480970025e-03   2.49823759550261e+01
   1.48551978000000e+08   1.49381401115534e-06   2.50384201460911e+01
   1.48951981000000e+08   4.70863909640684e-07   2.50103980505602e+01
   1.49351984000000e+08   1.79920641585340e-06   2.49983885810460e+01
   1.49751986000000e+08   4.28561861554044e-06   2.50624390851152e+01
   1.50151989000000e+08   2.11310543818399e-06   2.49263317639489e+01
   1.50551991000000e+08   1.08984875168971e-06   2.49943854245411e+01
   1.50951994000000e+08   8.80332493125024e-07   2.49663633290053e+01
   1.51351997000000e+08   1.96001019503456e-06   2.49743696420159e+01
   1.51751999000000e+08   4.30839327236754e-06   2.49183254509368e+01
   1.52152002000000e+08   1.35767356823635e-06   2.49983885810460e+01
   1.52552004000000e+08   7.82759627782070e-07   2.48983096684056e+01
   1.52952007000000e+08   6.75123942528444e-07   2.49543538594890e+01
   1.53352010000000e+08   1.89515878901148e-06   2.49263317639489e+01
   1.53752012000000e+08   3.55583847522212e-06   2.50144012070648e+01
   1.54152015000000e+08   1.08301787804521e-06   2.49183254509368e+01
   1.54552017000000e+08   5.09981362029066e-07   2.50103980505602e+01
   1.54952020000000e+08   8.00334589712293e-07   2.49703664855106e+01
   1.55352023000000e+08   1.92889092431869e-06   2.50184043635693e+01
   1.55752025000000e+08   3.38433619617717e-06   2.50144012070648e+01
   1.56152028000000e+08   5.18161584750487e-07   2.50264106765782e+01
   1.56552030000000e+08   6.03380613029003e-07   2.51144801196597e+01
   1.56952033000000e+08   8.93768344667478e-07   2.50584359286114e+01
   1.57352036000000e+08   2.05628361982235e-06   2.49543538594890e+01
   1.57752038000000e+08   2.76668902188248e-06   2.49623601725000e+01
   1.92497394000000e+08   2.37856199964881e-03   2.51465053716819e+01
   1.92897397000000e+08   1.80378481218213e-06   2.50344169895869e+01
   1.93297399000000e+08   2.42333408095874e-06   2.49063159814183e+01
   1.93697402000000e+08   7.20683715371706e-07   2.50984674936472e+01
   1.94097405000000e+08   7.68211748436443e-07   2.49943854245411e+01
   1.94497407000000e+08   2.75542106464854e-06   2.50504296156035e+01
   1.94897410000000e+08   1.50978257806855e-06   2.51224864326656e+01
   1.95297412000000e+08   2.11408928407764e-06   2.50544327721075e+01
   1.95697415000000e+08   5.95831409100356e-07   2.50063948940555e+01
   1.96097418000000e+08   1.02632839116268e-06   2.50424233025953e+01
   1.96497420000000e+08   2.88925366476178e-06   2.50624390851152e+01
   1.96897423000000e+08   1.59333694682573e-06   2.50264106765782e+01
   1.97297425000000e+08   2.17886577047466e-06   2.50144012070648e+01
   1.97697428000000e+08   5.52173048617988e-07   2.50464264590994e+01
   1.98097430000000e+08   1.51747849486128e-06   2.50063948940555e+01
   1.98497433000000e+08   3.11500639327278e-06   2.49863791115312e+01
   1.98897436000000e+08   1.84506200184842e-06   2.50224075200738e+01
   1.99297438000000e+08   2.26065844799450e-06   2.50784517111300e+01
   1.99697441000000e+08   9.80795675786794e-07   2.50504296156035e+01
   2.00097443000000e+08   1.87368743809202e-06   2.49543538594890e+01
   2.00497446000000e+08   2.92193726636469e-06   2.50344169895869e+01
   2.00897449000000e+08   1.66133270340652e-06   2.50424233025953e+01
   2.01297451000000e+08   2.16168223232671e-06   2.50664422416190e+01
   2.01697454000000e+08   9.69585244092741e-07   2.50704453981228e+01
   2.02097456000000e+08   1.93616301658039e-06   2.50944643371439e+01
