   4.00002000000000e+05   1.81846928626328e-06   2.50704453981228e+01
   8.00005000000000e+05   1.94590029423125e-06   2.49543538594890e+01
   1.20000800000000e+06   1.79471419414767e-06   2.49663633290053e+01
   1.60001000000000e+06   1.57988324644975e-06   2.49583570159945e+01
   2.00001300000000e+06   1.91777030522644e-06   2.49103191379245e+01
   2.40001500000000e+06   1.63302536293486e-06   2.49143222944307e+01
   2.80001800000000e+06   1.86831437076762e-06   2.49903822680362e+01
   3.20002100000000e+06   1.94203289538564e-06   2.48903033553927e+01
   3.60002300000000e+06   1.86993065653951e-06   2.48782938858728e+01
   4.00002600000000e+06   2.10098210118304e-06   2.50264106765782e+01
   4.40002800000000e+06   1.75275079072890e-06   2.49143222944307e+01
   4.80003100000000e+06   2.00451790988154e-06   2.49663633290053e+01
   5.20003400000000e+06   1.80993254161876e-06   2.49743696420159e+01
   5.60003600000000e+06   1.62579260631901e-06   2.50344169895869e+01
   6.00003900000000e+06   1.96657583728665e-06   2.51264895891685e+01
   6.40004100000000e+06   1.63300808253553e-06   2.50344169895869e+01
   6.80004400000000e+06   2.04550224225386e-06   2.50504296156035e+01
   7.20004700000000e+06   2.01546254174900e-06   2.50184043635693e+01
   7.60004900000000e+06   2.07521929951326e-06   2.51545116846868e+01
   8.00005200000000e+06   2.30648106480658e-06   2.51304927456713e+01
   8.40005500000000e+06   1.98109205484798e-06   2.51304927456713e+01
   8.80005700000000e+06   2.14668375519977e-06   2.50103980505602e+01
   9.20006000000000e+06   2.07115158445959e-06   2.50224075200738e+01
   9.60006200000000e+06   2.00001204575528e-06   2.50344169895869e+01
   4.23483310000000e+07   1.38537783641368e-04   2.50864580241371e+01
   4.27483330000000e+07   1.55636337240139e-06   2.50384201460911e+01
   4.31483360000000e+07   1.29938223381032e-06   2.50224075200738e+01
   4.35483390000000e+07   1.52978407186311e-06   2.50384201460911e+01
   4.39483410000000e+07   1.56036776388646e-06   2.50704453981228e+01
   4.43483440000000e+07   1.26798261135264e-06   2.50704453981228e+01
   4.47483460000000e+07   1.64820414738642e-06   2.50424233025953e+01
   4.51483490000000e+07   1.35133211642824e-06   2.50063948940555e+01
   4.55483520000000e+07   1.62359697242209e-06   2.50504296156035e+01
   4.59483540000000e+07   1.60560148287914e-06   2.50824548676336e+01
   4.63483570000000e+07   1.36190067223652e-06   2.50944643371439e+01
   4.67483600000000e+07   1.65133030805009e-06   2.50944643371439e+01
   4.71483620000000e+07   1.34196545786835e-06   2.50664422416190e+01
   4.75483650000000e+07   1.43196041335614e-06   2.50384201460911e+01
   4.79483670000000e+07   1.51770927914185e-06   2.51465053716819e+01
   4.83483700000000e+07   1.22828464554914e-06   2.51184832761627e+01
   4.87483730000000e+07   1.81932887244329e-06   2.49543538594890e+01
   4.91483750000000e+07   1.87406089935394e-06   2.50063948940555e+01
   4.95483780000000e+07   2.17694400816981e-06   2.49943854245411e+01
   4.99483800000000e+07   2.19359617403825e-06   2.49063159814183e+01
   5.03483830000000e+07   1.95040752259956e-06   2.49943854245411e+01
   5.07483860000000e+07   2.26116344492766e-06   2.50063948940555e+01
   5.11483880000000e+07   2.15649470192147e-06   2.50944643371439e+01
   5.15483910000000e+07   2.33208993449807e-06   2.49663633290053e+01
   5.19483930000000e+07   2.34415233535401e-06   2.50063948940555e+01
   9.56452640000000e+07   2.20050191273913e-04   2.49383412334665e+01
   9.60452670000000e+07   2.58582667811424e-06   2.50264106765782e+01
   9.64452700000000e+07   2.15241834666813e-06   2.51024706501504e+01
   9.68452720000000e+07   2.46829631578294e-06   2.50304138330826e+01
   9.72452750000000e+07   2.58735281022382e-06   2.49823759550261e+01
   9.76452780000000e+07   2.26666770686279e-06   2.50464264590994e+01
   9.80452800000000e+07   2.65666540144593e-06   2.50384201460911e+01
   9.84452830000000e+07   2.43935755861457e-06   2.49903822680362e+01
   9.88452850000000e+07   2.29401530305040e-06   2.50224075200738e+01
   9.92452880000000e+07   2.25688404498214e-06   2.50664422416190e+01
   9.96452910000000e+07   1.83461361302761e-06   2.51104769631567e+01
   1.00045293000000e+08   2.40644476434682e-06   2.50224075200738e+01
   1.00445296000000e+08   1.99517398868920e-06   2.49823759550261e+01
   1.00845298000000e+08   2.12226495932555e-06   2.50224075200738e+01
   1.01245301000000e+08   2.22605308408674e-06   2.49703664855106e+01
   1.01645304000000e+08   2.06154004445125e-06   2.49543538594890e+01
   1.02045306000000e+08   2.27912960326648e-06   2.49263317639489e+01
   1.02445309000000e+08   2.00977774511557e-06   2.50103980505602e+01
   1.02845311000000e+08   1.79612175088550e-06   2.48782938858728e+01
   1.03245314000000e+08   1.41536713726964e-06   2.49503507029835e+01
   1.03645317000000e+08   1.02124135992199e-06   2.49143222944307e+01
   1.04045319000000e+08   1.41809289289085e-06   2.49663633290053e+01
   1.04445322000000e+08   1.16926946702733e-06   2.49583570159945e+01
   1.04845324000000e+08   1.33137734792399e-06   2.50424233025953e+01
   1.05245327000000e+08   1.49897425671952e-06   2.49663633290053e+01
   1.49091118000000e+08   1.80825096322224e-04   2.49663633290053e+01
   1.49491120000000e+08   1.76069352164632e-06   2.50384201460911e+01
   1.49891123000000e+08   1.65760354775557e-06   2.49663633290053e+01
   1.50291125000000e+08   1.79472795025504e-06   2.50184043635693e+01
   1.50691128000000e+08   1.82576718543714e-06   2.50304138330826e+01
   1.51091131000000e+08   1.72495697370323e-06   2.49103191379245e+01
   1.51491133000000e+08   1.81832535872672e-06   2.49063159814183e+01
   1.51891136000000e+08   1.83946724519046e-06   2.50184043635693e+01
   1.52291138000000e+08   1.72302634382504e-06   2.49943854245411e+01
   1.52691141000000e+08   1.72734780790051e-06   2.50184043635693e+01
   1.53091144000000e+08   1.64063806096237e-06   2.50384201460911e+01
   1.53491146000000e+08   1.74274009623332e-06   2.49863791115312e+01
   1.53891149000000e+08   1.62788808211189e-06   2.50063948940555e+01
   1.54291151000000e+08   1.58647935677436e-06   2.50384201460911e+01
   1.54691154000000e+08   1.72029808709340e-06   2.50264106765782e+01
   1.55091157000000e+08   1.67050347954500e-06   2.50063948940555e+01
   1.55491159000000e+08   1.63374147632567e-06   2.50624390851152e+01
   1.55891162000000e+08   1.67475786838622e-06   2.50464264590994e+01
   1.56291164000000e+08   1.64429673077393e-06   2.50184043635693e+01
   1.56691167000000e+08   1.75214358932863e-06   2.49663633290053e+01
   1.57091170000000e+08   2.11584324461001e-06   2.49543538594890e+01
   1.57491172000000e+08   2.34670096688205e-06   2.50704453981228e+01
   1.57891175000000e+08   2.27484201786865e-06   2.49623601725000e+01
   1.58291178000000e+08   2.26409906645131e-06   2.49583570159945e+01
   1.58691180000000e+08   2.17698107007891e-06   2.49543538594890e+01
   1.93328326000000e+08   1.67987644090317e-04   2.49903822680362e+01
   1.93728328000000e+08   1.63439972311608e-06   2.49663633290053e+01
   1.94128331000000e+08   1.96541805053130e-06   2.50264106765782e+01
   1.94528333000000e+08   1.89046272680571e-06   2.49463475464779e+01
   1.94928336000000e+08   1.92404945664748e-06   2.49863791115312e+01
   1.95328339000000e+08   2.15507930079184e-06   2.49103191379245e+01
   1.95728341000000e+08   1.82681492333359e-06   2.49503507029835e+01
   1.96128344000000e+08   2.17188767237531e-06   2.50023917375508e+01
   1.96528346000000e+08   2.07086486625485e-06   2.49303349204548e+01
   1.96928349000000e+08   2.03758077077509e-06   2.50584359286114e+01
   1.97328352000000e+08   2.61552008851140e-06   2.50424233025953e+01
   1.97728354000000e+08   2.26200927500031e-06   2.50023917375508e+01
   1.98128357000000e+08   2.46315016738663e-06   2.50824548676336e+01
   1.98528360000000e+08   2.44673219640390e-06   2.51304927456713e+01
   1.98928362000000e+08   1.88815522506047e-06   2.50344169895869e+01
   1.99328365000000e+08   2.07131370189018e-06   2.50824548676336e+01
   1.99728367000000e+08   1.60138449700753e-06   2.50384201460911e+01
   2.00128370000000e+08   1.85719454748323e-06   2.50664422416190e+01
   2.00528373000000e+08   1.91682602235232e-06   2.51024706501504e+01
   2.00928375000000e+08   1.68927408594755e-06   2.50824548676336e+01
   2.01328378000000e+08   2.14826559385983e-06   2.50384201460911e+01
   2.01728380000000e+08   1.79046003268013e-06   2.50864580241371e+01
   2.02128383000000e+08   2.06388244805567e-06   2.50103980505602e+01
   2.02528386000000e+08   2.02713431463053e-06   2.50224075200738e+01
   2.02928388000000e+08   1.64398966262524e-06   2.49503507029835e+01
