   4.00002000000000e+05   1.75459717866033e-06   2.51665211541937e+01
   8.00005000000000e+05   1.90452419701614e-06   2.50984674936472e+01
   1.20000800000000e+06   1.76230980741821e-06   2.50544327721075e+01
   1.60001000000000e+06   1.73826640548214e-06   2.50103980505602e+01
   2.00001300000000e+06   1.76032369836321e-06   2.50103980505602e+01
   2.40001500000000e+06   1.81817767952452e-06   2.50184043635693e+01
   2.80001800000000e+06   1.70782857367158e-06   2.50464264590994e+01
   3.20002100000000e+06   1.86466297691368e-06   2.50904611806405e+01
   3.60002300000000e+06   1.78907168901787e-06   2.50224075200738e+01
   4.00002600000000e+06   1.91484173228673e-06   2.50864580241371e+01
   4.40002800000000e+06   1.82011581273400e-06   2.50224075200738e+01
   4.80003100000000e+06   1.83126030606218e-06   2.49663633290053e+01
   5.20003400000000e+06   1.75605316599103e-06   2.50264106765782e+01
   5.60003600000000e+06   1.63495633387356e-06   2.50744485546264e+01
   6.00003900000000e+06   1.76034075138887e-06   2.49943854245411e+01
   6.40004100000000e+06   1.57556655722146e-06   2.50704453981228e+01
   6.80004400000000e+06   1.76132380147465e-06   2.50344169895869e+01
   7.20004700000000e+06   1.81934046850074e-06   2.50864580241371e+01
   7.60004900000000e+06   1.74239050920733e-06   2.50784517111300e+01
   8.00005200000000e+06   1.85663884622045e-06   2.50784517111300e+01
   8.40005400000000e+06   1.74550723386346e-06   2.50944643371439e+01
   8.80005700000000e+06   1.71072451848886e-06   2.51104769631567e+01
   9.20006000000000e+06   1.77499453002383e-06   2.51184832761627e+01
   9.60006200000000e+06   1.57774320541648e-06   2.50184043635693e+01
   4.20183940000000e+07  -2.05157464370131e-03   2.50824548676336e+01
   4.24183960000000e+07   1.18947787086654e-06   2.51344959021740e+01
   4.28183990000000e+07   1.60239153501607e-06   2.51545116846868e+01
   4.32184010000000e+07   2.13704834095552e-06   2.50103980505602e+01
   4.36184040000000e+07   3.59165824193042e-06   2.50344169895869e+01
   4.40184070000000e+07   1.73670116510038e-06   2.50304138330826e+01
   4.44184090000000e+07   1.48216656725708e-06   2.49583570159945e+01
   4.48184120000000e+07   1.71915655755583e-06   2.50784517111300e+01
   4.52184140000000e+07   2.02098317458876e-06   2.49463475464779e+01
   4.56184170000000e+07   3.07241703012551e-06   2.49583570159945e+01
   4.60184200000000e+07   1.05590208931972e-06   2.49703664855106e+01
   4.64184220000000e+07   1.13344287910877e-06   2.50704453981228e+01
   4.68184250000000e+07   1.71375472746149e-06   2.49943854245411e+01
   4.72184270000000e+07   2.30186105909524e-06   2.50784517111300e+01
   4.76184300000000e+07   2.77354934041796e-06   2.49943854245411e+01
   4.80184330000000e+07   9.10109406504489e-07   2.49823759550261e+01
   4.84184350000000e+07   1.28265060084232e-06   2.50704453981228e+01
   4.88184380000000e+07   2.03911599783169e-06   2.50344169895869e+01
   4.92184400000000e+07   2.39754376707424e-06   2.50984674936472e+01
   4.96184430000000e+07   2.75522006631945e-06   2.50384201460911e+01
   5.00184460000000e+07   9.64778109846520e-07   2.50544327721075e+01
   5.04184480000000e+07   1.76089758952003e-06   2.51064738066536e+01
   5.08184510000000e+07   2.05847663892200e-06   2.49943854245411e+01
   5.12184530000000e+07   2.18874538404634e-06   2.49983885810460e+01
   5.16184560000000e+07   2.05429455490957e-06   2.50744485546264e+01
   9.50444440000000e+07   4.60554985329509e-03   2.50464264590994e+01
   9.54444470000000e+07   4.47461331987142e-07   2.51144801196597e+01
   9.58444490000000e+07   2.82310884358594e-06   2.50224075200738e+01
   9.62444520000000e+07   1.37223912588524e-06   2.50344169895869e+01
   9.66444550000000e+07   1.00907823252783e-06   2.51144801196597e+01
   9.70444570000000e+07   2.91884748548910e-06   2.50944643371439e+01
   9.74444600000000e+07   6.61185595163261e-07   2.50344169895869e+01
   9.78444620000000e+07   2.76700438917032e-06   2.50824548676336e+01
   9.82444650000000e+07   1.20458435048931e-06   2.50984674936472e+01
   9.86444680000000e+07   1.12759448711586e-06   2.49743696420159e+01
   9.90444700000000e+07   2.82649557448167e-06   2.50864580241371e+01
   9.94444730000000e+07   3.87430759474228e-07   2.49903822680362e+01
   9.98444750000000e+07   2.54744531957840e-06   2.49983885810460e+01
   1.00244478000000e+08   1.07800929072255e-06   2.49703664855106e+01
   1.00644481000000e+08   1.28576823499316e-06   2.50224075200738e+01
   1.01044483000000e+08   2.41656653088285e-06   2.49863791115312e+01
   1.01444486000000e+08   3.90378460224383e-07   2.49983885810460e+01
   1.01844488000000e+08   2.53298571806226e-06   2.50704453981228e+01
   1.02244491000000e+08   8.94322340627696e-07   2.49663633290053e+01
   1.02644494000000e+08   1.26402608202625e-06   2.49623601725000e+01
   1.03044496000000e+08   2.38207212532870e-06   2.50904611806405e+01
   1.03444499000000e+08   6.12489429840934e-07   2.50424233025953e+01
   1.03844501000000e+08   2.49142908614886e-06   2.50824548676336e+01
   1.04244504000000e+08   7.87917883826594e-07   2.50704453981228e+01
   1.04644507000000e+08   1.74807041730674e-06   2.50384201460911e+01
   1.48244398000000e+08  -4.20932518318295e-03   2.50704453981228e+01
   1.48644401000000e+08   1.21451523682481e-06   2.51585148411891e+01
   1.49044403000000e+08   3.13131135953881e-06   2.51505085281844e+01
   1.49444406000000e+08   2.17859422946276e-07   2.50384201460911e+01
   1.49844408000000e+08   1.76159019815714e-07   2.51505085281844e+01
   1.50244411000000e+08   3.70019984075043e-06   2.50464264590994e+01
   1.50644414000000e+08   1.25229075820243e-06   2.50464264590994e+01
   1.51044416000000e+08   3.04620084534690e-06   2.51384990586767e+01
   1.51444419000000e+08   1.43922690654108e-07   2.50464264590994e+01
   1.51844421000000e+08   1.05014373730228e-06   2.50224075200738e+01
   1.52244424000000e+08   3.82163307222072e-06   2.50504296156035e+01
   1.52644427000000e+08   1.40318934427341e-06   2.50664422416190e+01
   1.53044429000000e+08   3.01830982607498e-06   2.50264106765782e+01
   1.53444432000000e+08   6.16632235050929e-07   2.50264106765782e+01
   1.53844434000000e+08   1.80773304236936e-06   2.50304138330826e+01
   1.54244437000000e+08   4.15230533690192e-06   2.49543538594890e+01
   1.54644440000000e+08   1.46653837873600e-06   2.50864580241371e+01
   1.55044442000000e+08   3.05140611089882e-06   2.49863791115312e+01
   1.55444445000000e+08   7.64308026646177e-07   2.50464264590994e+01
   1.55844447000000e+08   2.57107649304089e-06   2.49663633290053e+01
   1.56244450000000e+08   4.14262058257009e-06   2.50904611806405e+01
   1.56644453000000e+08   1.50688561006973e-06   2.50384201460911e+01
   1.57044455000000e+08   2.61453033090220e-06   2.51625179976914e+01
   1.57444458000000e+08   5.71810630844993e-07   2.50584359286114e+01
   1.57844460000000e+08   2.51921528615640e-06   2.50023917375508e+01
   1.93267380000000e+08   2.36433767713606e-03   2.50224075200738e+01
   1.93667383000000e+08   2.65265839516360e-07   2.49503507029835e+01
   1.94067386000000e+08   2.16864305002673e-06   2.49583570159945e+01
   1.94467388000000e+08   1.76729588474700e-06   2.50944643371439e+01
   1.94867391000000e+08   1.86875968211098e-06   2.50224075200738e+01
   1.95267393000000e+08   2.78665015684965e-06   2.49263317639489e+01
   1.95667396000000e+08   4.01514739678532e-07   2.50664422416190e+01
   1.96067399000000e+08   2.29318902711384e-06   2.50063948940555e+01
   1.96467401000000e+08   1.94023004951305e-06   2.50544327721075e+01
   1.96867404000000e+08   2.01636157726170e-06   2.49303349204548e+01
   1.97267406000000e+08   3.13975510835007e-06   2.50424233025953e+01
   1.97667409000000e+08   6.93405524998525e-07   2.49463475464779e+01
   1.98067412000000e+08   2.99857424579386e-06   2.49503507029835e+01
   1.98467414000000e+08   2.17150591197424e-06   2.49583570159945e+01
   1.98867417000000e+08   2.32189358939650e-06   2.50984674936472e+01
   1.99267419000000e+08   2.67930636255187e-06   2.49823759550261e+01
   1.99667422000000e+08   8.17039449430013e-07   2.50504296156035e+01
   2.00067425000000e+08   2.98642112284142e-06   2.49503507029835e+01
   2.00467427000000e+08   2.03385366148723e-06   2.50384201460911e+01
   2.00867430000000e+08   2.03795775632898e-06   2.50063948940555e+01
   2.01267432000000e+08   2.37638641920057e-06   2.50103980505602e+01
   2.01667435000000e+08   5.24440110893920e-07   2.49823759550261e+01
   2.02067437000000e+08   2.77515891866642e-06   2.50224075200738e+01
   2.02467440000000e+08   1.59522460307926e-06   2.50264106765782e+01
   2.02867443000000e+08   2.06261802304653e-06   2.50584359286114e+01
