   4.00002000000000e+05   1.92001243703999e-06   2.50384201460911e+01
   8.00005000000000e+05   1.81757707196084e-06   2.50264106765782e+01
   1.20000800000000e+06   1.95938059732725e-06   2.50264106765782e+01
   1.60001000000000e+06   1.86311046945775e-06   2.50864580241371e+01
   2.00001300000000e+06   1.81933933163236e-06   2.51024706501504e+01
   2.40001500000000e+06   1.87030889264861e-06   2.49983885810460e+01
   2.80001800000000e+06   1.88496255759674e-06   2.50063948940555e+01
   3.20002000000000e+06   1.75602906438144e-06   2.49703664855106e+01
   3.60002300000000e+06   1.87188868494559e-06   2.49983885810460e+01
   4.00002600000000e+06   1.79593519078480e-06   2.50544327721075e+01
   4.40002800000000e+06   1.90799437405076e-06   2.50103980505602e+01
   4.80003100000000e+06   1.59624551088200e-06   2.50864580241371e+01
   5.20003300000000e+06   1.61557181854732e-06   2.50824548676336e+01
   5.60003600000000e+06   1.59548301326140e-06   2.50144012070648e+01
   6.00003900000000e+06   1.57008526002755e-06   2.49383412334665e+01
   6.40004100000000e+06   1.57402359945991e-06   2.50384201460911e+01
   6.80004400000000e+06   1.56971668729966e-06   2.49223286074429e+01
   7.20004600000000e+06   1.48238518704602e-06   2.50224075200738e+01
   7.60004900000000e+06   1.57163879066502e-06   2.50984674936472e+01
   8.00005200000000e+06   1.42203498398885e-06   2.50023917375508e+01
   8.40005400000000e+06   1.61778575602511e-06   2.49103191379245e+01
   8.80005700000000e+06   1.67484085977776e-06   2.49863791115312e+01
   9.20005900000000e+06   1.98578572963015e-06   2.50264106765782e+01
   9.60006200000000e+06   1.97872532226029e-06   2.50144012070648e+01
   4.24319150000000e+07  -2.03596218489110e-03   2.50063948940555e+01
   4.28319170000000e+07   2.75158481599647e-06   2.49783727985210e+01
   4.32319200000000e+07   1.87195803391660e-06   2.49663633290053e+01
   4.36319230000000e+07   2.95577274300740e-06   2.50264106765782e+01
   4.40319250000000e+07   4.69360060151303e-07   2.49503507029835e+01
   4.44319280000000e+07   1.93452410712780e-06   2.50344169895869e+01
   4.48319300000000e+07   2.77969957096502e-06   2.49543538594890e+01
   4.52319330000000e+07   1.69991858456342e-06   2.49343380769607e+01
   4.56319360000000e+07   2.57033798334305e-06   2.49263317639489e+01
   4.60319380000000e+07   3.48759044754843e-07   2.49983885810460e+01
   4.64319410000000e+07   2.32197044169880e-06   2.50344169895869e+01
   4.68319430000000e+07   2.56736984738382e-06   2.49783727985210e+01
   4.72319460000000e+07   1.56393673478306e-06   2.49263317639489e+01
   4.76319490000000e+07   2.10368170883157e-06   2.50264106765782e+01
   4.80319510000000e+07   4.25326533104453e-07   2.49383412334665e+01
   4.84319540000000e+07   2.58885438597645e-06   2.49703664855106e+01
   4.88319560000000e+07   2.43481417783187e-06   2.49583570159945e+01
   4.92319590000000e+07   1.42811313708080e-06   2.49863791115312e+01
   4.96319620000000e+07   2.01269313038210e-06   2.49943854245411e+01
   5.00319640000000e+07   7.83256211889238e-07   2.49583570159945e+01
   5.04319670000000e+07   2.84937004835228e-06   2.50864580241371e+01
   5.08319690000000e+07   1.99837745640252e-06   2.50784517111300e+01
   5.12319720000000e+07   1.06332743143867e-06   2.49543538594890e+01
   5.16319750000000e+07   1.77322203853691e-06   2.49383412334665e+01
   5.20319770000000e+07   8.39114704831445e-07   2.51024706501504e+01
   9.60028130000000e+07   4.57770004868507e-03   2.50384201460911e+01
   9.64028160000000e+07   1.80444919806177e-06   2.50744485546264e+01
   9.68028180000000e+07   3.72931799574872e-06   2.50584359286114e+01
   9.72028210000000e+07   3.98070056917277e-07   2.50864580241371e+01
   9.76028240000000e+07   1.72817419752391e-06   2.50704453981228e+01
   9.80028260000000e+07   1.81102973328962e-06   2.50023917375508e+01
   9.84028290000000e+07   2.06237746169791e-06   2.50864580241371e+01
   9.88028310000000e+07   3.20112849294674e-06   2.50184043635693e+01
   9.92028340000000e+07   1.78082913748767e-07   2.48863001988861e+01
   9.96028370000000e+07   1.90076161743491e-06   2.50304138330826e+01
   1.00002839000000e+08   2.07562516152393e-06   2.50264106765782e+01
   1.00402842000000e+08   2.22661401494406e-06   2.49463475464779e+01
   1.00802844000000e+08   2.66376287072490e-06   2.50264106765782e+01
   1.01202847000000e+08  -7.84938549713843e-08   2.50063948940555e+01
   1.01602850000000e+08   2.09713607546291e-06   2.49423443899722e+01
   1.02002852000000e+08   1.86775776001014e-06   2.48782938858728e+01
   1.02402855000000e+08   1.95938469005341e-06   2.50063948940555e+01
   1.02802857000000e+08   2.30109003496182e-06   2.49183254509368e+01
   1.03202860000000e+08   1.56750516566717e-07   2.49943854245411e+01
   1.03602863000000e+08   2.61213335761568e-06   2.49783727985210e+01
   1.04002865000000e+08   2.01801594812423e-06   2.49583570159945e+01
   1.04402868000000e+08   2.11154929274926e-06   2.50224075200738e+01
   1.04802870000000e+08   1.97956705960678e-06   2.50344169895869e+01
   1.05202873000000e+08   4.35193101111508e-07   2.50824548676336e+01
   1.05602876000000e+08   2.92180766336969e-06   2.50144012070648e+01
   1.49251733000000e+08  -4.17704973369837e-03   2.50184043635693e+01
   1.49651736000000e+08   4.70788563688984e-07   2.50784517111300e+01
   1.50051738000000e+08   1.77220260866306e-06   2.49903822680362e+01
   1.50451741000000e+08   3.31472710968228e-06   2.50304138330826e+01
   1.50851743000000e+08   1.82440487606073e-06   2.50304138330826e+01
   1.51251746000000e+08   2.32677325584518e-06   2.50624390851152e+01
   1.51651749000000e+08   5.20070216225577e-07   2.50224075200738e+01
   1.52051751000000e+08   2.37272502090491e-06   2.50944643371439e+01
   1.52451754000000e+08   3.10709719997249e-06   2.50224075200738e+01
   1.52851756000000e+08   1.43550551001681e-06   2.51144801196597e+01
   1.53251759000000e+08   1.88742444606760e-06   2.50424233025953e+01
   1.53651762000000e+08   6.23397795607161e-07   2.50664422416190e+01
   1.54051764000000e+08   2.50371249421733e-06   2.49823759550261e+01
   1.54451767000000e+08   2.70938699031831e-06   2.49783727985210e+01
   1.54851769000000e+08   1.14725423827622e-06   2.49943854245411e+01
   1.55251772000000e+08   1.72382328855747e-06   2.49023128249120e+01
   1.55651775000000e+08   7.74464410824294e-07   2.50464264590994e+01
   1.56051777000000e+08   2.72235479314986e-06   2.50144012070648e+01
   1.56451780000000e+08   2.22474545807927e-06   2.49623601725000e+01
   1.56851782000000e+08   1.00333033969946e-06   2.50144012070648e+01
   1.57251785000000e+08   1.84337682185287e-06   2.49663633290053e+01
   1.57651788000000e+08   1.27254475046357e-06   2.49823759550261e+01
   1.58051790000000e+08   2.99000544146111e-06   2.51184832761627e+01
   1.58451793000000e+08   2.06327990781574e-06   2.50304138330826e+01
   1.58851795000000e+08   1.11270753677672e-06   2.50424233025953e+01
   1.94091967000000e+08   2.34753778204322e-03   2.50864580241371e+01
   1.94491970000000e+08   1.74762033111620e-06   2.50264106765782e+01
   1.94891973000000e+08   3.19168702844763e-06   2.50063948940555e+01
   1.95291975000000e+08   1.93966670281043e-07   2.50224075200738e+01
   1.95691978000000e+08   1.93709843188117e-06   2.50504296156035e+01
   1.96091980000000e+08   2.54873521043919e-06   2.49943854245411e+01
   1.96491983000000e+08   1.94529161490209e-06   2.49623601725000e+01
   1.96891986000000e+08   2.67209634330356e-06   2.49503507029835e+01
   1.97291988000000e+08   1.58398393068637e-07   2.50984674936472e+01
   1.97691991000000e+08   2.31632270697446e-06   2.50023917375508e+01
   1.98091993000000e+08   2.56439352597226e-06   2.50584359286114e+01
   1.98491996000000e+08   1.74907836480998e-06   2.50023917375508e+01
   1.98891999000000e+08   2.23845518121379e-06   2.50023917375508e+01
   1.99292001000000e+08   2.96825305667880e-07   2.50264106765782e+01
   1.99692004000000e+08   2.59263811130950e-06   2.50144012070648e+01
   2.00092006000000e+08   2.29584816224815e-06   2.49863791115312e+01
   2.00492009000000e+08   1.53963082993869e-06   2.49543538594890e+01
   2.00892012000000e+08   1.97998633666430e-06   2.50184043635693e+01
   2.01292014000000e+08   3.02535227092449e-07   2.50864580241371e+01
   2.01692017000000e+08   2.79295318250661e-06   2.49663633290053e+01
   2.02092019000000e+08   1.94732342606585e-06   2.50264106765782e+01
   2.02492022000000e+08   1.41641601203446e-06   2.50344169895869e+01
   2.02892025000000e+08   1.53294843130425e-06   2.50184043635693e+01
   2.03292027000000e+08   5.47285196716985e-07   2.49183254509368e+01
   2.03692030000000e+08   2.75670595328847e-06   2.50624390851152e+01
