   4.00002000000000e+05   1.74933722973947e-06   2.49663633290053e+01
   8.00005000000000e+05   2.25569328904385e-06   2.49383412334665e+01
   1.20000800000000e+06   1.98421753339062e-06   2.50023917375508e+01
   1.60001000000000e+06   1.91936692317540e-06   2.50144012070648e+01
   2.00001300000000e+06   2.24241171054018e-06   2.50544327721075e+01
   2.40001600000000e+06   1.69690895290842e-06   2.50103980505602e+01
   2.80001800000000e+06   1.90992545867630e-06   2.49863791115312e+01
   3.20002100000000e+06   1.84048155915661e-06   2.49663633290053e+01
   3.60002300000000e+06   1.68887765994441e-06   2.50023917375508e+01
   4.00002600000000e+06   2.02986984731979e-06   2.50704453981228e+01
   4.40002900000000e+06   1.72873819792585e-06   2.49743696420159e+01
   4.80003100000000e+06   2.22640892388881e-06   2.49743696420159e+01
   5.20003400000000e+06   1.93850155483233e-06   2.49743696420159e+01
   5.60003700000000e+06   1.90102582564577e-06   2.50184043635693e+01
   6.00003900000000e+06   2.19825074054825e-06   2.50144012070648e+01
   6.40004200000000e+06   1.60413424055150e-06   2.50664422416190e+01
   6.80004400000000e+06   1.84939767677861e-06   2.50824548676336e+01
   7.20004700000000e+06   1.65684173225600e-06   2.49703664855106e+01
   7.60005000000000e+06   1.58241221015487e-06   2.49103191379245e+01
   8.00005200000000e+06   1.90917103282118e-06   2.50624390851152e+01
   8.40005500000000e+06   1.52150357735081e-06   2.49983885810460e+01
   8.80005800000000e+06   1.93435766959738e-06   2.49703664855106e+01
   9.20006000000000e+06   1.76936509888037e-06   2.50344169895869e+01
   9.60006300000000e+06   1.70567886925710e-06   2.49903822680362e+01
   4.21560850000000e+07   2.34206253662705e-03   2.50664422416190e+01
   4.25560880000000e+07   1.66238896781579e-06   2.50103980505602e+01
   4.29560910000000e+07   2.92130312118388e-06   2.49743696420159e+01
   4.33560930000000e+07   1.62388641911093e-06   2.50864580241371e+01
   4.37560960000000e+07   1.26754378015903e-06   2.49943854245411e+01
   4.41560990000000e+07   3.15400620820583e-06   2.50264106765782e+01
   4.45561010000000e+07   1.36521646254550e-06   2.49343380769607e+01
   4.49561040000000e+07   2.59962166637706e-06   2.50023917375508e+01
   4.53561060000000e+07   1.10675739506405e-06   2.48903033553927e+01
   4.57561090000000e+07   1.21587038393045e-06   2.50103980505602e+01
   4.61561120000000e+07   2.81284974334994e-06   2.48742907293661e+01
   4.65561140000000e+07   1.28471629068372e-06   2.50744485546264e+01
   4.69561170000000e+07   2.23362508222635e-06   2.48302560077878e+01
   4.73561200000000e+07   9.73921828517632e-07   2.49783727985210e+01
   4.77561220000000e+07   1.41405405429396e-06   2.50103980505602e+01
   4.81561250000000e+07   2.74705462288694e-06   2.50584359286114e+01
   4.85561270000000e+07   1.25948133700149e-06   2.50384201460911e+01
   4.89561300000000e+07   2.30511727750127e-06   2.50464264590994e+01
   4.93561330000000e+07   1.03175693766389e-06   2.50384201460911e+01
   4.97561350000000e+07   1.78188213340036e-06   2.49663633290053e+01
   5.01561380000000e+07   2.66415418082033e-06   2.50304138330826e+01
   5.05561410000000e+07   1.36360029046045e-06   2.51104769631567e+01
   5.09561430000000e+07   2.19025469050393e-06   2.50264106765782e+01
   5.13561460000000e+07   1.28956889966503e-06   2.50224075200738e+01
   5.17561480000000e+07   2.16979901779268e-06   2.49983885810460e+01
   9.54777650000000e+07  -4.18605003505945e-03   2.50344169895869e+01
   9.58777670000000e+07   3.45322291650518e-06   2.49543538594890e+01
   9.62777700000000e+07   1.61513889906928e-06   2.50584359286114e+01
   9.66777730000000e+07   2.77718163488316e-06   2.49783727985210e+01
   9.70777750000000e+07   5.10706854583987e-07   2.49143222944307e+01
   9.74777780000000e+07   1.77633887687989e-06   2.50504296156035e+01
   9.78777800000000e+07   3.14645058097085e-06   2.49943854245411e+01
   9.82777830000000e+07   1.51834035477805e-06   2.49743696420159e+01
   9.86777860000000e+07   2.15798218050622e-06   2.49863791115312e+01
   9.90777880000000e+07   1.04875186934805e-06   2.50264106765782e+01
   9.94777910000000e+07   1.65951405506348e-06   2.49503507029835e+01
   9.98777940000000e+07   3.19154310091108e-06   2.49823759550261e+01
   1.00277796000000e+08   1.13981775484717e-06   2.50264106765782e+01
   1.00677799000000e+08   2.56654334407358e-06   2.49583570159945e+01
   1.01077801000000e+08   2.92576459060001e-07   2.50224075200738e+01
   1.01477804000000e+08   2.33155128626095e-06   2.50864580241371e+01
   1.01877807000000e+08   2.93370067083742e-06   2.50424233025953e+01
   1.02277809000000e+08   1.02688886727265e-06   2.49383412334665e+01
   1.02677812000000e+08   1.63184813573025e-06   2.49703664855106e+01
   1.03077814000000e+08   8.90161288680247e-07   2.50544327721075e+01
   1.03477817000000e+08   2.54991073234123e-06   2.50944643371439e+01
   1.03877820000000e+08   2.39751739172789e-06   2.49823759550261e+01
   1.04277822000000e+08   5.17194166604895e-07   2.50544327721075e+01
   1.04677825000000e+08   2.04946172743803e-06   2.50384201460911e+01
   1.05077828000000e+08   9.16865246836096e-07   2.49863791115312e+01
   1.48830756000000e+08   4.58824960514903e-03   2.50424233025953e+01
   1.49230759000000e+08   1.49337029142771e-06   2.50384201460911e+01
   1.49630762000000e+08   1.01517684925057e-06   2.49543538594890e+01
   1.50030764000000e+08   3.06131141769583e-06   2.50544327721075e+01
   1.50430767000000e+08   1.77234142029192e-06   2.50384201460911e+01
   1.50830770000000e+08   2.09137556339556e-06   2.49223286074429e+01
   1.51230772000000e+08   6.90575802764215e-07   2.50584359286114e+01
   1.51630775000000e+08   1.43308011502086e-06   2.49703664855106e+01
   1.52030777000000e+08   2.48682795245259e-06   2.49703664855106e+01
   1.52430780000000e+08   1.59485875883547e-06   2.50344169895869e+01
   1.52830783000000e+08   2.06602680918877e-06   2.49983885810460e+01
   1.53230785000000e+08   5.59910290576227e-07   2.51104769631567e+01
   1.53630788000000e+08   1.75329353169218e-06   2.50264106765782e+01
   1.54030791000000e+08   2.38124925999728e-06   2.50023917375508e+01
   1.54430793000000e+08   1.84794305368996e-06   2.51304927456713e+01
   1.54830796000000e+08   1.83746249149408e-06   2.50103980505602e+01
   1.55230798000000e+08   9.02139504432853e-07   2.50504296156035e+01
   1.55630801000000e+08   2.09774816539721e-06   2.50023917375508e+01
   1.56030804000000e+08   2.61970376413956e-06   2.50504296156035e+01
   1.56430806000000e+08   1.64978882821742e-06   2.50544327721075e+01
   1.56830809000000e+08   2.01272405320196e-06   2.49983885810460e+01
   1.57230811000000e+08   1.06758841411647e-06   2.50424233025953e+01
   1.57630814000000e+08   2.68102235168044e-06   2.50704453981228e+01
   1.58030817000000e+08   2.21322625293396e-06   2.50063948940555e+01
   1.58430819000000e+08   1.77718413851835e-06   2.50504296156035e+01
   1.93813135000000e+08  -2.03261245042086e-03   2.51184832761627e+01
   1.94213138000000e+08   4.40137910118210e-06   2.50023917375508e+01
   1.94613141000000e+08   1.60714705543796e-06   2.51625179976914e+01
   1.95013143000000e+08   3.85572008099189e-07   2.49983885810460e+01
   1.95413146000000e+08   2.71765111392597e-06   2.50984674936472e+01
   1.95813149000000e+08   1.23713590483021e-07   2.50544327721075e+01
   1.96213151000000e+08   4.58998101748875e-06   2.49423443899722e+01
   1.96613154000000e+08   1.34585732780579e-07   2.50784517111300e+01
   1.97013156000000e+08   1.42899511956784e-06   2.50784517111300e+01
   1.97413159000000e+08   2.84418774754158e-06   2.49303349204548e+01
   1.97813162000000e+08   7.44613714687148e-07   2.49823759550261e+01
   1.98213164000000e+08   3.36723110194725e-06   2.50224075200738e+01
   1.98613167000000e+08   1.08522897335206e-06   2.50544327721075e+01
   1.99013169000000e+08   1.50245682561945e-06   2.48943065118992e+01
   1.99413172000000e+08   2.24654468183871e-06   2.50344169895869e+01
   1.99813175000000e+08   2.30214283192254e-07   2.51705243106959e+01
   2.00213177000000e+08   4.68828784505604e-06   2.49903822680362e+01
   2.00613180000000e+08  -2.30432490866406e-08   2.49903822680362e+01
   2.01013183000000e+08   1.92465404325048e-06   2.50544327721075e+01
   2.01413185000000e+08   2.24973382501048e-06   2.50544327721075e+01
   2.01813188000000e+08   1.93291862160549e-06   2.51104769631567e+01
   2.02213190000000e+08   3.10546352011443e-06   2.50904611806405e+01
   2.02613193000000e+08  -2.76202200666376e-07   2.50584359286114e+01
   2.03013196000000e+08   2.28419071390817e-06   2.51384990586767e+01
   2.03413198000000e+08   1.99530495592626e-06   2.50504296156035e+01
