   4.00003000000000e+05   1.68115025189763e-06   2.47261739385723e+01
   8.00005000000000e+05   1.70973601143487e-06   2.45780571476919e+01
   1.20000800000000e+06   1.85623628112808e-06   2.50264106765782e+01
   1.60001000000000e+06   1.67205666912196e-06   2.50984674936472e+01
   2.00001300000000e+06   1.97636677512492e-06   2.54307294832041e+01
   2.40001600000000e+06   1.82072801635513e-06   2.48702875728593e+01
   2.80001800000000e+06   1.95331585928216e-06   2.50063948940555e+01
   3.20002100000000e+06   1.91582807929080e-06   2.51785306237000e+01
   3.60002300000000e+06   1.69473605637904e-06   2.54987831436632e+01
   4.00002600000000e+06   1.93358368960617e-06   2.49303349204548e+01
   4.40002900000000e+06   1.70097314367013e-06   2.53386568837311e+01
   4.80003100000000e+06   1.68379585829825e-06   2.48102402252496e+01
   5.20003400000000e+06   1.84626810550981e-06   2.48262528512803e+01
   5.60003600000000e+06   1.67129007877520e-06   2.53266474142322e+01
   6.00003900000000e+06   1.90798641597212e-06   2.47141644690447e+01
   6.40004200000000e+06   1.59238231844938e-06   2.50023917375508e+01
   6.80004400000000e+06   1.83045085577760e-06   2.51425022151793e+01
   7.20004700000000e+06   1.81289976808330e-06   2.48062370687418e+01
   7.60004900000000e+06   1.64862615292805e-06   2.49823759550261e+01
   8.00005200000000e+06   1.67516520832578e-06   2.51184832761627e+01
   8.40005500000000e+06   1.63027914368286e-06   2.48302560077878e+01
   8.80005700000000e+06   1.67554458130326e-06   2.53866947617211e+01
   9.20006000000000e+06   1.65428616583085e-06   2.49063159814183e+01
   9.60006200000000e+06   1.55039981564187e-06   2.47581991906431e+01
   4.21364330000000e+07   1.35725247673690e-04   2.48622812598455e+01
   4.25364360000000e+07   1.84224052190984e-06   2.49183254509368e+01
   4.29364380000000e+07   2.11000019589846e-06   2.49503507029835e+01
   4.33364410000000e+07   1.99867599803838e-06   2.49823759550261e+01
   4.37364430000000e+07   1.92189804693044e-06   2.49383412334665e+01
   4.41364460000000e+07   2.08420101444062e-06   2.50664422416190e+01
   4.45364490000000e+07   1.68909173225984e-06   2.50944643371439e+01
   4.49364510000000e+07   2.07383004635631e-06   2.50984674936472e+01
   4.53364540000000e+07   1.77581034677132e-06   2.50744485546264e+01
   4.57364560000000e+07   1.80525842097268e-06   2.50344169895869e+01
   4.61364590000000e+07   1.89632589808753e-06   2.51865369367039e+01
   4.65364610000000e+07   1.78070592937729e-06   2.50984674936472e+01
   4.69364640000000e+07   2.00274803319189e-06   2.50544327721075e+01
   4.73364670000000e+07   1.76329069745407e-06   2.50424233025953e+01
   4.77364690000000e+07   2.05061201086210e-06   2.50344169895869e+01
   4.81364720000000e+07   1.98847806132108e-06   2.50704453981228e+01
   4.85364740000000e+07   1.87953207841929e-06   2.50944643371439e+01
   4.89364770000000e+07   2.02403612092894e-06   2.49583570159945e+01
   4.93364800000000e+07   1.90102298347483e-06   2.50103980505602e+01
   4.97364820000000e+07   2.00450085685588e-06   2.49063159814183e+01
   5.01364850000000e+07   1.78050822796649e-06   2.49743696420159e+01
   5.05364870000000e+07   1.85333090030326e-06   2.50224075200738e+01
   5.09364900000000e+07   2.04824391403235e-06   2.49623601725000e+01
   5.13364930000000e+07   1.76681203356566e-06   2.49823759550261e+01
   5.17364950000000e+07   1.86971396942681e-06   2.49863791115312e+01
   9.50217920000000e+07   2.20050060306676e-04   2.50264106765782e+01
   9.54217940000000e+07   1.78536060957413e-06   2.50784517111300e+01
   9.58217970000000e+07   1.90025036772568e-06   2.50504296156035e+01
   9.62217990000000e+07   1.99141913981293e-06   2.50504296156035e+01
   9.66218020000000e+07   1.75041611782945e-06   2.51184832761627e+01
   9.70218050000000e+07   2.10135544875811e-06   2.50224075200738e+01
   9.74218070000000e+07   1.67092230185517e-06   2.50384201460911e+01
   9.78218100000000e+07   2.04750563170819e-06   2.50584359286114e+01
   9.82218120000000e+07   1.92329389392398e-06   2.50264106765782e+01
   9.86218150000000e+07   1.88616229479521e-06   2.49423443899722e+01
   9.90218180000000e+07   2.06992922358040e-06   2.50704453981228e+01
   9.94218200000000e+07   1.87055184142082e-06   2.49543538594890e+01
   9.98218230000000e+07   1.84649934453773e-06   2.50103980505602e+01
   1.00221825000000e+08   1.84372265721322e-06   2.49743696420159e+01
   1.00621828000000e+08   1.70041084857075e-06   2.50944643371439e+01
   1.01021831000000e+08   1.97206031771202e-06   2.50344169895869e+01
   1.01421833000000e+08   1.52873974457179e-06   2.49343380769607e+01
   1.01821836000000e+08   1.93420987670834e-06   2.50384201460911e+01
   1.02221838000000e+08   1.77559945768735e-06   2.51024706501504e+01
   1.02621841000000e+08   1.75957723058673e-06   2.50344169895869e+01
   1.03021844000000e+08   1.83687814114819e-06   2.50984674936472e+01
   1.03421846000000e+08   1.71973158558103e-06   2.49943854245411e+01
   1.03821849000000e+08   2.01875127459061e-06   2.51384990586767e+01
   1.04221851000000e+08   1.85220631010452e-06   2.50504296156035e+01
   1.04621854000000e+08   1.83928273145284e-06   2.50784517111300e+01
   1.48330783000000e+08   1.71200037584640e-04   2.49663633290053e+01
   1.48730786000000e+08   1.89058425803523e-06   2.52505874407263e+01
   1.49130788000000e+08   1.65336359714274e-06   2.50344169895869e+01
   1.49530791000000e+08   2.33101877711306e-06   2.49023128249120e+01
   1.49930793000000e+08   1.57250178745016e-06   2.49423443899722e+01
   1.50330796000000e+08   2.32526303989289e-06   2.47341802515904e+01
   1.50730799000000e+08   1.92560742107162e-06   2.50344169895869e+01
   1.51130801000000e+08   1.82560961548006e-06   2.50103980505602e+01
   1.51530804000000e+08   2.37518702306261e-06   2.52545905972272e+01
   1.51930806000000e+08   1.50765754369786e-06   2.48542749468314e+01
   1.52330809000000e+08   2.30507134801883e-06   2.50504296156035e+01
   1.52730812000000e+08   1.77251388322475e-06   2.53066316317329e+01
   1.53130814000000e+08   1.81992641046236e-06   2.52585937537280e+01
   1.53530817000000e+08   2.24006294047285e-06   2.49903822680362e+01
   1.53930819000000e+08   1.35216475882771e-06   2.49023128249120e+01
   1.54330822000000e+08   2.09337667911313e-06   2.42778204091536e+01
   1.54730825000000e+08   1.66579172855563e-06   2.49463475464779e+01
   1.55130827000000e+08   1.75261061485799e-06   2.51344959021740e+01
   1.55530830000000e+08   2.02434898710635e-06   2.53746852922245e+01
   1.55930832000000e+08   1.27168891594920e-06   2.50784517111300e+01
   1.56330835000000e+08   2.10135522138444e-06   2.47742118166770e+01
   1.56730837000000e+08   1.44901605381165e-06   2.48582781033385e+01
   1.57130840000000e+08   1.69669021943264e-06   2.49223286074429e+01
   1.57530843000000e+08   1.90643550013192e-06   2.49783727985210e+01
   1.57930845000000e+08   1.72054478753125e-06   2.47742118166770e+01
   1.92957737000000e+08   1.71625200891867e-04   2.54827705176744e+01
   1.93357740000000e+08   1.87674652352143e-06   2.52786095362311e+01
   1.93757742000000e+08   1.73555497440248e-06   2.50584359286114e+01
   1.94157745000000e+08   2.01351940631866e-06   2.50784517111300e+01
   1.94557748000000e+08   1.95992879525875e-06   2.51785306237000e+01
   1.94957750000000e+08   1.73536398051510e-06   2.51224864326656e+01
   1.95357753000000e+08   2.24566338147270e-06   2.54067105442143e+01
   1.95757755000000e+08   1.71719318586838e-06   2.48422654773099e+01
   1.96157758000000e+08   2.01251737053099e-06   2.50984674936472e+01
   1.96557761000000e+08   1.92167135537602e-06   2.48222496947727e+01
   1.96957763000000e+08   1.83848385404417e-06   2.50984674936472e+01
   1.97357766000000e+08   2.10601911021513e-06   2.51785306237000e+01
   1.97757768000000e+08   1.47654304782918e-06   2.49223286074429e+01
   1.98157771000000e+08   1.84897567123699e-06   2.51665211541937e+01
   1.98557773000000e+08   1.70897453699581e-06   2.50784517111300e+01
   1.98957776000000e+08   1.53882137965411e-06   2.48622812598455e+01
   1.99357779000000e+08   1.90445882708445e-06   2.47742118166770e+01
   1.99757781000000e+08   1.40838812967559e-06   2.49743696420159e+01
   2.00157784000000e+08   1.86778379429597e-06   2.44939908609373e+01
   2.00557786000000e+08   1.53762755417119e-06   2.53146379447328e+01
   2.00957789000000e+08   1.56387091010401e-06   2.51465053716819e+01
   2.01357792000000e+08   1.87905220627727e-06   2.48702875728593e+01
   2.01757794000000e+08   1.56327450895333e-06   2.57990198807708e+01
   2.02157797000000e+08   2.11502060665225e-06   2.54427389526982e+01
   2.02557799000000e+08   1.84588566298771e-06   2.49343380769607e+01
