   4.00003000000000e+05   1.65906499205448e-06   2.50864580241371e+01
   8.00005000000000e+05   1.59782962327881e-06   2.51585148411891e+01
   1.20000800000000e+06   1.59352009632130e-06   2.50224075200738e+01
   1.60001000000000e+06   1.75308070993196e-06   2.50264106765782e+01
   2.00001300000000e+06   1.63943673214817e-06   2.51024706501504e+01
   2.40001600000000e+06   1.60835361384670e-06   2.50664422416190e+01
   2.80001800000000e+06   2.17329784391040e-06   2.49943854245411e+01
   3.20002100000000e+06   2.47915659201681e-06   2.50464264590994e+01
   3.60002300000000e+06   2.64532400251483e-06   2.49383412334665e+01
   4.00002600000000e+06   2.46217996391351e-06   2.50264106765782e+01
   4.40002900000000e+06   2.68640042122570e-06   2.49903822680362e+01
   4.80003100000000e+06   2.79303048955626e-06   2.50544327721075e+01
   5.20003400000000e+06   2.80361450677447e-06   2.50624390851152e+01
   5.60003600000000e+06   2.97956171380065e-06   2.49383412334665e+01
   6.00003900000000e+06   2.81768097920576e-06   2.50184043635693e+01
   6.40004200000000e+06   2.92805771096027e-06   2.50584359286114e+01
   6.80004400000000e+06   2.42842656916764e-06   2.50864580241371e+01
   7.20004700000000e+06   2.08146229851991e-06   2.51104769631567e+01
   7.60004900000000e+06   2.22597395804769e-06   2.50504296156035e+01
   8.00005200000000e+06   1.99278292711824e-06   2.50624390851152e+01
   8.40005500000000e+06   2.14317992686119e-06   2.50544327721075e+01
   8.80005700000000e+06   2.00607928491081e-06   2.50264106765782e+01
   9.20006000000000e+06   1.83260294761567e-06   2.51144801196597e+01
   9.60006200000000e+06   1.93594519259932e-06   2.51344959021740e+01
   4.21269350000000e+07   2.39540054462850e-03   2.50664422416190e+01
   4.25269370000000e+07   2.26490328714135e-06   2.50384201460911e+01
   4.29269400000000e+07   1.75626439613552e-06   2.52305716582210e+01
   4.33269420000000e+07   1.08282210931065e-06   2.50944643371439e+01
   4.37269450000000e+07   2.28809221880510e-06   2.50504296156035e+01
   4.41269480000000e+07   8.03527427706285e-07   2.49743696420159e+01
   4.45269500000000e+07   2.04539355763700e-06   2.50704453981228e+01
   4.49269530000000e+07   1.85991314083367e-06   2.51505085281844e+01
   4.53269550000000e+07   1.13169221549470e-06   2.51184832761627e+01
   4.57269580000000e+07   2.46972103923326e-06   2.50784517111300e+01
   4.61269610000000e+07   1.05621847978909e-06   2.49983885810460e+01
   4.65269630000000e+07   2.16475814340811e-06   2.49503507029835e+01
   4.69269660000000e+07   1.81063057880237e-06   2.49503507029835e+01
   4.73269680000000e+07   1.06992399651062e-06   2.50464264590994e+01
   4.77269710000000e+07   2.47125353780575e-06   2.49183254509368e+01
   4.81269740000000e+07   1.01235843885661e-06   2.50103980505602e+01
   4.85269760000000e+07   2.01961506718362e-06   2.49863791115312e+01
   4.89269790000000e+07   1.48187734794192e-06   2.51184832761627e+01
   4.93269810000000e+07   8.77311947533599e-07   2.50584359286114e+01
   4.97269840000000e+07   2.11759038393211e-06   2.50904611806405e+01
   5.01269870000000e+07   7.87789531386807e-07   2.50544327721075e+01
   5.05269890000000e+07   1.57237889197859e-06   2.51144801196597e+01
   5.09269920000000e+07   1.50151868183457e-06   2.51184832761627e+01
   5.13269940000000e+07   8.37184131796676e-07   2.51104769631567e+01
   5.17269970000000e+07   2.14816600418999e-06   2.51665211541937e+01
   9.54144640000000e+07  -4.29864972829819e-03   2.49583570159945e+01
   9.58144670000000e+07   1.30315993374097e-06   2.50224075200738e+01
   9.62144690000000e+07   3.39058078679955e-06   2.50144012070648e+01
   9.66144720000000e+07   2.26200336328475e-06   2.50144012070648e+01
   9.70144750000000e+07   3.67222673958167e-06   2.48903033553927e+01
   9.74144770000000e+07   2.32859156312770e-06   2.50063948940555e+01
   9.78144800000000e+07   1.43133934216166e-06   2.50704453981228e+01
   9.82144820000000e+07   3.17686112794036e-06   2.50544327721075e+01
   9.86144850000000e+07   2.16422404264449e-06   2.50664422416190e+01
   9.90144880000000e+07   3.19866376230493e-06   2.50384201460911e+01
   9.94144900000000e+07   2.01874513550138e-06   2.51425022151793e+01
   9.98144930000000e+07   1.02002525181888e-06   2.51184832761627e+01
   1.00214495000000e+08   2.66568736151385e-06   2.50144012070648e+01
   1.00614498000000e+08   1.64537129876408e-06   2.51104769631567e+01
   1.01014500000000e+08   3.21808761327702e-06   2.50984674936472e+01
   1.01414503000000e+08   2.10157122637611e-06   2.50984674936472e+01
   1.01814506000000e+08   1.10480686998926e-06   2.49983885810460e+01
   1.02214508000000e+08   2.42879332290613e-06   2.49983885810460e+01
   1.02614511000000e+08   1.56606540713256e-06   2.50904611806405e+01
   1.03014513000000e+08   2.53656571658212e-06   2.51585148411891e+01
   1.03414516000000e+08   1.50449943703279e-06   2.50424233025953e+01
   1.03814519000000e+08   5.21788876994833e-07   2.50744485546264e+01
   1.04214521000000e+08   1.77112087840214e-06   2.50224075200738e+01
   1.04614524000000e+08   9.88606871032971e-07   2.49383412334665e+01
   1.05014526000000e+08   2.46201557274617e-06   2.49903822680362e+01
   1.48911036000000e+08   4.69719944521785e-03   2.50304138330826e+01
   1.49311039000000e+08   1.27408407024632e-06   2.50144012070648e+01
   1.49711042000000e+08   1.32963475607539e-06   2.49623601725000e+01
   1.50111044000000e+08   2.65080302597198e-06   2.50904611806405e+01
   1.50511047000000e+08   2.02439522922759e-07   2.50984674936472e+01
   1.50911049000000e+08   3.06304127661861e-06   2.50144012070648e+01
   1.51311052000000e+08   1.44039006499952e-06   2.50704453981228e+01
   1.51711055000000e+08   1.34246329253074e-06   2.50824548676336e+01
   1.52111057000000e+08   2.67625250671699e-06   2.50704453981228e+01
   1.52511060000000e+08   2.33347066114220e-07   2.50464264590994e+01
   1.52911062000000e+08   2.73789510174538e-06   2.50264106765782e+01
   1.53311065000000e+08   1.17720753678441e-06   2.50103980505602e+01
   1.53711067000000e+08   9.99337544271839e-07   2.51064738066536e+01
   1.54111070000000e+08   2.23576330427022e-06   2.50103980505602e+01
   1.54511073000000e+08  -5.86324340190458e-08   2.50344169895869e+01
   1.54911075000000e+08   2.79278469861310e-06   2.50624390851152e+01
   1.55311078000000e+08   1.67848202181631e-06   2.51545116846868e+01
   1.55711080000000e+08   1.35419634261780e-06   2.50424233025953e+01
   1.56111083000000e+08   2.68582516582683e-06   2.49503507029835e+01
   1.56511086000000e+08   4.33337447702797e-07   2.50103980505602e+01
   1.56911088000000e+08   3.15468173539557e-06   2.51425022151793e+01
   1.57311091000000e+08   2.30219029617729e-06   2.50824548676336e+01
   1.57711093000000e+08   1.90412242773164e-06   2.49223286074429e+01
   1.58111096000000e+08   3.15152533403307e-06   2.51224864326656e+01
   1.58511099000000e+08   9.05426929875830e-07   2.50704453981228e+01
   1.93499217000000e+08  -2.08649970591068e-03   2.50103980505602e+01
   1.93899220000000e+08   2.13410521610058e-06   2.50704453981228e+01
   1.94299223000000e+08   2.17830802284880e-06   2.51104769631567e+01
   1.94699225000000e+08   1.80895096946188e-06   2.49983885810460e+01
   1.95099228000000e+08   2.02258365789021e-06   2.51184832761627e+01
   1.95499230000000e+08   1.03283878161164e-06   2.50624390851152e+01
   1.95899233000000e+08   1.60956210493168e-06   2.50384201460911e+01
   1.96299235000000e+08   1.65927463058324e-06   2.50023917375508e+01
   1.96699238000000e+08   1.55733937390323e-06   2.50023917375508e+01
   1.97099241000000e+08   1.81016264377831e-06   2.49663633290053e+01
   1.97499243000000e+08   8.68537085807475e-07   2.49583570159945e+01
   1.97899246000000e+08   1.43961085541378e-06   2.49423443899722e+01
   1.98299248000000e+08   1.67944551776600e-06   2.49463475464779e+01
   1.98699251000000e+08   1.44778778121690e-06   2.50184043635693e+01
   1.99099254000000e+08   1.71213184785302e-06   2.50304138330826e+01
   1.99499256000000e+08   8.42270367229503e-07   2.49703664855106e+01
   1.99899259000000e+08   1.43128875151888e-06   2.50144012070648e+01
   2.00299261000000e+08   1.64620314535568e-06   2.50344169895869e+01
   2.00699264000000e+08   1.41369093853427e-06   2.50023917375508e+01
   2.01099267000000e+08   1.91312278730038e-06   2.50904611806405e+01
   2.01499269000000e+08   1.10906944428280e-06   2.50544327721075e+01
   2.01899272000000e+08   1.62905018896708e-06   2.50664422416190e+01
   2.02299274000000e+08   1.89083061741258e-06   2.50944643371439e+01
   2.02699277000000e+08   1.50358437167597e-06   2.50664422416190e+01
   2.03099279000000e+08   1.61569789725036e-06   2.49383412334665e+01
