   4.00002000000000e+05   1.92255697584187e-06   2.50944643371439e+01
   8.00005000000000e+05   2.06543199965381e-06   2.50464264590994e+01
   1.20000700000000e+06   1.70272642208147e-06   2.50224075200738e+01
   1.60001000000000e+06   1.91229673873750e-06   2.45100034869880e+01
   2.00001300000000e+06   1.78965501618222e-06   2.50824548676336e+01
   2.40001500000000e+06   1.84899852229137e-06   2.50784517111300e+01
   2.80001800000000e+06   1.67184180099866e-06   2.57589883158430e+01
   3.20002000000000e+06   1.65369385740632e-06   2.53506663532295e+01
   3.60002300000000e+06   1.63477807291201e-06   2.50984674936472e+01
   4.00002600000000e+06   1.75348577613477e-06   2.50464264590994e+01
   4.40002800000000e+06   1.54606539126689e-06   2.49983885810460e+01
   4.80003100000000e+06   1.94470749192988e-06   2.51465053716819e+01
   5.20003300000000e+06   1.90020477930375e-06   2.51585148411891e+01
   5.60003600000000e+06   1.98906263904064e-06   2.50864580241371e+01
   6.00003900000000e+06   1.92441689250700e-06   2.50224075200738e+01
   6.40004100000000e+06   1.93262781067460e-06   2.55027863001602e+01
   6.80004400000000e+06   2.03340982807276e-06   2.49623601725000e+01
   7.20004600000000e+06   2.13262524084712e-06   2.48983096684056e+01
   7.60004900000000e+06   2.07969014809350e-06   2.50584359286114e+01
   8.00005200000000e+06   2.20550668927899e-06   2.50184043635693e+01
   8.40005400000000e+06   2.14046144719759e-06   2.49823759550261e+01
   8.80005700000000e+06   2.05762671612320e-06   2.50224075200738e+01
   9.20005900000000e+06   1.79394817223510e-06   2.56468999340126e+01
   9.60006200000000e+06   1.86114903044654e-06   2.50144012070648e+01
   4.21505310000000e+07  -2.05909949727356e-03   2.47341802515904e+01
   4.25505330000000e+07   1.98325051314896e-06   2.50784517111300e+01
   4.29505360000000e+07   2.65680910160881e-06   2.48742907293661e+01
   4.33505390000000e+07   2.16960256693710e-06   2.49943854245411e+01
   4.37505410000000e+07   4.02674572796968e-07   2.46581202779083e+01
   4.41505440000000e+07   1.27991552290041e-06   2.50944643371439e+01
   4.45505460000000e+07   2.27367536353995e-06   2.51104769631567e+01
   4.49505490000000e+07   2.60249726125039e-06   2.50103980505602e+01
   4.53505520000000e+07   2.00386102733319e-06   2.50424233025953e+01
   4.57505540000000e+07   5.12225142301759e-07   2.52946221622325e+01
   4.61505570000000e+07   1.68383121490479e-06   2.48943065118992e+01
   4.65505590000000e+07   2.43483259509958e-06   2.50584359286114e+01
   4.69505620000000e+07   2.48710716732603e-06   2.48262528512803e+01
   4.73505650000000e+07   1.74463809798908e-06   2.49143222944307e+01
   4.77505670000000e+07   6.57510156543140e-07   2.45980729302484e+01
   4.81505700000000e+07   1.97741564988974e-06   2.49703664855106e+01
   4.85505720000000e+07   2.57664328273677e-06   2.49943854245411e+01
   4.89505750000000e+07   2.11870792554691e-06   2.50304138330826e+01
   4.93505780000000e+07   1.32899958771304e-06   2.49983885810460e+01
   4.97505800000000e+07   6.44148940409650e-07   2.50103980505602e+01
   5.01505830000000e+07   1.99708574655233e-06   2.53466631967301e+01
   5.05505860000000e+07   2.31515605264576e-06   2.52505874407263e+01
   5.09505880000000e+07   1.73908460965322e-06   2.51224864326656e+01
   5.13505910000000e+07   1.07154505712970e-06   2.49303349204548e+01
   5.17505930000000e+07   6.55857775200275e-07   2.50744485546264e+01
   9.57550960000000e+07   4.61822515353560e-03   2.53146379447328e+01
   9.61550990000000e+07   1.32440663946909e-06   2.50984674936472e+01
   9.65551020000000e+07   2.65020366896351e-06   2.46861423734780e+01
   9.69551040000000e+07   1.51263077441399e-06   2.50144012070648e+01
   9.73551070000000e+07   1.82687790584168e-06   2.50824548676336e+01
   9.77551090000000e+07   2.08628830478119e-06   2.50344169895869e+01
   9.81551120000000e+07   1.28149417832901e-06   2.49423443899722e+01
   9.85551150000000e+07   2.36963455790828e-06   2.50904611806405e+01
   9.89551170000000e+07   1.44079308483924e-06   2.51785306237000e+01
   9.93551200000000e+07   1.98540078599763e-06   2.50584359286114e+01
   9.97551220000000e+07   2.05549736165267e-06   2.51425022151793e+01
   1.00155125000000e+08   1.32929017127026e-06   2.50384201460911e+01
   1.00555128000000e+08   2.38154552789638e-06   2.50464264590994e+01
   1.00955130000000e+08   1.42092278565542e-06   2.51384990586767e+01
   1.01355133000000e+08   1.88612261808885e-06   2.51024706501504e+01
   1.01755136000000e+08   1.96823020814918e-06   2.51585148411891e+01
   1.02155138000000e+08   1.34193214762490e-06   2.48702875728593e+01
   1.02555141000000e+08   2.33250671044516e-06   2.49743696420159e+01
   1.02955143000000e+08   1.10742962533550e-06   2.50624390851152e+01
   1.03355146000000e+08   1.78773984771396e-06   2.51425022151793e+01
   1.03755149000000e+08   1.64621303611057e-06   2.50184043635693e+01
   1.04155151000000e+08   1.23558538689394e-06   2.54187200137095e+01
   1.04555154000000e+08   2.02001842808386e-06   2.48182465382651e+01
   1.04955156000000e+08   1.31187186980242e-06   2.49863791115312e+01
   1.05355159000000e+08   1.89356205737568e-06   2.51024706501504e+01
   1.48998508000000e+08  -4.20987466350198e-03   2.46701297474385e+01
   1.49398511000000e+08   1.11544034098188e-06   2.51465053716819e+01
   1.49798513000000e+08   1.22257472412457e-06   2.49983885810460e+01
   1.50198516000000e+08   1.08515200736292e-06   2.46300981823354e+01
   1.50598519000000e+08   9.93103185464861e-07   2.52746063797306e+01
   1.50998521000000e+08   2.79237428912893e-06   2.45140066435005e+01
   1.51398524000000e+08   1.17301067348308e-06   2.54147168572112e+01
   1.51798526000000e+08   1.54263148033351e-06   2.51425022151793e+01
   1.52198529000000e+08   1.40268457471393e-06   2.51224864326656e+01
   1.52598532000000e+08   1.40569557061099e-06   2.50144012070648e+01
   1.52998534000000e+08   2.74869307759218e-06   2.55027863001602e+01
   1.53398537000000e+08   1.05573394648673e-06   2.43899087915832e+01
   1.53798539000000e+08   1.73501700828638e-06   2.48903033553927e+01
   1.54198542000000e+08   1.37796132548829e-06   2.47541960341345e+01
   1.54598545000000e+08   1.66107804489002e-06   2.50224075200738e+01
   1.54998547000000e+08   2.51217534241732e-06   2.59031019495546e+01
   1.55398550000000e+08   1.00090699106659e-06   2.52225653452185e+01
   1.55798552000000e+08   1.60872878041118e-06   2.49823759550261e+01
   1.56198555000000e+08   1.49913273617130e-06   2.48702875728593e+01
   1.56598558000000e+08   1.72337445292214e-06   2.51024706501504e+01
   1.56998560000000e+08   2.44047146225057e-06   2.46100823997815e+01
   1.57398563000000e+08   8.76703836638626e-07   2.45540382086220e+01
   1.57798566000000e+08   1.82290557404485e-06   2.51585148411891e+01
   1.58198568000000e+08   1.56500971115747e-06   2.46981518430070e+01
   1.58598571000000e+08   1.93695450434461e-06   2.45500350521102e+01
   1.93789038000000e+08   2.36977473832667e-03   2.49903822680362e+01
   1.94189041000000e+08   1.38996585974382e-06   2.47702086601686e+01
   1.94589043000000e+08   3.71184773939603e-06   2.50704453981228e+01
   1.94989046000000e+08  -3.80791135512482e-07   2.48462686338171e+01
   1.95389048000000e+08   3.06716901832260e-06   2.50224075200738e+01
   1.95789051000000e+08   2.57987380791747e-06   2.49383412334665e+01
   1.96189054000000e+08   1.92023185263679e-06   2.50304138330826e+01
   1.96589056000000e+08   3.87175805371953e-06   2.50063948940555e+01
   1.96989059000000e+08  -4.74888622647995e-07   2.49423443899722e+01
   1.97389061000000e+08   2.96893017548427e-06   2.49383412334665e+01
   1.97789064000000e+08   2.11307792596926e-06   2.50824548676336e+01
   1.98189067000000e+08   1.79333085270628e-06   2.51024706501504e+01
   1.98589069000000e+08   3.27654447573877e-06   2.51024706501504e+01
   1.98989072000000e+08  -5.67190397759987e-07   2.49543538594890e+01
   1.99389074000000e+08   3.11600979330251e-06   2.50344169895869e+01
   1.99789077000000e+08   1.92432594303682e-06   2.51505085281844e+01
   2.00189080000000e+08   1.71483725353028e-06   2.49583570159945e+01
   2.00589082000000e+08   2.76096329798747e-06   2.50504296156035e+01
   2.00989085000000e+08  -4.73512898224726e-07   2.50504296156035e+01
   2.01389088000000e+08   3.14677390633733e-06   2.50704453981228e+01
   2.01789090000000e+08   1.57444924298034e-06   2.50864580241371e+01
   2.02189093000000e+08   1.61019534061779e-06   2.51665211541937e+01
   2.02589095000000e+08   2.41241514231660e-06   2.49943854245411e+01
   2.02989098000000e+08  -3.02684100006445e-07   2.49383412334665e+01
   2.03389101000000e+08   3.19095647682843e-06   2.51264895891685e+01
