   4.00003000000000e+05   2.12003237720637e-06   2.49743696420159e+01
   8.00006000000000e+05   2.18478066926764e-06   2.49703664855106e+01
   1.20000800000000e+06   1.69358202128933e-06   2.50304138330826e+01
   1.60001100000000e+06   2.30804903367243e-06   2.49623601725000e+01
   2.00001300000000e+06   2.01136458599649e-06   2.51064738066536e+01
   2.40001600000000e+06   1.50681046307000e-06   2.50184043635693e+01
   2.80001900000000e+06   1.92053835235129e-06   2.49823759550261e+01
   3.20002100000000e+06   1.89044919807202e-06   2.49863791115312e+01
   3.60002400000000e+06   1.93009077520401e-06   2.48742907293661e+01
   4.00002700000000e+06   1.75134982782765e-06   2.50944643371439e+01
   4.40002900000000e+06   2.22915741687757e-06   2.50023917375508e+01
   4.80003200000000e+06   2.13813700611354e-06   2.49303349204548e+01
   5.20003400000000e+06   1.83421093424840e-06   2.50984674936472e+01
   5.60003700000000e+06   2.02423734663171e-06   2.49903822680362e+01
   6.00004000000000e+06   2.36977189160825e-06   2.49383412334665e+01
   6.40004200000000e+06   2.25611847781693e-06   2.49103191379245e+01
   6.80004500000000e+06   2.20651259041915e-06   2.49983885810460e+01
   7.20004700000000e+06   2.21588811655238e-06   2.49783727985210e+01
   7.60005000000000e+06   2.17830165638588e-06   2.49983885810460e+01
   8.00005300000000e+06   1.00049317097728e-06   2.49983885810460e+01
   8.40005500000000e+06   8.45400677462749e-07   2.49743696420159e+01
   8.80005800000000e+06   8.55170981139963e-07   2.49663633290053e+01
   9.20006000000000e+06   7.81149992690189e-07   2.50264106765782e+01
   9.60006300000000e+06   9.24225503240450e-07   2.50384201460911e+01
   4.21189840000000e+07   1.44000106956810e-04   2.50184043635693e+01
   4.25189860000000e+07   1.28781380226428e-06   2.50544327721075e+01
   4.29189890000000e+07   9.67515688898857e-07   2.50824548676336e+01
   4.33189920000000e+07   1.50994787873060e-06   2.50504296156035e+01
   4.37189940000000e+07   1.08683389044018e-06   2.50624390851152e+01
   4.41189970000000e+07   1.20406866699341e-06   2.49583570159945e+01
   4.45189990000000e+07   1.42884130127641e-06   2.50544327721075e+01
   4.49190020000000e+07   1.35173479520745e-06   2.49503507029835e+01
   4.53190050000000e+07   1.18569312235195e-06   2.49343380769607e+01
   4.57190070000000e+07   1.16301282560016e-06   2.49183254509368e+01
   4.61190100000000e+07   5.90313845805213e-07   2.49983885810460e+01
   4.65190120000000e+07   8.65889489887195e-07   2.49823759550261e+01
   4.69190150000000e+07   2.67660595909547e-07   2.49423443899722e+01
   4.73190180000000e+07   8.22339984551945e-07   2.51024706501504e+01
   4.77190200000000e+07   1.25627070701739e-06   2.49583570159945e+01
   4.81190230000000e+07   1.94962490240869e-06   2.50824548676336e+01
   4.85190250000000e+07   2.17756564779847e-06   2.51144801196597e+01
   4.89190280000000e+07   2.02894239009765e-06   2.50624390851152e+01
   4.93190310000000e+07   2.29832335207902e-06   2.50544327721075e+01
   4.97190330000000e+07   2.13849943975220e-06   2.51224864326656e+01
   5.01190360000000e+07   1.97993813344510e-06   2.50744485546264e+01
   5.05190390000000e+07   2.17562796933635e-06   2.50704453981228e+01
   5.09190410000000e+07   2.32623983720259e-06   2.50704453981228e+01
   5.13190440000000e+07   2.03657009478775e-06   2.51064738066536e+01
   5.17190460000000e+07   2.05977516998246e-06   2.50424233025953e+01
   9.54358540000000e+07   2.17550274101086e-04   2.49983885810460e+01
   9.58358560000000e+07   1.61778029905690e-06   2.49823759550261e+01
   9.62358590000000e+07   2.18960144593439e-06   2.50544327721075e+01
   9.66358620000000e+07   1.39006237986905e-06   2.51545116846868e+01
   9.70358640000000e+07   1.78203390532872e-06   2.51224864326656e+01
   9.74358670000000e+07   1.96786618289480e-06   2.51825337802020e+01
   9.78358690000000e+07   1.39750204652955e-06   2.50704453981228e+01
   9.82358720000000e+07   2.09236463888374e-06   2.49383412334665e+01
   9.86358750000000e+07   1.61384559760336e-06   2.50824548676336e+01
   9.90358770000000e+07   1.87948569418950e-06   2.51144801196597e+01
   9.94358800000000e+07   1.98608859136584e-06   2.49503507029835e+01
   9.98358820000000e+07   1.64358164056466e-06   2.49943854245411e+01
   1.00235885000000e+08   2.62716071119939e-06   2.49183254509368e+01
   1.00635888000000e+08   1.92230595530418e-06   2.49463475464779e+01
   1.01035890000000e+08   2.09119389182888e-06   2.49743696420159e+01
   1.01435893000000e+08   2.40766826209438e-06   2.49383412334665e+01
   1.01835895000000e+08   1.60097488333122e-06   2.50103980505602e+01
   1.02235898000000e+08   1.99330565919809e-06   2.48943065118992e+01
   1.02635901000000e+08   1.49202082866395e-06   2.49783727985210e+01
   1.03035903000000e+08   1.76407081653451e-06   2.49183254509368e+01
   1.03435906000000e+08   2.00403769667901e-06   2.50103980505602e+01
   1.03835908000000e+08   1.62267269843142e-06   2.49983885810460e+01
   1.04235911000000e+08   2.49084905590280e-06   2.50424233025953e+01
   1.04635914000000e+08   2.05488936444453e-06   2.49863791115312e+01
   1.05035916000000e+08   2.11938254324195e-06   2.50304138330826e+01
   1.48427402000000e+08   1.85325145139359e-04   2.49823759550261e+01
   1.48827404000000e+08   1.61754041982931e-06   2.50224075200738e+01
   1.49227407000000e+08   1.53178837081214e-06   2.50504296156035e+01
   1.49627410000000e+08   1.89665115613025e-06   2.49943854245411e+01
   1.50027412000000e+08   1.44218427067244e-06   2.50224075200738e+01
   1.50427415000000e+08   2.03921717911726e-06   2.50304138330826e+01
   1.50827417000000e+08   1.71935380421928e-06   2.50344169895869e+01
   1.51227420000000e+08   1.61575781021384e-06   2.50424233025953e+01
   1.51627423000000e+08   1.87871955859009e-06   2.50464264590994e+01
   1.52027425000000e+08   7.52862092667783e-07   2.50384201460911e+01
   1.52427428000000e+08   1.16456112664309e-06   2.50744485546264e+01
   1.52827430000000e+08   8.56686995120981e-07   2.49983885810460e+01
   1.53227433000000e+08   8.34106515412714e-07   2.50544327721075e+01
   1.53627436000000e+08   1.39069925353397e-06   2.50784517111300e+01
   1.54027438000000e+08   1.17965385015850e-06   2.50824548676336e+01
   1.54427441000000e+08   1.79565563485085e-06   2.50864580241371e+01
   1.54827443000000e+08   1.62946525961161e-06   2.49703664855106e+01
   1.55227446000000e+08   1.56833675646340e-06   2.51505085281844e+01
   1.55627449000000e+08   1.77572576376406e-06   2.50984674936472e+01
   1.56027451000000e+08   1.18942864446581e-06   2.50944643371439e+01
   1.56427454000000e+08   1.69308259501122e-06   2.50144012070648e+01
   1.56827456000000e+08   1.40388317504403e-06   2.50664422416190e+01
   1.57227459000000e+08   1.27042028452706e-06   2.49743696420159e+01
   1.57627462000000e+08   1.87871739854018e-06   2.50144012070648e+01
   1.58027464000000e+08   1.65371034199779e-06   2.49983885810460e+01
   1.93027401000000e+08   1.69287726748735e-04   2.50824548676336e+01
   1.93427404000000e+08   1.14640738502203e-06   2.49543538594890e+01
   1.93827406000000e+08   1.29817715333047e-06   2.50023917375508e+01
   1.94227409000000e+08   1.41870259540156e-06   2.49663633290053e+01
   1.94627412000000e+08   1.06106301700493e-06   2.50344169895869e+01
   1.95027414000000e+08   1.41027521749493e-06   2.50184043635693e+01
   1.95427417000000e+08   1.17945921829232e-06   2.49463475464779e+01
   1.95827419000000e+08   1.36927712901525e-06   2.50224075200738e+01
   1.96227422000000e+08   1.55157124481775e-06   2.51264895891685e+01
   1.96627425000000e+08   1.26166298741737e-06   2.50344169895869e+01
   1.97027427000000e+08   1.54154440679122e-06   2.49703664855106e+01
   1.97427430000000e+08   1.35562243031018e-06   2.51144801196597e+01
   1.97827432000000e+08   1.76151456798834e-06   2.50744485546264e+01
   1.98227435000000e+08   1.95797838387080e-06   2.50944643371439e+01
   1.98627438000000e+08   1.75607169694558e-06   2.50664422416190e+01
   1.99027440000000e+08   2.02460569198593e-06   2.51505085281844e+01
   1.99427443000000e+08   1.84435521077830e-06   2.51104769631567e+01
   1.99827445000000e+08   2.21154937207757e-06   2.51465053716819e+01
   2.00227448000000e+08   2.58032582678425e-06   2.50584359286114e+01
   2.00627451000000e+08   2.28268663704512e-06   2.51024706501504e+01
   2.01027453000000e+08   2.58638965533464e-06   2.50584359286114e+01
   2.01427456000000e+08   2.40146414398623e-06   2.51144801196597e+01
   2.01827458000000e+08   2.35431207329384e-06   2.50784517111300e+01
   2.02227461000000e+08   2.32953971135430e-06   2.49823759550261e+01
   2.02627464000000e+08   2.09376753446122e-06   2.50664422416190e+01
