   4.00002000000000e+05   1.51218125665764e-06   2.50264106765782e+01
   8.00005000000000e+05   1.62709307005571e-06   2.51184832761627e+01
   1.20000800000000e+06   1.21849518563977e-06   2.51064738066536e+01
   1.60001000000000e+06   1.51536221437709e-06   2.50304138330826e+01
   2.00001300000000e+06   1.41266366426862e-06   2.50584359286114e+01
   2.40001500000000e+06   1.43764430049487e-06   2.49383412334665e+01
   2.80001800000000e+06   1.62283015470166e-06   2.49583570159945e+01
   3.20002100000000e+06   1.67889402291621e-06   2.49263317639489e+01
   3.60002300000000e+06   1.81172697466536e-06   2.49703664855106e+01
   4.00002600000000e+06   1.70057126069878e-06   2.49383412334665e+01
   4.40002800000000e+06   1.64139862590673e-06   2.50184043635693e+01
   4.80003100000000e+06   1.97010103875073e-06   2.50144012070648e+01
   5.20003400000000e+06   1.73262048974721e-06   2.50504296156035e+01
   5.60003600000000e+06   1.94236190509400e-06   2.50664422416190e+01
   6.00003900000000e+06   1.69160557561554e-06   2.50384201460911e+01
   6.40004100000000e+06   1.93185178432032e-06   2.51144801196597e+01
   6.80004400000000e+06   1.98520001504221e-06   2.50544327721075e+01
   7.20004700000000e+06   1.95590905605059e-06   2.49583570159945e+01
   7.60004900000000e+06   2.12403824662033e-06   2.49823759550261e+01
   8.00005200000000e+06   2.02560340767377e-06   2.49903822680362e+01
   8.40005400000000e+06   1.98158636521839e-06   2.50224075200738e+01
   8.80005700000000e+06   1.65446181199513e-06   2.51224864326656e+01
   9.20006000000000e+06   1.44158104831149e-06   2.51865369367039e+01
   9.60006200000000e+06   1.61875709636661e-06   2.50224075200738e+01
   4.24551400000000e+07  -2.05656304024160e-03   2.50464264590994e+01
   4.28551430000000e+07   2.59097828347876e-06   2.50464264590994e+01
   4.32551450000000e+07   1.39578071411961e-06   2.50464264590994e+01
   4.36551480000000e+07   3.92493660683613e-07   2.50624390851152e+01
   4.40551500000000e+07   2.05170090339379e-06   2.50624390851152e+01
   4.44551530000000e+07   2.50225571107876e-06   2.49903822680362e+01
   4.48551560000000e+07   2.48792412094190e-06   2.49743696420159e+01
   4.52551580000000e+07   1.35996344852174e-06   2.50424233025953e+01
   4.56551610000000e+07   8.02463091531536e-07   2.50023917375508e+01
   4.60551630000000e+07   2.50237758336880e-06   2.50063948940555e+01
   4.64551660000000e+07   2.61414288615924e-06   2.48983096684056e+01
   4.68551690000000e+07   2.09500217351888e-06   2.49983885810460e+01
   4.72551710000000e+07   1.13152259473281e-06   2.50304138330826e+01
   4.76551740000000e+07   8.65352546952636e-07   2.49623601725000e+01
   4.80551760000000e+07   2.40505278270575e-06   2.50144012070648e+01
   4.84551790000000e+07   2.37619497056585e-06   2.50544327721075e+01
   4.88551820000000e+07   1.90871151062311e-06   2.50224075200738e+01
   4.92551840000000e+07   1.10082817172952e-06   2.49823759550261e+01
   4.96551870000000e+07   9.61054297476949e-07   2.51064738066536e+01
   5.00551890000000e+07   2.50898665399291e-06   2.50304138330826e+01
   5.04551920000000e+07   2.26628958444053e-06   2.50103980505602e+01
   5.08551950000000e+07   1.64655921253143e-06   2.50744485546264e+01
   5.12551970000000e+07   1.00443571682263e-06   2.50624390851152e+01
   5.16552000000000e+07   1.15207922135596e-06   2.50023917375508e+01
   5.20552020000000e+07   2.52159043157008e-06   2.50664422416190e+01
   9.54111530000000e+07   4.62052505463362e-03   2.50304138330826e+01
   9.58111550000000e+07   1.89128502370295e-06   2.49783727985210e+01
   9.62111580000000e+07   3.68203700418235e-06   2.50224075200738e+01
   9.66111600000000e+07   2.98902318718319e-06   2.50664422416190e+01
   9.70111630000000e+07   9.04831154002750e-07   2.50224075200738e+01
   9.74111660000000e+07   2.34235358220758e-06   2.50424233025953e+01
   9.78111680000000e+07   1.64730363394483e-06   2.50544327721075e+01
   9.82111710000000e+07   3.59988803211309e-06   2.50544327721075e+01
   9.86111730000000e+07   2.26899487643095e-06   2.50103980505602e+01
   9.90111760000000e+07   7.29713633518259e-07   2.50984674936472e+01
   9.94111790000000e+07   1.95627376342600e-06   2.50744485546264e+01
   9.98111810000000e+07   1.58796638061176e-06   2.49983885810460e+01
   1.00211184000000e+08   3.01910995403887e-06   2.51585148411891e+01
   1.00611186000000e+08   1.72308625678852e-06   2.51144801196597e+01
   1.01011189000000e+08   5.85060774938029e-07   2.50424233025953e+01
   1.01411192000000e+08   1.96408859665098e-06   2.49983885810460e+01
   1.01811194000000e+08   1.40645454393962e-06   2.50504296156035e+01
   1.02211197000000e+08   2.85176611214411e-06   2.49823759550261e+01
   1.02611199000000e+08   1.31731314922945e-06   2.50103980505602e+01
   1.03011202000000e+08   4.03203102905536e-07   2.49223286074429e+01
   1.03411205000000e+08   1.72644081430917e-06   2.49703664855106e+01
   1.03811207000000e+08   1.23060829082533e-06   2.48742907293661e+01
   1.04211210000000e+08   2.55073746302514e-06   2.50063948940555e+01
   1.04611212000000e+08   1.00872432540200e-06   2.48742907293661e+01
   1.05011215000000e+08   6.88813940996624e-07   2.49743696420159e+01
   1.48798166000000e+08  -4.21844981610775e-03   2.50624390851152e+01
   1.49198168000000e+08   6.81931908275146e-07   2.51224864326656e+01
   1.49598171000000e+08   1.74200897617993e-06   2.50784517111300e+01
   1.49998174000000e+08   6.79169289696802e-08   2.50984674936472e+01
   1.50398176000000e+08   3.61632692147396e-06   2.51184832761627e+01
   1.50798179000000e+08   3.13894543069182e-06   2.51104769631567e+01
   1.51198181000000e+08   4.82474035834457e-07   2.50464264590994e+01
   1.51598184000000e+08   1.81922951014712e-06   2.50664422416190e+01
   1.51998187000000e+08   3.27824693613366e-07   2.50063948940555e+01
   1.52398189000000e+08   3.87257023248821e-06   2.50944643371439e+01
   1.52798192000000e+08   2.66989559349895e-06   2.50584359286114e+01
   1.53198194000000e+08   6.43019518520305e-07   2.50504296156035e+01
   1.53598197000000e+08   1.84926341262326e-06   2.49903822680362e+01
   1.53998200000000e+08   9.42174665397033e-07   2.50464264590994e+01
   1.54398202000000e+08   3.98301926907152e-06   2.50744485546264e+01
   1.54798205000000e+08   2.34236290452827e-06   2.50504296156035e+01
   1.55198207000000e+08   4.44942742205967e-07   2.49943854245411e+01
   1.55598210000000e+08   1.86888962616649e-06   2.50384201460911e+01
   1.55998213000000e+08   1.20855349905469e-06   2.50224075200738e+01
   1.56398215000000e+08   3.72569820683566e-06   2.50224075200738e+01
   1.56798218000000e+08   1.93549340110621e-06   2.51144801196597e+01
   1.57198220000000e+08   4.84349072849000e-07   2.50304138330826e+01
   1.57598223000000e+08   2.12467625715362e-06   2.51585148411891e+01
   1.57998225000000e+08   1.28748285987967e-06   2.49783727985210e+01
   1.58398228000000e+08   3.79525067728537e-06   2.50704453981228e+01
   1.93419987000000e+08   2.36732442863286e-03   2.50344169895869e+01
   1.93819989000000e+08   2.67161271949590e-06   2.49623601725000e+01
   1.94219992000000e+08   2.70710955874165e-07   2.50664422416190e+01
   1.94619995000000e+08   2.70756891040946e-06   2.50664422416190e+01
   1.95019997000000e+08   1.17748845696042e-06   2.50784517111300e+01
   1.95420000000000e+08   1.11511258182873e-06   2.50624390851152e+01
   1.95820002000000e+08   2.81626057585527e-06   2.51064738066536e+01
   1.96220005000000e+08   3.27159597190985e-07   2.50864580241371e+01
   1.96620008000000e+08   2.56160001299577e-06   2.49703664855106e+01
   1.97020010000000e+08   1.06401046195970e-06   2.49623601725000e+01
   1.97420013000000e+08   1.16903493108111e-06   2.51985464062093e+01
   1.97820015000000e+08   2.35245261137607e-06   2.50304138330826e+01
   1.98220018000000e+08   2.41120517330273e-07   2.49263317639489e+01
   1.98620021000000e+08   2.65879793914792e-06   2.50384201460911e+01
   1.99020023000000e+08   1.16446346964949e-06   2.49063159814183e+01
   1.99420026000000e+08   1.54458439283189e-06   2.48903033553927e+01
   1.99820028000000e+08   2.40489180214354e-06   2.49503507029835e+01
   2.00220031000000e+08   7.73885915350547e-07   2.49063159814183e+01
   2.00620034000000e+08   2.90230923383206e-06   2.49343380769607e+01
   2.01020036000000e+08   1.41348448323697e-06   2.50264106765782e+01
   2.01420039000000e+08   2.02413684746716e-06   2.49023128249120e+01
   2.01820041000000e+08   2.69857264356688e-06   2.49263317639489e+01
   2.02220044000000e+08   9.71724034570798e-07   2.50063948940555e+01
   2.02620047000000e+08   2.88721525976143e-06   2.49503507029835e+01
   2.03020049000000e+08   1.06998777482659e-06   2.50544327721075e+01
