   4.00002000000000e+05   1.76803280282911e-06   2.50264106765782e+01
   8.00005000000000e+05   1.85838462130050e-06   2.51625179976914e+01
   1.20000700000000e+06   1.60331887855136e-06   2.50344169895869e+01
   1.60001000000000e+06   1.97304302673729e-06   2.49703664855106e+01
   2.00001300000000e+06   1.82090946054814e-06   2.51665211541937e+01
   2.40001500000000e+06   1.95076518139103e-06   2.52345748147222e+01
   2.80001800000000e+06   1.98224620362453e-06   2.52465842842254e+01
   3.20002000000000e+06   1.79941253009019e-06   2.51425022151793e+01
   3.60002300000000e+06   2.08009009838861e-06   2.45580413651338e+01
   4.00002600000000e+06   1.67831365160964e-06   2.52585937537280e+01
   4.40002800000000e+06   1.96112500816525e-06   2.48782938858728e+01
   4.80003100000000e+06   1.79217181539570e-06   2.52225653452185e+01
   5.20003300000000e+06   1.83402880793437e-06   2.54707610481822e+01
   5.60003600000000e+06   1.90800187738205e-06   2.50264106765782e+01
   6.00003800000000e+06   1.84707130301831e-06   2.45140066435005e+01
   6.40004100000000e+06   2.02382216230035e-06   2.45420287390862e+01
   6.80004400000000e+06   1.93694268091349e-06   2.54307294832041e+01
   7.20004600000000e+06   1.91820845429902e-06   2.49823759550261e+01
   7.60004900000000e+06   2.05295305022446e-06   2.49303349204548e+01
   8.00005100000000e+06   1.84371913292125e-06   2.48622812598455e+01
   8.40005400000000e+06   2.03104809770593e-06   2.52746063797306e+01
   8.80005700000000e+06   1.92149104805139e-06   2.51505085281844e+01
   9.20005900000000e+06   1.84668124347809e-06   2.50384201460911e+01
   9.60006200000000e+06   2.00938939087791e-06   2.48542749468314e+01
   4.22628770000000e+07   1.37900249683298e-04   2.50063948940555e+01
   4.26628790000000e+07   1.48146887113398e-06   2.50984674936472e+01
   4.30628820000000e+07   2.15369686884515e-06   2.50504296156035e+01
   4.34628840000000e+07   1.62404273851280e-06   2.50224075200738e+01
   4.38628870000000e+07   1.77579113369575e-06   2.50304138330826e+01
   4.42628900000000e+07   1.77052299932257e-06   2.50664422416190e+01
   4.46628920000000e+07   1.54257111262268e-06   2.50784517111300e+01
   4.50628950000000e+07   1.92749575944617e-06   2.50184043635693e+01
   4.54628970000000e+07   1.50567677792424e-06   2.51465053716819e+01
   4.58629000000000e+07   1.88124329270067e-06   2.50544327721075e+01
   4.62629030000000e+07   1.91915592040459e-06   2.50624390851152e+01
   4.66629050000000e+07   1.63659831287077e-06   2.50544327721075e+01
   4.70629080000000e+07   2.13577118302055e-06   2.49463475464779e+01
   4.74629100000000e+07   1.68107692388730e-06   2.49783727985210e+01
   4.78629130000000e+07   2.02442993213481e-06   2.50023917375508e+01
   4.82629160000000e+07   1.92382708519290e-06   2.50704453981228e+01
   4.86629180000000e+07   1.87444538823911e-06   2.50144012070648e+01
   4.90629210000000e+07   2.15255545299442e-06   2.49783727985210e+01
   4.94629230000000e+07   1.69241866387893e-06   2.49783727985210e+01
   4.98629260000000e+07   2.02012574845867e-06   2.49863791115312e+01
   5.02629290000000e+07   1.86097190635337e-06   2.50424233025953e+01
   5.06629310000000e+07   1.74862759649841e-06   2.49743696420159e+01
   5.10629340000000e+07   1.98421116692771e-06   2.50304138330826e+01
   5.14629360000000e+07   1.69083898526878e-06   2.50063948940555e+01
   5.18629390000000e+07   2.14980900636874e-06   2.50624390851152e+01
   9.54913370000000e+07   2.17350214370526e-04   2.49743696420159e+01
   9.58913390000000e+07   1.84742611963884e-06   2.50304138330826e+01
   9.62913420000000e+07   1.94024505617563e-06   2.50184043635693e+01
   9.66913440000000e+07   1.64419748216460e-06   2.50944643371439e+01
   9.70913470000000e+07   2.04238335754781e-06   2.50464264590994e+01
   9.74913500000000e+07   1.72206352999638e-06   2.50304138330826e+01
   9.78913520000000e+07   1.72540944731736e-06   2.50384201460911e+01
   9.82913550000000e+07   1.80840652319603e-06   2.50224075200738e+01
   9.86913570000000e+07   1.46740933359979e-06   2.51024706501504e+01
   9.90913600000000e+07   1.96325845536194e-06   2.50704453981228e+01
   9.94913630000000e+07   1.48298272506509e-06   2.50984674936472e+01
   9.98913650000000e+07   1.93628625311248e-06   2.49903822680362e+01
   1.00291368000000e+08   1.79905146069359e-06   2.50344169895869e+01
   1.00691370000000e+08   1.69121699400421e-06   2.50584359286114e+01
   1.01091373000000e+08   1.96933183360670e-06   2.50304138330826e+01
   1.01491375000000e+08   1.61955335897801e-06   2.49983885810460e+01
   1.01891378000000e+08   1.89217405477393e-06   2.49023128249120e+01
   1.02291381000000e+08   1.87131399798091e-06   2.50864580241371e+01
   1.02691383000000e+08   1.66797804013186e-06   2.51104769631567e+01
   1.03091386000000e+08   2.06051504392235e-06   2.50023917375508e+01
   1.03491388000000e+08   1.64024061177770e-06   2.49103191379245e+01
   1.03891391000000e+08   1.89649563253624e-06   2.50864580241371e+01
   1.04291394000000e+08   1.62186267971265e-06   2.51184832761627e+01
   1.04691396000000e+08   1.62130265835003e-06   2.50744485546264e+01
   1.05091399000000e+08   1.86364877663436e-06   2.51344959021740e+01
   1.48823646000000e+08   1.83525189640932e-04   2.50464264590994e+01
   1.49223648000000e+08   1.54006067987211e-06   2.49743696420159e+01
   1.49623651000000e+08   2.02477212951635e-06   2.50704453981228e+01
   1.50023654000000e+08   1.54477277192200e-06   2.49743696420159e+01
   1.50423656000000e+08   1.64526011303678e-06   2.49703664855106e+01
   1.50823659000000e+08   1.88847320714558e-06   2.50103980505602e+01
   1.51223661000000e+08   1.48885635553597e-06   2.49823759550261e+01
   1.51623664000000e+08   1.92657307707123e-06   2.49583570159945e+01
   1.52023667000000e+08   1.54877500335715e-06   2.50424233025953e+01
   1.52423669000000e+08   1.66273468948930e-06   2.49783727985210e+01
   1.52823672000000e+08   1.78315076482249e-06   2.49743696420159e+01
   1.53223674000000e+08   1.40135648507567e-06   2.49423443899722e+01
   1.53623677000000e+08   1.91892922885017e-06   2.49983885810460e+01
   1.54023680000000e+08   1.78577204223984e-06   2.49823759550261e+01
   1.54423682000000e+08   2.03186868930061e-06   2.49463475464779e+01
   1.54823685000000e+08   2.15528712033120e-06   2.49103191379245e+01
   1.55223687000000e+08   1.78184541255177e-06   2.49343380769607e+01
   1.55623690000000e+08   2.30214595831058e-06   2.50184043635693e+01
   1.56023693000000e+08   1.70219857409393e-06   2.50944643371439e+01
   1.56423695000000e+08   1.98496832126693e-06   2.50063948940555e+01
   1.56823698000000e+08   1.99736405193107e-06   2.50224075200738e+01
   1.57223700000000e+08   1.59003855060291e-06   2.50023917375508e+01
   1.57623703000000e+08   2.17305978367222e-06   2.49863791115312e+01
   1.58023706000000e+08   1.60486968070472e-06   2.49863791115312e+01
   1.58423708000000e+08   1.96037171917851e-06   2.50784517111300e+01
   1.93400716000000e+08   1.68575177667663e-04   2.51064738066536e+01
   1.93800719000000e+08   1.84022610483225e-06   2.50984674936472e+01
   1.94200721000000e+08   2.02166074814158e-06   2.51785306237000e+01
   1.94600724000000e+08   1.79121605015098e-06   2.52946221622325e+01
   1.95000727000000e+08   2.01717443815141e-06   2.51625179976914e+01
   1.95400729000000e+08   1.86524323453341e-06   2.51264895891685e+01
   1.95800732000000e+08   1.80563495177921e-06   2.50784517111300e+01
   1.96200734000000e+08   1.76579249000497e-06   2.51745274671980e+01
   1.96600737000000e+08   1.60154377226718e-06   2.50984674936472e+01
   1.97000740000000e+08   1.71655801750603e-06   2.51945432497076e+01
   1.97400742000000e+08   1.72344425664051e-06   2.50344169895869e+01
   1.97800745000000e+08   1.45175431498501e-06   2.50264106765782e+01
   1.98200747000000e+08   1.50441962887271e-06   2.51865369367039e+01
   1.98600750000000e+08   1.32982677314430e-06   2.49463475464779e+01
   1.99000753000000e+08   1.45481840263528e-06   2.50023917375508e+01
   1.99400755000000e+08   1.37003416966763e-06   2.49023128249120e+01
   1.99800758000000e+08   1.62223409461149e-06   2.50144012070648e+01
   2.00200760000000e+08   1.79764765562140e-06   2.50424233025953e+01
   2.00600763000000e+08   1.78826905994356e-06   2.50264106765782e+01
   2.01000766000000e+08   1.74548506493011e-06   2.48983096684056e+01
   2.01400768000000e+08   1.86853526429331e-06   2.52946221622325e+01
   2.01800771000000e+08   1.76405455931672e-06   2.51064738066536e+01
   2.02200773000000e+08   1.98886255020625e-06   2.51264895891685e+01
   2.02600776000000e+08   1.86777481303579e-06   2.50744485546264e+01
   2.03000779000000e+08   1.97559029402328e-06   2.50264106765782e+01
