   4.00002000000000e+05   2.62411936091667e-06   2.50904611806405e+01
   8.00005000000000e+05   2.04128150471661e-06   2.49663633290053e+01
   1.20000700000000e+06   2.51568849307660e-06   2.50464264590994e+01
   1.60001000000000e+06   2.59049465967109e-06   2.49823759550261e+01
   2.00001200000000e+06   2.15512568502163e-06   2.50824548676336e+01
   2.40001500000000e+06   2.75626575785282e-06   2.50304138330826e+01
   2.80001800000000e+06   2.13933549275680e-06   2.49663633290053e+01
   3.20002000000000e+06   2.26580800699594e-06   2.49383412334665e+01
   3.60002300000000e+06   2.25196708925068e-06   2.49783727985210e+01
   4.00002500000000e+06   1.87136038221070e-06   2.50904611806405e+01
   4.40002800000000e+06   2.49494291892915e-06   2.50184043635693e+01
   4.80003100000000e+06   1.87949649443908e-06   2.50464264590994e+01
   5.20003300000000e+06   2.15608747566876e-06   2.49943854245411e+01
   5.60003600000000e+06   2.25546318688430e-06   2.50504296156035e+01
   6.00003800000000e+06   1.82602013865107e-06   2.49743696420159e+01
   6.40004100000000e+06   2.40292820308241e-06   2.50704453981228e+01
   6.80004400000000e+06   1.81897405582276e-06   2.49903822680362e+01
   7.20004600000000e+06   2.08379196919850e-06   2.50464264590994e+01
   7.60004900000000e+06   2.09592280953075e-06   2.50744485546264e+01
   8.00005100000000e+06   1.71563260664698e-06   2.50424233025953e+01
   8.40005400000000e+06   2.29061720347090e-06   2.50784517111300e+01
   8.80005700000000e+06   1.64865241458756e-06   2.50304138330826e+01
   9.20005900000000e+06   1.58682553319522e-06   2.49623601725000e+01
   9.60006200000000e+06   1.58789737270126e-06   2.49903822680362e+01
   4.21106680000000e+07   2.36791255883873e-03   2.50704453981228e+01
   4.25106700000000e+07   2.26384827328729e-06   2.50063948940555e+01
   4.29106730000000e+07   7.99942483808991e-07   2.49663633290053e+01
   4.33106750000000e+07   3.19877835863736e-06   2.50023917375508e+01
   4.37106780000000e+07   1.23987581446272e-06   2.49823759550261e+01
   4.41106800000000e+07   2.94152891910926e-06   2.49663633290053e+01
   4.45106830000000e+07   2.39563837567403e-06   2.50103980505602e+01
   4.49106860000000e+07   9.61956288847432e-07   2.49543538594890e+01
   4.53106880000000e+07   2.85333430838364e-06   2.50103980505602e+01
   4.57106910000000e+07   1.11971326077764e-06   2.50023917375508e+01
   4.61106930000000e+07   2.48071705755137e-06   2.51144801196597e+01
   4.65106960000000e+07   2.06424647331005e-06   2.49903822680362e+01
   4.69106990000000e+07   6.10602626238688e-07   2.50063948940555e+01
   4.73107010000000e+07   2.52855761573301e-06   2.51344959021740e+01
   4.77107040000000e+07   7.59956435558706e-07   2.50824548676336e+01
   4.81107060000000e+07   2.20831020669721e-06   2.51425022151793e+01
   4.85107090000000e+07   1.62577612172754e-06   2.49663633290053e+01
   4.89107120000000e+07   7.81703818120150e-07   2.49463475464779e+01
   4.93107140000000e+07   2.82020619124523e-06   2.50063948940555e+01
   4.97107170000000e+07   1.22540041047614e-06   2.50424233025953e+01
   5.01107190000000e+07   2.50738571594411e-06   2.51585148411891e+01
   5.05107220000000e+07   1.89562558716716e-06   2.49623601725000e+01
   5.09107250000000e+07   1.05325705135328e-06   2.50624390851152e+01
   5.13107270000000e+07   2.66500751422427e-06   2.50984674936472e+01
   5.17107300000000e+07   1.21405753361614e-06   2.50544327721075e+01
   9.54025350000000e+07  -4.24474896863103e-03   2.50464264590994e+01
   9.58025380000000e+07   6.77101752444287e-07   2.51184832761627e+01
   9.62025410000000e+07   3.73353191207570e-06   2.50784517111300e+01
   9.66025430000000e+07   1.67148198215727e-06   2.50624390851152e+01
   9.70025460000000e+07   1.65021344855631e-06   2.51024706501504e+01
   9.74025480000000e+07   2.28645740207867e-06   2.50624390851152e+01
   9.78025510000000e+07   8.81628807292145e-07   2.49943854245411e+01
   9.82025530000000e+07   3.56705095327925e-06   2.50744485546264e+01
   9.86025560000000e+07   1.61393688813405e-06   2.50704453981228e+01
   9.90025590000000e+07   1.57372232933994e-06   2.49663633290053e+01
   9.94025610000000e+07   2.18961349673918e-06   2.50824548676336e+01
   9.98025640000000e+07   7.79952415541629e-07   2.49863791115312e+01
   1.00202566000000e+08   3.56850387106533e-06   2.49863791115312e+01
   1.00602569000000e+08   1.33023502257856e-06   2.50424233025953e+01
   1.01002572000000e+08   1.56879809765087e-06   2.50264106765782e+01
   1.01402574000000e+08   1.95250527212920e-06   2.50184043635693e+01
   1.01802577000000e+08   9.13895462417713e-07   2.49983885810460e+01
   1.02202579000000e+08   3.20989215651935e-06   2.49143222944307e+01
   1.02602582000000e+08   1.20095648981078e-06   2.50664422416190e+01
   1.03002585000000e+08   1.69500344782136e-06   2.50984674936472e+01
   1.03402587000000e+08   2.23439928959124e-06   2.50063948940555e+01
   1.03802590000000e+08   1.13792327738338e-06   2.50624390851152e+01
   1.04202592000000e+08   3.45885405295121e-06   2.50864580241371e+01
   1.04602595000000e+08   1.32893819682067e-06   2.50824548676336e+01
   1.05002598000000e+08   1.49263928506116e-06   2.50984674936472e+01
   1.48731274000000e+08   4.64502489194274e-03   2.50103980505602e+01
   1.49131276000000e+08   2.29062015932868e-06   2.50904611806405e+01
   1.49531279000000e+08   1.73797468505654e-06   2.50584359286114e+01
   1.49931281000000e+08   1.17796162157902e-06   2.49863791115312e+01
   1.50331284000000e+08   2.59871308116999e-06   2.50224075200738e+01
   1.50731287000000e+08   1.15521868337964e-06   2.50504296156035e+01
   1.51131289000000e+08   2.32827483159781e-06   2.50384201460911e+01
   1.51531292000000e+08   1.79443270553747e-06   2.49743696420159e+01
   1.51931294000000e+08   1.27222165247076e-06   2.50224075200738e+01
   1.52331297000000e+08   2.74788430942863e-06   2.49343380769607e+01
   1.52731300000000e+08   1.19817900667840e-06   2.49543538594890e+01
   1.53131302000000e+08   2.44805210058985e-06   2.49143222944307e+01
   1.53531305000000e+08   1.76673302121344e-06   2.49423443899722e+01
   1.53931307000000e+08   1.51975780227076e-06   2.49223286074429e+01
   1.54331310000000e+08   2.68505027634092e-06   2.49823759550261e+01
   1.54731312000000e+08   1.34942888507794e-06   2.50184043635693e+01
   1.55131315000000e+08   2.47040520662267e-06   2.49863791115312e+01
   1.55531318000000e+08   1.81789278030919e-06   2.50264106765782e+01
   1.55931320000000e+08   1.46616446272674e-06   2.49823759550261e+01
   1.56331323000000e+08   2.75102865998633e-06   2.50144012070648e+01
   1.56731325000000e+08   1.30663772779371e-06   2.50344169895869e+01
   1.57131328000000e+08   2.47935054176196e-06   2.50744485546264e+01
   1.57531331000000e+08   1.66393249401153e-06   2.50904611806405e+01
   1.57931333000000e+08   1.56511111981672e-06   2.50744485546264e+01
   1.58331336000000e+08   2.60845195043657e-06   2.50624390851152e+01
   1.93464442000000e+08  -2.06741248257458e-03   2.49983885810460e+01
   1.93864445000000e+08   3.17708850161580e-06   2.50984674936472e+01
   1.94264447000000e+08   1.63250876994425e-06   2.49823759550261e+01
   1.94664450000000e+08   2.76855894298933e-06   2.50944643371439e+01
   1.95064452000000e+08   2.00764452529256e-06   2.50464264590994e+01
   1.95464455000000e+08   2.34332696891215e-06   2.50904611806405e+01
   1.95864458000000e+08   2.64674417849164e-06   2.49783727985210e+01
   1.96264460000000e+08   1.21666096219997e-06   2.49863791115312e+01
   1.96664463000000e+08   2.34944150179217e-06   2.50824548676336e+01
   1.97064465000000e+08   1.44317380090797e-06   2.50744485546264e+01
   1.97464468000000e+08   1.83816678145376e-06   2.49663633290053e+01
   1.97864471000000e+08   1.95153688764549e-06   2.50023917375508e+01
   1.98264473000000e+08   6.75715568831947e-07   2.49463475464779e+01
   1.98664476000000e+08   1.81674124632991e-06   2.50304138330826e+01
   1.99064478000000e+08   1.61146715527138e-06   2.50584359286114e+01
   1.99464481000000e+08   2.08207325158583e-06   2.49783727985210e+01
   1.99864484000000e+08   2.23649567487882e-06   2.50224075200738e+01
   2.00264486000000e+08   1.03789011518529e-06   2.49983885810460e+01
   2.00664489000000e+08   2.16608736991475e-06   2.50063948940555e+01
   2.01064491000000e+08   1.96967971533013e-06   2.49423443899722e+01
   2.01464494000000e+08   2.49498498305911e-06   2.50144012070648e+01
   2.01864497000000e+08   2.57222905020171e-06   2.50544327721075e+01
   2.02264499000000e+08   1.51019514760264e-06   2.51104769631567e+01
   2.02664502000000e+08   2.55999179898936e-06   2.50944643371439e+01
   2.03064504000000e+08   1.73098226241564e-06   2.50544327721075e+01
