   4.00003000000000e+05   1.78447226062417e-06   2.50063948940555e+01
   8.00006000000000e+05   1.48221931794978e-06   2.49503507029835e+01
   1.20000800000000e+06   1.82637120360596e-06   2.51184832761627e+01
   1.60001100000000e+06   1.39317103275971e-06   2.51024706501504e+01
   2.00001300000000e+06   1.26889426610433e-06   2.50864580241371e+01
   2.40001600000000e+06   1.44389377965126e-06   2.50664422416190e+01
   2.80001900000000e+06   1.23704217003251e-06   2.49703664855106e+01
   3.20002100000000e+06   1.44386410738662e-06   2.49983885810460e+01
   3.60002400000000e+06   1.88243757293094e-06   2.50344169895869e+01
   4.00002600000000e+06   2.32956108447979e-06   2.50744485546264e+01
   4.40002900000000e+06   2.45491219175165e-06   2.49943854245411e+01
   4.80003200000000e+06   2.29889383263071e-06   2.50864580241371e+01
   5.20003400000000e+06   2.47679577114468e-06   2.50224075200738e+01
   5.60003700000000e+06   2.29204010793183e-06   2.49303349204548e+01
   6.00003900000000e+06   2.44849229602551e-06   2.50304138330826e+01
   6.40004200000000e+06   2.43814520217711e-06   2.49383412334665e+01
   6.80004400000000e+06   2.30297814596270e-06   2.50464264590994e+01
   7.20004700000000e+06   2.55258305514872e-06   2.49663633290053e+01
   7.60005000000000e+06   2.03657077690877e-06   2.49623601725000e+01
   8.00005200000000e+06   2.29122110795288e-06   2.49703664855106e+01
   8.40005500000000e+06   2.03422018785204e-06   2.49983885810460e+01
   8.80005700000000e+06   2.13185535358207e-06   2.50184043635693e+01
   9.20006000000000e+06   2.24240579882462e-06   2.49743696420159e+01
   9.60006300000000e+06   2.05079641091288e-06   2.49383412334665e+01
   4.21655460000000e+07  -2.10054963827133e-03   2.50784517111300e+01
   4.25655490000000e+07   2.45146043198474e-06   2.51024706501504e+01
   4.29655510000000e+07   2.71918997896137e-06   2.50264106765782e+01
   4.33655540000000e+07   4.17412735487233e-07   2.50744485546264e+01
   4.37655570000000e+07   1.78920834059682e-06   2.49463475464779e+01
   4.41655590000000e+07   7.55925327666773e-07   2.50664422416190e+01
   4.45655620000000e+07   2.50306288762658e-06   2.51825337802020e+01
   4.49655640000000e+07   2.43142790168349e-06   2.50864580241371e+01
   4.53655670000000e+07   7.01848534845340e-07   2.50504296156035e+01
   4.57655700000000e+07   1.61306854806753e-06   2.51465053716819e+01
   4.61655720000000e+07   8.14880536381679e-07   2.50744485546264e+01
   4.65655750000000e+07   2.13388284464600e-06   2.51264895891685e+01
   4.69655770000000e+07   2.42840474129480e-06   2.50624390851152e+01
   4.73655800000000e+07   6.56042914215504e-07   2.50944643371439e+01
   4.77655830000000e+07   1.97132499124564e-06   2.51104769631567e+01
   4.81655850000000e+07   1.10377561668429e-06   2.50904611806405e+01
   4.85655880000000e+07   2.56984367297264e-06   2.50023917375508e+01
   4.89655900000000e+07   2.68361873168033e-06   2.49743696420159e+01
   4.93655930000000e+07   1.08483493477252e-06   2.49903822680362e+01
   4.97655950000000e+07   2.12574514080188e-06   2.50864580241371e+01
   5.01655980000000e+07   1.24519931432587e-06   2.49383412334665e+01
   5.05656010000000e+07   2.49266850005370e-06   2.49983885810460e+01
   5.09656030000000e+07   2.63917581833084e-06   2.50664422416190e+01
   5.13656060000000e+07   1.35097036491061e-06   2.49903822680362e+01
   5.17656080000000e+07   2.37407675740542e-06   2.50864580241371e+01
   9.52078010000000e+07   4.69405017793179e-03   2.49863791115312e+01
   9.56078040000000e+07   9.27578980736143e-07   2.50664422416190e+01
   9.60078060000000e+07   1.32953266529512e-06   2.50464264590994e+01
   9.64078090000000e+07   2.28228532250796e-06   2.50304138330826e+01
   9.68078110000000e+07   1.18380137337226e-06   2.49983885810460e+01
   9.72078140000000e+07   2.44666171056451e-06   2.50784517111300e+01
   9.76078160000000e+07   8.80368418165745e-07   2.49983885810460e+01
   9.80078190000000e+07   9.56972371568554e-07   2.49623601725000e+01
   9.84078220000000e+07   1.99707210413180e-06   2.49783727985210e+01
   9.88078240000000e+07   9.38440336994972e-07   2.49943854245411e+01
   9.92078270000000e+07   2.20030278796912e-06   2.51064738066536e+01
   9.96078290000000e+07   8.37417019283748e-07   2.49743696420159e+01
   1.00007832000000e+08   1.16503179015126e-06   2.49863791115312e+01
   1.00407835000000e+08   2.05467563318962e-06   2.50144012070648e+01
   1.00807837000000e+08   1.07370556179376e-06   2.50184043635693e+01
   1.01207840000000e+08   2.29027295972628e-06   2.50664422416190e+01
   1.01607842000000e+08   1.13910027721431e-06   2.50144012070648e+01
   1.02007845000000e+08   1.36930373173527e-06   2.49823759550261e+01
   1.02407848000000e+08   2.15977115658461e-06   2.49663633290053e+01
   1.02807850000000e+08   1.42907367717271e-06   2.50704453981228e+01
   1.03207853000000e+08   2.49565027843346e-06   2.50984674936472e+01
   1.03607855000000e+08   1.42590920404473e-06   2.49383412334665e+01
   1.04007858000000e+08   1.35996685912687e-06   2.50144012070648e+01
   1.04407861000000e+08   2.32560296353768e-06   2.50624390851152e+01
   1.04807863000000e+08   1.50507833041047e-06   2.50184043635693e+01
   1.48419220000000e+08  -4.28479909896851e-03   2.49623601725000e+01
   1.48819223000000e+08   1.43206329994428e-06   2.49983885810460e+01
   1.49219226000000e+08   2.79741561826086e-06   2.50304138330826e+01
   1.49619228000000e+08   1.76005903540499e-06   2.50184043635693e+01
   1.50019231000000e+08   1.56546673224511e-06   2.49903822680362e+01
   1.50419233000000e+08   1.15885109153169e-06   2.48302560077878e+01
   1.50819236000000e+08   9.57271822699113e-07   2.49463475464779e+01
   1.51219239000000e+08   2.27583564083034e-06   2.49263317639489e+01
   1.51619241000000e+08   1.80791096227040e-06   2.48983096684056e+01
   1.52019244000000e+08   1.74068316027842e-06   2.49103191379245e+01
   1.52419246000000e+08   1.43792101425788e-06   2.50344169895869e+01
   1.52819249000000e+08   1.42540386605106e-06   2.50384201460911e+01
   1.53219252000000e+08   2.49882418756897e-06   2.49423443899722e+01
   1.53619254000000e+08   1.30120156427438e-06   2.50023917375508e+01
   1.54019257000000e+08   1.05452079424140e-06   2.51144801196597e+01
   1.54419259000000e+08   7.11039660927781e-07   2.51104769631567e+01
   1.54819262000000e+08   5.35586195837823e-07   2.51665211541937e+01
   1.55219264000000e+08   1.51267420278600e-06   2.50944643371439e+01
   1.55619267000000e+08   1.28863962345349e-06   2.51104769631567e+01
   1.56019270000000e+08   1.38973405228171e-06   2.50464264590994e+01
   1.56419272000000e+08   1.10687233245699e-06   2.51144801196597e+01
   1.56819275000000e+08   9.23953450637782e-07   2.49983885810460e+01
   1.57219277000000e+08   1.95829488802701e-06   2.50063948940555e+01
   1.57619280000000e+08   1.56388409777719e-06   2.50744485546264e+01
   1.58019283000000e+08   1.78243658410793e-06   2.49423443899722e+01
   1.92643661000000e+08   2.40347511135042e-03   2.50063948940555e+01
   1.93043663000000e+08   1.13751002572826e-06   2.49743696420159e+01
   1.93443666000000e+08   2.12965846912994e-06   2.50464264590994e+01
   1.93843669000000e+08   2.50113771471661e-06   2.50224075200738e+01
   1.94243671000000e+08   1.12911459382303e-06   2.49903822680362e+01
   1.94643674000000e+08   2.35225024880492e-06   2.49663633290053e+01
   1.95043676000000e+08   9.76014803200087e-07   2.49263317639489e+01
   1.95443679000000e+08   2.29271131502173e-06   2.49823759550261e+01
   1.95843682000000e+08   2.72321835836919e-06   2.49983885810460e+01
   1.96243684000000e+08   1.55015175096196e-06   2.49823759550261e+01
   1.96643687000000e+08   2.63954734691652e-06   2.49823759550261e+01
   1.97043689000000e+08   1.61028299316968e-06   2.50704453981228e+01
   1.97443692000000e+08   2.57474562204152e-06   2.50224075200738e+01
   1.97843694000000e+08   2.81472534879867e-06   2.50464264590994e+01
   1.98243697000000e+08   1.62311835083528e-06   2.50824548676336e+01
   1.98643700000000e+08   2.74052672466496e-06   2.49543538594890e+01
   1.99043702000000e+08   1.55841155446979e-06   2.49663633290053e+01
   1.99443705000000e+08   2.38044026446005e-06   2.51585148411891e+01
   1.99843707000000e+08   2.31139028983307e-06   2.50624390851152e+01
   2.00243710000000e+08   1.22566575555538e-06   2.50944643371439e+01
   2.00643713000000e+08   2.16232456295984e-06   2.50504296156035e+01
   2.01043715000000e+08   1.18857190045674e-06   2.50103980505602e+01
   2.01443718000000e+08   2.08011465474556e-06   2.51064738066536e+01
   2.01843720000000e+08   2.17919773604081e-06   2.49463475464779e+01
   2.02243723000000e+08   1.12617783543101e-06   2.49503507029835e+01
