   4.00003000000000e+05   2.14190777114709e-06   2.50264106765782e+01
   8.00005000000000e+05   2.11703172681155e-06   2.50184043635693e+01
   1.20000800000000e+06   2.13870998777566e-06   2.50624390851152e+01
   1.60001100000000e+06   2.21936170419212e-06   2.50424233025953e+01
   2.00001300000000e+06   1.85569604127522e-06   2.49823759550261e+01
   2.40001600000000e+06   2.09143013307767e-06   2.50784517111300e+01
   2.80001800000000e+06   1.89750096524222e-06   2.50704453981228e+01
   3.20002100000000e+06   1.94884114534943e-06   2.50063948940555e+01
   3.60002300000000e+06   2.01544048650248e-06   2.49383412334665e+01
   4.00002600000000e+06   1.96978930944169e-06   2.50984674936472e+01
   4.40002900000000e+06   2.11353767554101e-06   2.50984674936472e+01
   4.80003100000000e+06   2.03301078727236e-06   2.51144801196597e+01
   5.20003400000000e+06   2.00921476789517e-06   2.50744485546264e+01
   5.60003600000000e+06   2.11858991860936e-06   2.50744485546264e+01
   6.00003900000000e+06   1.51353640376328e-06   2.52065527192126e+01
   6.40004200000000e+06   1.65996937084856e-06   2.51505085281844e+01
   6.80004400000000e+06   1.47906075653736e-06   2.51264895891685e+01
   7.20004700000000e+06   1.56363682890515e-06   2.51184832761627e+01
   7.60004900000000e+06   1.57146348556125e-06   2.51384990586767e+01
   8.00005200000000e+06   1.43495253723813e-06   2.50624390851152e+01
   8.40005500000000e+06   1.46521006172406e-06   2.50944643371439e+01
   8.80005700000000e+06   1.43162219501392e-06   2.50984674936472e+01
   9.20006000000000e+06   1.43159741128329e-06   2.50984674936472e+01
   9.60006200000000e+06   1.52481197801535e-06   2.51344959021740e+01
   4.21079060000000e+07   2.35893740318716e-03   2.50624390851152e+01
   4.25079080000000e+07   9.93984485830879e-07   2.49823759550261e+01
   4.29079110000000e+07   1.85468388735899e-06   2.49543538594890e+01
   4.33079130000000e+07   2.43906333707855e-06   2.50023917375508e+01
   4.37079160000000e+07   8.42355916574888e-07   2.50784517111300e+01
   4.41079190000000e+07   2.42068244915572e-06   2.49543538594890e+01
   4.45079210000000e+07   1.14050271804444e-06   2.50704453981228e+01
   4.49079240000000e+07   2.07286416298302e-06   2.50144012070648e+01
   4.53079260000000e+07   2.46925264946185e-06   2.49543538594890e+01
   4.57079290000000e+07   9.96722974377917e-07   2.50624390851152e+01
   4.61079320000000e+07   2.82715018329327e-06   2.50464264590994e+01
   4.65079340000000e+07   1.44680257108121e-06   2.50344169895869e+01
   4.69079370000000e+07   2.38836423704925e-06   2.50344169895869e+01
   4.73079390000000e+07   2.66571487372858e-06   2.49223286074429e+01
   4.77079420000000e+07   1.33517937683791e-06   2.50023917375508e+01
   4.81079450000000e+07   2.66863730757905e-06   2.49343380769607e+01
   4.85079470000000e+07   1.23804579743592e-06   2.50544327721075e+01
   4.89079500000000e+07   2.35219590649649e-06   2.49383412334665e+01
   4.93079520000000e+07   2.51609390033991e-06   2.49663633290053e+01
   4.97079550000000e+07   1.18668026516389e-06   2.49823759550261e+01
   5.01079580000000e+07   2.47248726736871e-06   2.49583570159945e+01
   5.05079600000000e+07   1.29432487483427e-06   2.49303349204548e+01
   5.09079630000000e+07   2.22548965211899e-06   2.50584359286114e+01
   5.13079650000000e+07   2.19921889765828e-06   2.50504296156035e+01
   5.17079680000000e+07   1.17612000849476e-06   2.50544327721075e+01
   9.54493320000000e+07  -4.22307476401329e-03   2.50023917375508e+01
   9.58493350000000e+07   1.49472626276292e-07   2.51024706501504e+01
   9.62493370000000e+07   1.56554494878947e-06   2.50744485546264e+01
   9.66493400000000e+07   1.05464994248905e-06   2.51304927456713e+01
   9.70493420000000e+07   3.32401555169781e-06   2.51064738066536e+01
   9.74493450000000e+07   3.23940389534982e-06   2.51304927456713e+01
   9.78493480000000e+07  -2.65581885372512e-08   2.50344169895869e+01
   9.82493500000000e+07   1.58107604875113e-06   2.50784517111300e+01
   9.86493530000000e+07   1.11218798792834e-06   2.51024706501504e+01
   9.90493550000000e+07   3.15875968226464e-06   2.49343380769607e+01
   9.94493580000000e+07   2.71862631961994e-06   2.51064738066536e+01
   9.98493600000000e+07  -1.02110369937236e-07   2.50184043635693e+01
   1.00249363000000e+08   1.73372166045738e-06   2.50184043635693e+01
   1.00649366000000e+08   1.22532696877897e-06   2.50103980505602e+01
   1.01049368000000e+08   3.24144230035017e-06   2.49983885810460e+01
   1.01449371000000e+08   2.40626468439586e-06   2.50824548676336e+01
   1.01849373000000e+08  -5.12937567975769e-08   2.49943854245411e+01
   1.02249376000000e+08   1.95380721379479e-06   2.50063948940555e+01
   1.02649379000000e+08   1.54892506998294e-06   2.50023917375508e+01
   1.03049381000000e+08   3.25208702633972e-06   2.49903822680362e+01
   1.03449384000000e+08   2.13401153814630e-06   2.49503507029835e+01
   1.03849386000000e+08   5.48244543097098e-08   2.50544327721075e+01
   1.04249389000000e+08   2.04895013666828e-06   2.50864580241371e+01
   1.04649392000000e+08   1.58896102675499e-06   2.50063948940555e+01
   1.05049394000000e+08   3.01580757877673e-06   2.50664422416190e+01
   1.48490811000000e+08   4.62952442467213e-03   2.50624390851152e+01
   1.48890814000000e+08   6.32531794053648e-07   2.51024706501504e+01
   1.49290817000000e+08   2.29939337259566e-06   2.50944643371439e+01
   1.49690819000000e+08   2.17506681110535e-06   2.49903822680362e+01
   1.50090822000000e+08   4.53745741424427e-07   2.50664422416190e+01
   1.50490824000000e+08   3.45551347891160e-06   2.50744485546264e+01
   1.50890827000000e+08   4.80226525212402e-08   2.50824548676336e+01
   1.51290829000000e+08   1.84684131454560e-06   2.50584359286114e+01
   1.51690832000000e+08   1.69340603406454e-06   2.49983885810460e+01
   1.52090835000000e+08   8.21319872557069e-07   2.50704453981228e+01
   1.52490837000000e+08   3.51190874425811e-06   2.50264106765782e+01
   1.52890840000000e+08   1.70966657719873e-07   2.49943854245411e+01
   1.53290842000000e+08   2.04082607524469e-06   2.50464264590994e+01
   1.53690845000000e+08   1.76708340404730e-06   2.49863791115312e+01
   1.54090848000000e+08   6.86280316131160e-07   2.49583570159945e+01
   1.54490850000000e+08   2.87003490484494e-06   2.50224075200738e+01
   1.54890853000000e+08  -1.47803120853496e-07   2.49983885810460e+01
   1.55290855000000e+08   1.85270960173511e-06   2.50424233025953e+01
   1.55690858000000e+08   1.49249501646409e-06   2.49903822680362e+01
   1.56090861000000e+08   1.11739757358009e-06   2.50584359286114e+01
   1.56490863000000e+08   3.29804493048869e-06   2.50304138330826e+01
   1.56890866000000e+08   3.25399298617413e-07   2.51224864326656e+01
   1.57290868000000e+08   2.30130649470084e-06   2.50584359286114e+01
   1.57690871000000e+08   1.76418120645394e-06   2.50824548676336e+01
   1.58090874000000e+08   1.41737916692364e-06   2.50184043635693e+01
   1.93027428000000e+08  -2.05251271836460e-03   2.49703664855106e+01
   1.93427431000000e+08   2.81771281152032e-06   2.49903822680362e+01
   1.93827434000000e+08   9.89605950962869e-07   2.50384201460911e+01
   1.94227436000000e+08   7.98738767571194e-07   2.51184832761627e+01
   1.94627439000000e+08   2.23909842134162e-06   2.50384201460911e+01
   1.95027441000000e+08   2.35575816986966e-06   2.50504296156035e+01
   1.95427444000000e+08   2.21911773223837e-06   2.50784517111300e+01
   1.95827447000000e+08   8.49680645842454e-07   2.49743696420159e+01
   1.96227449000000e+08   1.27750945466687e-06   2.49943854245411e+01
   1.96627452000000e+08   2.64795494331338e-06   2.50504296156035e+01
   1.97027454000000e+08   2.56601538239920e-06   2.50424233025953e+01
   1.97427457000000e+08   2.35294851336221e-06   2.50464264590994e+01
   1.97827460000000e+08   1.03594004485785e-06   2.51064738066536e+01
   1.98227462000000e+08   1.40942370308039e-06   2.51104769631567e+01
   1.98627465000000e+08   2.61880791185831e-06   2.49863791115312e+01
   1.99027467000000e+08   2.40226790992892e-06   2.50224075200738e+01
   1.99427470000000e+08   2.17772662836069e-06   2.50784517111300e+01
   1.99827472000000e+08   9.34724141643528e-07   2.50664422416190e+01
   2.00227475000000e+08   1.40489430577873e-06   2.50063948940555e+01
   2.00627478000000e+08   2.48333412855573e-06   2.50304138330826e+01
   2.01027480000000e+08   2.14694432543183e-06   2.49583570159945e+01
   2.01427483000000e+08   1.80854704012745e-06   2.50664422416190e+01
   2.01827485000000e+08   7.42342535886564e-07   2.49983885810460e+01
   2.02227488000000e+08   1.48474089201045e-06   2.50464264590994e+01
   2.02627491000000e+08   2.27788655138284e-06   2.49263317639489e+01
