   4.00002000000000e+05   1.82705196039024e-06   2.49583570159945e+01
   8.00005000000000e+05   1.75410320935043e-06   2.50184043635693e+01
   1.20000800000000e+06   1.82128519554681e-06   2.49583570159945e+01
   1.60001000000000e+06   1.93225673683628e-06   2.50344169895869e+01
   2.00001300000000e+06   2.02875821742055e-06   2.50824548676336e+01
   2.40001500000000e+06   1.97325425688177e-06   2.49783727985210e+01
   2.80001800000000e+06   1.83244469553756e-06   2.50864580241371e+01
   3.20002000000000e+06   1.97090116671461e-06   2.50664422416190e+01
   3.60002300000000e+06   1.90216314877034e-06   2.49143222944307e+01
   4.00002600000000e+06   1.75061268237187e-06   2.49983885810460e+01
   4.40002800000000e+06   1.82207656962419e-06   2.50824548676336e+01
   4.80003100000000e+06   1.89182878784777e-06   2.51104769631567e+01
   5.20003300000000e+06   1.75880302322184e-06   2.49943854245411e+01
   5.60003600000000e+06   1.51189567532128e-06   2.50304138330826e+01
   6.00003900000000e+06   1.53416374359949e-06   2.50103980505602e+01
   6.40004100000000e+06   1.65818710229360e-06   2.50664422416190e+01
   6.80004400000000e+06   1.46211073115410e-06   2.50624390851152e+01
   7.20004600000000e+06   1.50837206547294e-06   2.50904611806405e+01
   7.60004900000000e+06   1.61015532285091e-06   2.50744485546264e+01
   8.00005200000000e+06   1.59821843226382e-06   2.50904611806405e+01
   8.40005400000000e+06   1.53533414959384e-06   2.49823759550261e+01
   8.80005700000000e+06   1.53221913024026e-06   2.50344169895869e+01
   9.20005900000000e+06   1.76111404925905e-06   2.49743696420159e+01
   9.60006200000000e+06   1.65626204307046e-06   2.50584359286114e+01
   4.22270040000000e+07  -2.04011215828359e-03   2.50464264590994e+01
   4.26270060000000e+07   2.40958297581528e-06   2.51264895891685e+01
   4.30270090000000e+07   2.25087978833471e-06   2.49303349204548e+01
   4.34270110000000e+07   1.13959140435327e-06   2.49383412334665e+01
   4.38270140000000e+07   1.68042208770203e-06   2.50424233025953e+01
   4.42270170000000e+07   1.66627341968706e-06   2.51545116846868e+01
   4.46270190000000e+07   2.19979278881510e-06   2.47822181296936e+01
   4.50270220000000e+07   1.98572729459556e-06   2.50584359286114e+01
   4.54270240000000e+07   1.11847793959896e-06   2.51665211541937e+01
   4.58270270000000e+07   1.93807841242233e-06   2.50184043635693e+01
   4.62270300000000e+07   1.90359503449145e-06   2.50504296156035e+01
   4.66270320000000e+07   2.31584772336646e-06   2.50824548676336e+01
   4.70270350000000e+07   1.78292691543902e-06   2.50264106765782e+01
   4.74270370000000e+07   8.80379047885071e-07   2.50984674936472e+01
   4.78270400000000e+07   1.70884618455602e-06   2.49103191379245e+01
   4.82270430000000e+07   1.61161915457342e-06   2.50984674936472e+01
   4.86270450000000e+07   1.73978673956299e-06   2.50504296156035e+01
   4.90270480000000e+07   1.32399350150081e-06   2.49583570159945e+01
   4.94270500000000e+07   1.18359344014607e-06   2.49903822680362e+01
   4.98270530000000e+07   2.16369562622276e-06   2.51384990586767e+01
   5.02270560000000e+07   1.91673370864009e-06   2.50224075200738e+01
   5.06270580000000e+07   2.03574973056675e-06   2.48542749468314e+01
   5.10270610000000e+07   1.45091632930416e-06   2.50304138330826e+01
   5.14270630000000e+07   1.57013403168094e-06   2.50304138330826e+01
   5.18270660000000e+07   2.49623712988978e-06   2.51945432497076e+01
   9.55242250000000e+07   4.58264956250787e-03   2.50264106765782e+01
   9.59242270000000e+07   1.63417826115619e-06   2.49703664855106e+01
   9.63242300000000e+07  -9.59190742833016e-07   2.50504296156035e+01
   9.67242320000000e+07   2.74682815870619e-06   2.49783727985210e+01
   9.71242350000000e+07   2.63661058852449e-06   2.50184043635693e+01
   9.75242380000000e+07   1.38540997340897e-06   2.50464264590994e+01
   9.79242400000000e+07   1.62349192578404e-06   2.49743696420159e+01
   9.83242430000000e+07  -7.18302786140157e-08   2.50384201460911e+01
   9.87242450000000e+07   3.45088164976914e-06   2.50504296156035e+01
   9.91242480000000e+07   2.56147495747427e-06   2.49863791115312e+01
   9.95242510000000e+07   1.55956990965933e-06   2.50424233025953e+01
   9.99242530000000e+07   1.91157732842839e-06   2.50384201460911e+01
   1.00324256000000e+08   7.21183823770843e-07   2.49503507029835e+01
   1.00724258000000e+08   4.18116860601003e-06   2.50103980505602e+01
   1.01124261000000e+08   2.41515090237954e-06   2.50344169895869e+01
   1.01524264000000e+08   1.45162027820334e-06   2.50464264590994e+01
   1.01924266000000e+08   1.81328618964471e-06   2.50023917375508e+01
   1.02324269000000e+08   1.24550274449575e-06   2.50304138330826e+01
   1.02724271000000e+08   4.21388085669605e-06   2.50184043635693e+01
   1.03124274000000e+08   1.85041869826819e-06   2.50544327721075e+01
   1.03524277000000e+08   1.10551718535135e-06   2.50704453981228e+01
   1.03924279000000e+08   1.81288646672328e-06   2.50264106765782e+01
   1.04324282000000e+08   1.46083198160341e-06   2.49943854245411e+01
   1.04724284000000e+08   3.79394350602524e-06   2.50504296156035e+01
   1.05124287000000e+08   1.15761690722138e-06   2.49423443899722e+01
   1.48829943000000e+08  -4.18447470292449e-03   2.49903822680362e+01
   1.49229945000000e+08   1.73460193764186e-06   2.50304138330826e+01
   1.49629948000000e+08   2.99008070214768e-06   2.50063948940555e+01
   1.50029950000000e+08   2.68291273641807e-06   2.50344169895869e+01
   1.50429953000000e+08   1.22207552522013e-06   2.49983885810460e+01
   1.50829955000000e+08   1.94373342310428e-06   2.49143222944307e+01
   1.51229958000000e+08   2.08469509743736e-06   2.50023917375508e+01
   1.51629961000000e+08   2.86648401015555e-06   2.50504296156035e+01
   1.52029963000000e+08   2.14963438338600e-06   2.49303349204548e+01
   1.52429966000000e+08   9.68381868915458e-07   2.50424233025953e+01
   1.52829968000000e+08   2.01816965272883e-06   2.51064738066536e+01
   1.53229971000000e+08   2.01460261450848e-06   2.50184043635693e+01
   1.53629974000000e+08   2.63459241978126e-06   2.49383412334665e+01
   1.54029976000000e+08   1.75592151663295e-06   2.50184043635693e+01
   1.54429979000000e+08   1.01043428912817e-06   2.50304138330826e+01
   1.54829981000000e+08   2.15425166061323e-06   2.49223286074429e+01
   1.55229984000000e+08   2.13084013012121e-06   2.49623601725000e+01
   1.55629987000000e+08   2.52080280915834e-06   2.50304138330826e+01
   1.56029989000000e+08   1.61670368470368e-06   2.50063948940555e+01
   1.56429992000000e+08   1.11954636849987e-06   2.50103980505602e+01
   1.56829994000000e+08   2.50139100899105e-06   2.50023917375508e+01
   1.57229997000000e+08   1.96852738554298e-06   2.50344169895869e+01
   1.57630000000000e+08   1.93846517504426e-06   2.50384201460911e+01
   1.58030002000000e+08   8.98188204701000e-07   2.51425022151793e+01
   1.58430005000000e+08   9.94963215816824e-07   2.50103980505602e+01
   1.93536609000000e+08   2.34901276417077e-03   2.50103980505602e+01
   1.93936611000000e+08   3.22940422847751e-06   2.50224075200738e+01
   1.94336614000000e+08   2.30952105084725e-06   2.49503507029835e+01
   1.94736617000000e+08   8.04880755822523e-07   2.50664422416190e+01
   1.95136619000000e+08   2.85394185084442e-06   2.50704453981228e+01
   1.95536622000000e+08   1.91436825502933e-07   2.49623601725000e+01
   1.95936624000000e+08   3.26666327055136e-06   2.50344169895869e+01
   1.96336627000000e+08   1.90466175808979e-06   2.50384201460911e+01
   1.96736630000000e+08   7.75532726038364e-07   2.50464264590994e+01
   1.97136632000000e+08   2.64922960013791e-06   2.49823759550261e+01
   1.97536635000000e+08   4.41663132733083e-07   2.49903822680362e+01
   1.97936637000000e+08   3.35863001055259e-06   2.51264895891685e+01
   1.98336640000000e+08   1.45593241995812e-06   2.50904611806405e+01
   1.98736643000000e+08   9.04072692264890e-07   2.49943854245411e+01
   1.99136645000000e+08   2.71477847491042e-06   2.49943854245411e+01
   1.99536648000000e+08   7.82033680479799e-07   2.50784517111300e+01
   1.99936650000000e+08   3.29705244439538e-06   2.50664422416190e+01
   2.00336653000000e+08   1.21982577638846e-06   2.50304138330826e+01
   2.00736656000000e+08   1.20254389912589e-06   2.50864580241371e+01
   2.01136658000000e+08   2.76429886980623e-06   2.50544327721075e+01
   2.01536661000000e+08   1.28720887460076e-06   2.50224075200738e+01
   2.01936663000000e+08   3.65820028491726e-06   2.50063948940555e+01
   2.02336666000000e+08   1.49186814724089e-06   2.50063948940555e+01
   2.02736669000000e+08   1.84229918431811e-06   2.50264106765782e+01
   2.03136671000000e+08   3.01266459246108e-06   2.50144012070648e+01
