   4.00003000000000e+05   1.87312025445863e-06   2.50264106765782e+01
   8.00005000000000e+05   1.80133952198958e-06   2.48863001988861e+01
   1.20000800000000e+06   1.80329186605377e-06   2.49303349204548e+01
   1.60001000000000e+06   1.97849635696912e-06   2.49103191379245e+01
   2.00001300000000e+06   1.81741677351965e-06   2.50664422416190e+01
   2.40001500000000e+06   1.86874012797489e-06   2.49943854245411e+01
   2.80001800000000e+06   1.98396128325840e-06   2.50063948940555e+01
   3.20002100000000e+06   1.48684796386078e-06   2.50384201460911e+01
   3.60002300000000e+06   1.53125824908784e-06   2.50184043635693e+01
   4.00002600000000e+06   1.41541909215448e-06   2.50304138330826e+01
   4.40002800000000e+06   1.50133303122857e-06   2.50504296156035e+01
   4.80003100000000e+06   1.45501837778284e-06   2.51024706501504e+01
   5.20003400000000e+06   1.28451210912317e-06   2.50103980505602e+01
   5.60003600000000e+06   1.52396398789278e-06   2.50184043635693e+01
   6.00003900000000e+06   1.23178267585899e-06   2.50864580241371e+01
   6.40004100000000e+06   1.46809020407090e-06   2.49823759550261e+01
   6.80004400000000e+06   1.29935301629303e-06   2.50103980505602e+01
   7.20004700000000e+06   1.68959127222479e-06   2.49943854245411e+01
   7.60004900000000e+06   1.74275999142992e-06   2.50023917375508e+01
   8.00005200000000e+06   1.60407694238529e-06   2.48863001988861e+01
   8.40005400000000e+06   1.80016775175318e-06   2.49583570159945e+01
   8.80005700000000e+06   1.67028827036120e-06   2.49103191379245e+01
   9.20006000000000e+06   2.05606193048880e-06   2.49663633290053e+01
   9.60006200000000e+06   2.28731460083509e-06   2.49703664855106e+01
   4.21914680000000e+07  -2.08453717641532e-03   2.49423443899722e+01
   4.25914710000000e+07   1.28686508560349e-06   2.50784517111300e+01
   4.29914740000000e+07   3.23366452903429e-06   2.50103980505602e+01
   4.33914760000000e+07   6.11547648077249e-07   2.50063948940555e+01
   4.37914790000000e+07   2.40202780332766e-06   2.50544327721075e+01
   4.41914810000000e+07   1.92090305972670e-06   2.50384201460911e+01
   4.45914840000000e+07   1.42365695410263e-06   2.50424233025953e+01
   4.49914870000000e+07   3.10501809508423e-06   2.51224864326656e+01
   4.53914890000000e+07   6.48643890599487e-07   2.50304138330826e+01
   4.57914920000000e+07   2.21684240386821e-06   2.50424233025953e+01
   4.61914940000000e+07   1.68703024883143e-06   2.50103980505602e+01
   4.65914970000000e+07   1.35906896048255e-06   2.50824548676336e+01
   4.69914990000000e+07   3.00014698950690e-06   2.50103980505602e+01
   4.73915020000000e+07   6.63297043956845e-07   2.49743696420159e+01
   4.77915050000000e+07   2.23279198507953e-06   2.50904611806405e+01
   4.81915070000000e+07   1.74826504917291e-06   2.50624390851152e+01
   4.85915100000000e+07   1.50957646383176e-06   2.50344169895869e+01
   4.89915120000000e+07   2.94981964543695e-06   2.50144012070648e+01
   4.93915150000000e+07   1.28676208532852e-06   2.50023917375508e+01
   4.97915180000000e+07   2.56075691140722e-06   2.50184043635693e+01
   5.01915200000000e+07   2.17618685383059e-06   2.49743696420159e+01
   5.05915230000000e+07   1.79758944796049e-06   2.49823759550261e+01
   5.09915250000000e+07   3.34633409693197e-06   2.50184043635693e+01
   5.13915280000000e+07   1.18456387099286e-06   2.50063948940555e+01
   5.17915310000000e+07   2.60532306128880e-06   2.50464264590994e+01
   9.56422070000000e+07   4.66930028051138e-03   2.50304138330826e+01
   9.60422090000000e+07   6.39112613498583e-07   2.50063948940555e+01
   9.64422120000000e+07   3.52267579728505e-06   2.51825337802020e+01
   9.68422140000000e+07   1.23657412132161e-06   2.50424233025953e+01
   9.72422170000000e+07   2.60125671047717e-06   2.50624390851152e+01
   9.76422200000000e+07   2.84121529148251e-06   2.51505085281844e+01
   9.80422220000000e+07   4.41437862264138e-07   2.50864580241371e+01
   9.84422250000000e+07   3.28067039845337e-06   2.50584359286114e+01
   9.88422270000000e+07   1.17654235509690e-06   2.50264106765782e+01
   9.92422300000000e+07   2.60792876360938e-06   2.51304927456713e+01
   9.96422330000000e+07   2.86815020444919e-06   2.50264106765782e+01
   1.00042235000000e+08   7.70821259266086e-07   2.50464264590994e+01
   1.00442238000000e+08   3.35309073307144e-06   2.50224075200738e+01
   1.00842240000000e+08   1.28180624869856e-06   2.50063948940555e+01
   1.01242243000000e+08   2.67482209892478e-06   2.50464264590994e+01
   1.01642246000000e+08   2.95776430903061e-06   2.50264106765782e+01
   1.02042248000000e+08   8.37873074033268e-07   2.50744485546264e+01
   1.02442251000000e+08   3.37355231749825e-06   2.50624390851152e+01
   1.02842253000000e+08   1.45461785905354e-06   2.51024706501504e+01
   1.03242256000000e+08   2.66064535026089e-06   2.49943854245411e+01
   1.03642259000000e+08   2.70807436208997e-06   2.50904611806405e+01
   1.04042261000000e+08   7.89307591730903e-07   2.50344169895869e+01
   1.04442264000000e+08   3.21875927511428e-06   2.50224075200738e+01
   1.04842266000000e+08   1.27158648410841e-06   2.49823759550261e+01
   1.05242269000000e+08   2.01827879209304e-06   2.49623601725000e+01
   1.48841466000000e+08  -4.27847448736429e-03   2.50344169895869e+01
   1.49241469000000e+08   1.66746247032279e-06   2.49543538594890e+01
   1.49641472000000e+08   1.88694434655190e-06   2.49903822680362e+01
   1.50041474000000e+08   2.67908399109729e-06   2.49503507029835e+01
   1.50441477000000e+08   2.18789637074224e-06   2.49663633290053e+01
   1.50841479000000e+08   1.99011424228956e-06   2.50544327721075e+01
   1.51241482000000e+08   1.47175524034537e-06   2.50664422416190e+01
   1.51641485000000e+08   1.90349010154023e-06   2.50904611806405e+01
   1.52041487000000e+08   2.36743949244556e-06   2.49983885810460e+01
   1.52441490000000e+08   2.12337272387231e-06   2.51024706501504e+01
   1.52841492000000e+08   1.85198769031558e-06   2.50224075200738e+01
   1.53241495000000e+08   1.45260833050997e-06   2.50304138330826e+01
   1.53641498000000e+08   1.86460374607123e-06   2.50103980505602e+01
   1.54041500000000e+08   2.49237882599118e-06   2.50704453981228e+01
   1.54441503000000e+08   2.00975591724273e-06   2.50824548676336e+01
   1.54841505000000e+08   1.92333368431719e-06   2.51505085281844e+01
   1.55241508000000e+08   1.53930170654348e-06   2.50704453981228e+01
   1.55641511000000e+08   2.03066770154692e-06   2.50504296156035e+01
   1.56041513000000e+08   2.45900355366757e-06   2.49823759550261e+01
   1.56441516000000e+08   2.13072939914127e-06   2.49943854245411e+01
   1.56841518000000e+08   1.98265297512989e-06   2.49863791115312e+01
   1.57241521000000e+08   1.63848903866892e-06   2.51505085281844e+01
   1.57641524000000e+08   1.93279925042589e-06   2.50023917375508e+01
   1.58041526000000e+08   2.43592171500495e-06   2.49743696420159e+01
   1.58441529000000e+08   2.09591075872595e-06   2.51264895891685e+01
   1.93184283000000e+08   2.38926243036985e-03   2.50504296156035e+01
   1.93584286000000e+08   2.53228677138395e-06   2.50023917375508e+01
   1.93984289000000e+08   3.64817424269859e-07   2.49423443899722e+01
   1.94384291000000e+08   2.27794225793332e-06   2.49783727985210e+01
   1.94784294000000e+08   1.08764368178527e-06   2.49703664855106e+01
   1.95184296000000e+08   1.49228287682490e-06   2.50304138330826e+01
   1.95584299000000e+08   2.84650900539418e-06   2.50144012070648e+01
   1.95984301000000e+08   8.39200879454438e-07   2.50144012070648e+01
   1.96384304000000e+08   2.74160561275494e-06   2.50144012070648e+01
   1.96784307000000e+08   1.45937542583852e-06   2.49263317639489e+01
   1.97184309000000e+08   1.47488412949315e-06   2.48943065118992e+01
   1.97584312000000e+08   2.46068680098688e-06   2.50063948940555e+01
   1.97984314000000e+08   5.78484616653441e-07   2.49463475464779e+01
   1.98384317000000e+08   2.21970913116820e-06   2.50584359286114e+01
   1.98784320000000e+08   1.17218451123335e-06   2.50864580241371e+01
   1.99184322000000e+08   1.61544062393659e-06   2.50264106765782e+01
   1.99584325000000e+08   2.83228632724786e-06   2.50304138330826e+01
   1.99984327000000e+08   9.24158655379870e-07   2.50424233025953e+01
   2.00384330000000e+08   2.73525188276835e-06   2.49903822680362e+01
   2.00784333000000e+08   1.55142402036290e-06   2.49383412334665e+01
   2.01184335000000e+08   2.12715963243681e-06   2.49903822680362e+01
   2.01584338000000e+08   3.20118374474987e-06   2.49303349204548e+01
   2.01984340000000e+08   1.48041124248266e-06   2.49823759550261e+01
   2.02384343000000e+08   3.12833662974299e-06   2.49383412334665e+01
   2.02784346000000e+08   2.03640206564160e-06   2.50224075200738e+01
