   4.00003000000000e+05   1.70440159763530e-06   2.50624390851152e+01
   8.00005000000000e+05   1.63007405262761e-06   2.50344169895869e+01
   1.20000800000000e+06   1.85547287401278e-06   2.50464264590994e+01
   1.60001100000000e+06   1.61309401391918e-06   2.50224075200738e+01
   2.00001300000000e+06   1.84882787834795e-06   2.51024706501504e+01
   2.40001600000000e+06   2.00746762857307e-06   2.50664422416190e+01
   2.80001800000000e+06   2.22305811803380e-06   2.50063948940555e+01
   3.20002100000000e+06   2.20084780266916e-06   2.50824548676336e+01
   3.60002400000000e+06   2.11368796954048e-06   2.50224075200738e+01
   4.00002600000000e+06   2.27697910304414e-06   2.50784517111300e+01
   4.40002900000000e+06   2.34013486988260e-06   2.50224075200738e+01
   4.80003100000000e+06   2.85143687506206e-06   2.50063948940555e+01
   5.20003400000000e+06   2.46844638240873e-06   2.50264106765782e+01
   5.60003700000000e+06   2.68095368483046e-06   2.50384201460911e+01
   6.00003900000000e+06   2.69011729869817e-06   2.51024706501504e+01
   6.40004200000000e+06   2.14166448131436e-06   2.50304138330826e+01
   6.80004400000000e+06   2.41817792812071e-06   2.50424233025953e+01
   7.20004700000000e+06   1.86137492619309e-06   2.50023917375508e+01
   7.60004900000000e+06   2.29591569222976e-06   2.50224075200738e+01
   8.00005200000000e+06   2.08343908525421e-06   2.49943854245411e+01
   8.40005500000000e+06   1.84824352800206e-06   2.51024706501504e+01
   8.80005700000000e+06   1.86482304798119e-06   2.49743696420159e+01
   9.20006000000000e+06   1.69807617567130e-06   2.50063948940555e+01
   9.60006200000000e+06   1.96641735783487e-06   2.51585148411891e+01
   4.21200020000000e+07  -2.07808753475547e-03   2.50664422416190e+01
   4.25200050000000e+07   2.47590287472121e-06   2.51264895891685e+01
   4.29200070000000e+07   2.16260445995431e-06   2.49903822680362e+01
   4.33200100000000e+07   1.18286334327422e-06   2.49703664855106e+01
   4.37200120000000e+07   2.34272033594607e-06   2.49903822680362e+01
   4.41200150000000e+07   2.74204558081692e-06   2.50063948940555e+01
   4.45200180000000e+07   2.43983595282771e-06   2.49943854245411e+01
   4.49200200000000e+07   1.93395885617065e-06   2.49743696420159e+01
   4.53200230000000e+07   1.14419651708886e-06   2.50584359286114e+01
   4.57200250000000e+07   2.39883547692443e-06   2.49823759550261e+01
   4.61200280000000e+07   2.60057913692435e-06   2.50144012070648e+01
   4.65200310000000e+07   2.39626911024970e-06   2.49063159814183e+01
   4.69200330000000e+07   1.73219530097413e-06   2.50063948940555e+01
   4.73200360000000e+07   1.21015386866929e-06   2.49903822680362e+01
   4.77200380000000e+07   2.30457908401149e-06   2.50224075200738e+01
   4.81200410000000e+07   2.45932142206584e-06   2.50864580241371e+01
   4.85200440000000e+07   2.25290273192513e-06   2.50504296156035e+01
   4.89200460000000e+07   1.78200320988253e-06   2.50664422416190e+01
   4.93200490000000e+07   1.19432547762699e-06   2.49703664855106e+01
   4.97200510000000e+07   2.31603394240665e-06   2.49423443899722e+01
   5.01200540000000e+07   2.30920727517514e-06   2.50424233025953e+01
   5.05200560000000e+07   2.52871791417419e-06   2.49983885810460e+01
   5.09200590000000e+07   1.62865148922720e-06   2.50944643371439e+01
   5.13200620000000e+07   1.48052390613884e-06   2.50864580241371e+01
   5.17200640000000e+07   2.58568911704060e-06   2.51264895891685e+01
   9.53419540000000e+07   4.63977456092834e-03   2.49983885810460e+01
   9.57419560000000e+07   2.85290661850013e-06   2.50584359286114e+01
   9.61419590000000e+07   1.34910578708514e-07   2.50944643371439e+01
   9.65419610000000e+07   2.03719787350565e-06   2.50544327721075e+01
   9.69419640000000e+07   1.97945837498992e-06   2.49983885810460e+01
   9.73419660000000e+07  -2.71726268152861e-08   2.50464264590994e+01
   9.77419690000000e+07   2.69785141426837e-06   2.50784517111300e+01
   9.81419720000000e+07   1.28485666550660e-07   2.50344169895869e+01
   9.85419740000000e+07   2.30028535952442e-06   2.51024706501504e+01
   9.89419770000000e+07   2.02150204131613e-06   2.49623601725000e+01
   9.93419790000000e+07   4.84147221868625e-07   2.50784517111300e+01
   9.97419820000000e+07   2.72930742539756e-06   2.49823759550261e+01
   1.00141985000000e+08   5.05367268033297e-07   2.50144012070648e+01
   1.00541987000000e+08   2.91907872451702e-06   2.50744485546264e+01
   1.00941990000000e+08   2.48354422183183e-06   2.50824548676336e+01
   1.01341992000000e+08   1.17534682431142e-06   2.50944643371439e+01
   1.01741995000000e+08   3.24456186717725e-06   2.50063948940555e+01
   1.02141997000000e+08   1.15113880383433e-06   2.50424233025953e+01
   1.02542000000000e+08   3.38068230121280e-06   2.51425022151793e+01
   1.02942003000000e+08   2.69198358182621e-06   2.50744485546264e+01
   1.03342005000000e+08   1.71439705809462e-06   2.50384201460911e+01
   1.03742008000000e+08   3.60185845238448e-06   2.50384201460911e+01
   1.04142010000000e+08   1.27552857520641e-06   2.50864580241371e+01
   1.04542013000000e+08   2.94005849355017e-06   2.51104769631567e+01
   1.04942016000000e+08   2.23705910684657e-06   2.50664422416190e+01
   1.48848842000000e+08  -4.24227491021156e-03   2.50704453981228e+01
   1.49248845000000e+08   3.15845227305545e-06   2.50704453981228e+01
   1.49648847000000e+08   1.69311022091279e-06   2.50144012070648e+01
   1.50048850000000e+08   2.22042262976174e-06   2.50864580241371e+01
   1.50448852000000e+08   5.00872886277648e-07   2.50744485546264e+01
   1.50848855000000e+08   2.74212857220846e-06   2.50344169895869e+01
   1.51248858000000e+08   2.78482343674114e-06   2.50744485546264e+01
   1.51648860000000e+08   1.41722682656109e-06   2.51064738066536e+01
   1.52048863000000e+08   2.01977468350378e-06   2.50304138330826e+01
   1.52448865000000e+08   7.04878914348228e-07   2.51184832761627e+01
   1.52848868000000e+08   3.02836997434497e-06   2.50063948940555e+01
   1.53248871000000e+08   2.94610163109610e-06   2.49823759550261e+01
   1.53648873000000e+08   1.67426901498402e-06   2.50624390851152e+01
   1.54048876000000e+08   2.16943158193317e-06   2.50784517111300e+01
   1.54448878000000e+08   1.04270770862058e-06   2.51184832761627e+01
   1.54848881000000e+08   3.17883291245380e-06   2.49903822680362e+01
   1.55248883000000e+08   2.80714971268026e-06   2.49663633290053e+01
   1.55648886000000e+08   1.73316129803425e-06   2.50624390851152e+01
   1.56048889000000e+08   2.10156872526568e-06   2.50464264590994e+01
   1.56448891000000e+08   8.60129432567192e-07   2.50744485546264e+01
   1.56848894000000e+08   2.82494397652044e-06   2.51144801196597e+01
   1.57248896000000e+08   2.30771092901705e-06   2.50023917375508e+01
   1.57648899000000e+08   1.37593156068760e-06   2.50584359286114e+01
   1.58048902000000e+08   1.68535007105675e-06   2.49583570159945e+01
   1.58448904000000e+08   5.76954960251896e-07   2.50744485546264e+01
   1.93450424000000e+08   2.38079996779561e-03   2.50063948940555e+01
   1.93850426000000e+08   2.29150009545265e-06   2.50544327721075e+01
   1.94250429000000e+08   2.75131083071756e-06   2.50224075200738e+01
   1.94650432000000e+08   1.75578622929606e-06   2.50344169895869e+01
   1.95050434000000e+08   3.25160931424762e-06   2.51224864326656e+01
   1.95450437000000e+08   1.82753581157158e-06   2.50063948940555e+01
   1.95850439000000e+08   2.32208390116284e-06   2.50184043635693e+01
   1.96250442000000e+08   2.55734994425438e-06   2.50023917375508e+01
   1.96650444000000e+08   1.40309487051127e-06   2.49983885810460e+01
   1.97050447000000e+08   2.60762931247882e-06   2.49503507029835e+01
   1.97450450000000e+08   1.43913518968475e-06   2.50864580241371e+01
   1.97850452000000e+08   1.91784897651814e-06   2.50224075200738e+01
   1.98250455000000e+08   2.14756801142357e-06   2.49663633290053e+01
   1.98650457000000e+08   1.08697963696613e-06   2.50544327721075e+01
   1.99050460000000e+08   2.49709933086706e-06   2.51064738066536e+01
   1.99450463000000e+08   1.11153372017725e-06   2.46220918693140e+01
   1.99850465000000e+08   1.76830769760272e-06   2.50984674936472e+01
   2.00250468000000e+08   1.97164899873314e-06   2.50464264590994e+01
   2.00650470000000e+08   1.20398055969417e-06   2.49903822680362e+01
   2.01050473000000e+08   2.43890235651634e-06   2.50344169895869e+01
   2.01450476000000e+08   9.92717446024471e-07   2.49903822680362e+01
   2.01850478000000e+08   1.69558722973306e-06   2.50744485546264e+01
   2.02250481000000e+08   1.90450214176963e-06   2.50224075200738e+01
   2.02650483000000e+08   7.94684808624879e-07   2.51224864326656e+01
   2.03050486000000e+08   2.07014795705618e-06   2.50304138330826e+01
