   4.00002000000000e+05   1.67000916917459e-06   2.49783727985210e+01
   8.00005000000000e+05   1.78221330315864e-06   2.49783727985210e+01
   1.20000800000000e+06   1.72209570337145e-06   2.51585148411891e+01
   1.60001000000000e+06   1.69064230703952e-06   2.49983885810460e+01
   2.00001300000000e+06   1.74413185050071e-06   2.50824548676336e+01
   2.40001500000000e+06   1.60253239300800e-06   2.49263317639489e+01
   2.80001800000000e+06   1.70292696566321e-06   2.50344169895869e+01
   3.20002100000000e+06   1.94167364497844e-06   2.50344169895869e+01
   3.60002300000000e+06   2.15665249925223e-06   2.50304138330826e+01
   4.00002600000000e+06   2.34711956181854e-06   2.50103980505602e+01
   4.40002800000000e+06   2.14125611819327e-06   2.50304138330826e+01
   4.80003100000000e+06   2.40572830989549e-06   2.50704453981228e+01
   5.20003400000000e+06   2.26314227802504e-06   2.50464264590994e+01
   5.60003600000000e+06   2.40516851590655e-06   2.50103980505602e+01
   6.00003900000000e+06   2.55104873758683e-06   2.51825337802020e+01
   6.40004100000000e+06   2.35828110817238e-06   2.51384990586767e+01
   6.80004400000000e+06   2.51705819209747e-06   2.50544327721075e+01
   7.20004700000000e+06   2.35964694184077e-06   2.50824548676336e+01
   7.60004900000000e+06   2.08871347240347e-06   2.51224864326656e+01
   8.00005200000000e+06   2.22211633627012e-06   2.49983885810460e+01
   8.40005400000000e+06   1.98305792764586e-06   2.50023917375508e+01
   8.80005700000000e+06   2.24202608478663e-06   2.50584359286114e+01
   9.20006000000000e+06   2.02565297513502e-06   2.50103980505602e+01
   9.60006200000000e+06   2.09278528018331e-06   2.49983885810460e+01
   4.21027960000000e+07   2.37228767946362e-03   2.50584359286114e+01
   4.25027990000000e+07   2.50556990977202e-06   2.49183254509368e+01
   4.29028020000000e+07   1.78727668753709e-06   2.50184043635693e+01
   4.33028040000000e+07   2.50825019065815e-06   2.49503507029835e+01
   4.37028070000000e+07   1.61730361014634e-06   2.49743696420159e+01
   4.41028090000000e+07   2.52952190749056e-06   2.49423443899722e+01
   4.45028120000000e+07   2.34028311751899e-06   2.50544327721075e+01
   4.49028150000000e+07   1.75771492649801e-06   2.50464264590994e+01
   4.53028170000000e+07   2.44429065787699e-06   2.49743696420159e+01
   4.57028200000000e+07   1.52345035075996e-06   2.49743696420159e+01
   4.61028220000000e+07   2.49687309405999e-06   2.49183254509368e+01
   4.65028250000000e+07   2.32138904721069e-06   2.50584359286114e+01
   4.69028280000000e+07   1.76197352175222e-06   2.50944643371439e+01
   4.73028300000000e+07   2.40649069382926e-06   2.49423443899722e+01
   4.77028330000000e+07   1.69377017300576e-06   2.49623601725000e+01
   4.81028350000000e+07   2.56287216870987e-06   2.50504296156035e+01
   4.85028380000000e+07   2.36532946473744e-06   2.50544327721075e+01
   4.89028410000000e+07   1.81451991920767e-06   2.49623601725000e+01
   4.93028430000000e+07   2.39138080360135e-06   2.49303349204548e+01
   4.97028460000000e+07   1.70794476161973e-06   2.49543538594890e+01
   5.01028480000000e+07   2.47026923716476e-06   2.50224075200738e+01
   5.05028510000000e+07   2.32388902077219e-06   2.49103191379245e+01
   5.09028540000000e+07   1.89573631814710e-06   2.49863791115312e+01
   5.13028560000000e+07   2.22467997446074e-06   2.49743696420159e+01
   5.17028590000000e+07   1.51997573993867e-06   2.49343380769607e+01
   9.54203960000000e+07  -4.26754960790277e-03   2.49623601725000e+01
   9.58203990000000e+07   2.54786300502019e-06   2.49823759550261e+01
   9.62204010000000e+07   1.60975628205051e-06   2.49943854245411e+01
   9.66204040000000e+07   3.68317228094384e-06   2.49463475464779e+01
   9.70204060000000e+07   1.52916049955820e-06   2.49743696420159e+01
   9.74204090000000e+07  -3.20605977321975e-07   2.50264106765782e+01
   9.78204120000000e+07   2.75585716735804e-06   2.50144012070648e+01
   9.82204140000000e+07   1.89566162589472e-06   2.50023917375508e+01
   9.86204170000000e+07   3.56028749592951e-06   2.49983885810460e+01
   9.90204190000000e+07   1.75592674622749e-06   2.50023917375508e+01
   9.94204220000000e+07  -2.98347316629588e-07   2.50584359286114e+01
   9.98204250000000e+07   2.57447391049936e-06   2.50063948940555e+01
   1.00220427000000e+08   1.51979384099832e-06   2.49743696420159e+01
   1.00620430000000e+08   3.49886727235571e-06   2.49823759550261e+01
   1.01020432000000e+08   1.37567587898957e-06   2.49183254509368e+01
   1.01420435000000e+08   7.67805587997827e-08   2.50023917375508e+01
   1.01820438000000e+08   2.64400705418666e-06   2.49983885810460e+01
   1.02220440000000e+08   1.98798943529255e-06   2.49423443899722e+01
   1.02620443000000e+08   3.42131124853040e-06   2.49103191379245e+01
   1.03020445000000e+08   1.64968673743715e-06   2.50224075200738e+01
   1.03420448000000e+08   2.33884193789891e-07   2.49263317639489e+01
   1.03820451000000e+08   2.83251392829698e-06   2.50023917375508e+01
   1.04220453000000e+08   1.77607819296099e-06   2.50344169895869e+01
   1.04620456000000e+08   3.47027139468992e-06   2.49863791115312e+01
   1.05020458000000e+08   1.61384855346114e-06   2.50464264590994e+01
   1.48794719000000e+08   4.65742498636246e-03   2.49743696420159e+01
   1.49194721000000e+08   1.49049196807027e-06   2.50023917375508e+01
   1.49594724000000e+08   3.41262693837052e-06   2.50384201460911e+01
   1.49994727000000e+08   1.56427404363058e-06   2.50224075200738e+01
   1.50394729000000e+08   2.84830912278267e-06   2.49503507029835e+01
   1.50794732000000e+08   8.79587389590597e-07   2.50264106765782e+01
   1.51194734000000e+08   1.78033508291264e-06   2.50824548676336e+01
   1.51594737000000e+08   3.53987093149044e-06   2.50224075200738e+01
   1.51994740000000e+08   1.77934703060600e-06   2.50264106765782e+01
   1.52394742000000e+08   3.08419430439244e-06   2.50224075200738e+01
   1.52794745000000e+08   1.01057116808079e-06   2.50304138330826e+01
   1.53194747000000e+08   2.01981811187579e-06   2.49383412334665e+01
   1.53594750000000e+08   3.30784064317413e-06   2.49463475464779e+01
   1.53994753000000e+08   1.96414521269617e-06   2.50944643371439e+01
   1.54394755000000e+08   2.91685250886076e-06   2.50464264590994e+01
   1.54794758000000e+08   1.15585294224729e-06   2.50103980505602e+01
   1.55194760000000e+08   1.92957645595015e-06   2.50544327721075e+01
   1.55594763000000e+08   3.03268279822078e-06   2.49343380769607e+01
   1.55994766000000e+08   1.45453179811739e-06   2.49383412334665e+01
   1.56394768000000e+08   2.51926167038619e-06   2.50304138330826e+01
   1.56794771000000e+08   7.74927229940658e-07   2.50744485546264e+01
   1.57194773000000e+08   1.68116412169184e-06   2.49223286074429e+01
   1.57594776000000e+08   2.64698633145599e-06   2.50144012070648e+01
   1.57994779000000e+08   1.37830716084864e-06   2.49943854245411e+01
   1.58394781000000e+08   2.28515773414983e-06   2.50103980505602e+01
   1.93153966000000e+08  -2.07593711093068e-03   2.50304138330826e+01
   1.93553968000000e+08   1.95587517737295e-07   2.50304138330826e+01
   1.93953971000000e+08   1.76825108155754e-06   2.50224075200738e+01
   1.94353974000000e+08   2.14773331208562e-06   2.49343380769607e+01
   1.94753976000000e+08   1.89474633316422e-06   2.50264106765782e+01
   1.95153979000000e+08   2.62816479335015e-06   2.49983885810460e+01
   1.95553981000000e+08   8.85174813447520e-07   2.48782938858728e+01
   1.95953984000000e+08   2.22853918785404e-06   2.50264106765782e+01
   1.96353987000000e+08   2.72097327069787e-06   2.50824548676336e+01
   1.96753989000000e+08   2.43899785346002e-06   2.50784517111300e+01
   1.97153992000000e+08   2.91215474135242e-06   2.50144012070648e+01
   1.97553994000000e+08   6.25169263912539e-07   2.50864580241371e+01
   1.97953997000000e+08   2.04230764211388e-06   2.50864580241371e+01
   1.98354000000000e+08   2.36171536016627e-06   2.50504296156035e+01
   1.98754002000000e+08   1.98038264898059e-06   2.50664422416190e+01
   1.99154005000000e+08   2.71937801699096e-06   2.50103980505602e+01
   1.99554007000000e+08   1.12409145458514e-06   2.50624390851152e+01
   1.99954010000000e+08   2.42317992160679e-06   2.49343380769607e+01
   2.00354013000000e+08   2.75998104370956e-06   2.49583570159945e+01
   2.00754015000000e+08   2.47030197897402e-06   2.50384201460911e+01
   2.01154018000000e+08   3.07503614749294e-06   2.50184043635693e+01
   2.01554020000000e+08   9.37393338062975e-07   2.50784517111300e+01
   2.01954023000000e+08   2.33440960073494e-06   2.49983885810460e+01
   2.02354026000000e+08   2.57155625149608e-06   2.49863791115312e+01
   2.02754028000000e+08   2.29726606448821e-06   2.50704453981228e+01
