   4.00003000000000e+05   1.44595890105848e-06   2.50224075200738e+01
   8.00005000000000e+05   2.02436854124244e-06   2.51184832761627e+01
   1.20000800000000e+06   1.50668574860902e-06   2.49983885810460e+01
   1.60001100000000e+06   1.70016289757768e-06   2.50984674936472e+01
   2.00001300000000e+06   1.79468645455927e-06   2.50384201460911e+01
   2.40001600000000e+06   1.24348002827901e-06   2.50264106765782e+01
   2.80001800000000e+06   1.90247226328211e-06   2.50704453981228e+01
   3.20002100000000e+06   1.30295165945427e-06   2.50624390851152e+01
   3.60002300000000e+06   1.59258570420207e-06   2.51064738066536e+01
   4.00002600000000e+06   1.67510791015957e-06   2.49783727985210e+01
   4.40002900000000e+06   1.31035471895302e-06   2.50144012070648e+01
   4.80003100000000e+06   1.94038125300722e-06   2.50063948940555e+01
   5.20003400000000e+06   1.28256738207710e-06   2.50824548676336e+01
   5.60003600000000e+06   1.74705792232999e-06   2.49943854245411e+01
   6.00003900000000e+06   1.65638653015776e-06   2.50424233025953e+01
   6.40004200000000e+06   1.27577129660494e-06   2.50224075200738e+01
   6.80004400000000e+06   1.92375637197983e-06   2.50184043635693e+01
   7.20004700000000e+06   1.25525184557773e-06   2.50224075200738e+01
   7.60004900000000e+06   1.60812874128169e-06   2.50544327721075e+01
   8.00005200000000e+06   1.71775718627032e-06   2.50424233025953e+01
   8.40005500000000e+06   1.12905843252520e-06   2.49743696420159e+01
   8.80005700000000e+06   2.06398885893577e-06   2.50544327721075e+01
   9.20006000000000e+06   1.17365902951860e-06   2.50744485546264e+01
   9.60006200000000e+06   1.71368265000638e-06   2.50464264590994e+01
   4.22958750000000e+07  -2.08843755535781e-03   2.49463475464779e+01
   4.26958770000000e+07   1.43866213875299e-06   2.49943854245411e+01
   4.30958800000000e+07   1.82324959041580e-06   2.49423443899722e+01
   4.34958830000000e+07   6.00349380874832e-07   2.50784517111300e+01
   4.38958850000000e+07   1.27041460018518e-06   2.50384201460911e+01
   4.42958880000000e+07   2.56703924605972e-06   2.50264106765782e+01
   4.46958900000000e+07   2.05757783078298e-06   2.50584359286114e+01
   4.50958930000000e+07   2.87381044472568e-06   2.51304927456713e+01
   4.54958960000000e+07   1.40132260639803e-06   2.50624390851152e+01
   4.58958980000000e+07   2.18931222661922e-06   2.51104769631567e+01
   4.62959010000000e+07   2.18429340748116e-06   2.50864580241371e+01
   4.66959030000000e+07   1.61209732141288e-06   2.50744485546264e+01
   4.70959060000000e+07   2.19087860386935e-06   2.51104769631567e+01
   4.74959080000000e+07   8.42330905470590e-07   2.51344959021740e+01
   4.78959110000000e+07   1.58119701154646e-06   2.50264106765782e+01
   4.82959140000000e+07   2.15916043089237e-06   2.50464264590994e+01
   4.86959160000000e+07   1.73649198131898e-06   2.50544327721075e+01
   4.90959190000000e+07   2.42393844018807e-06   2.49383412334665e+01
   4.94959210000000e+07   1.08013887256675e-06   2.50344169895869e+01
   4.98959240000000e+07   1.88779199561395e-06   2.50103980505602e+01
   5.02959270000000e+07   2.51694086728094e-06   2.49943854245411e+01
   5.06959290000000e+07   2.21492132368439e-06   2.50304138330826e+01
   5.10959320000000e+07   2.84332691080635e-06   2.49743696420159e+01
   5.14959340000000e+07   1.62302626449673e-06   2.49983885810460e+01
   5.18959370000000e+07   2.16353714677098e-06   2.50304138330826e+01
   9.56074340000000e+07   4.67654969543219e-03   2.49863791115312e+01
   9.60074370000000e+07   1.65554388331657e-06   2.49343380769607e+01
   9.64074390000000e+07   1.80658594217675e-06   2.49423443899722e+01
   9.68074420000000e+07   1.83407792064827e-06   2.49103191379245e+01
   9.72074450000000e+07   3.06246920445119e-06   2.49503507029835e+01
   9.76074470000000e+07   1.64245784617378e-06   2.50904611806405e+01
   9.80074500000000e+07   1.79803998889838e-06   2.50023917375508e+01
   9.84074520000000e+07   1.25535416373168e-06   2.49543538594890e+01
   9.88074550000000e+07   1.25580947951676e-06   2.50344169895869e+01
   9.92074580000000e+07   2.29117563321779e-06   2.50184043635693e+01
   9.96074600000000e+07   1.15064335659554e-06   2.51024706501504e+01
   1.00007463000000e+08   1.15568423098011e-06   2.50584359286114e+01
   1.00407465000000e+08   7.81555570483761e-07   2.50264106765782e+01
   1.00807468000000e+08   1.11018289317144e-06   2.50584359286114e+01
   1.01207471000000e+08   1.96079349734646e-06   2.50624390851152e+01
   1.01607473000000e+08   7.41811049920216e-07   2.50224075200738e+01
   1.02007476000000e+08   9.98084260572796e-07   2.55388147086308e+01
   1.02407478000000e+08   8.93241917765408e-07   2.50184043635693e+01
   1.02807481000000e+08   9.23506206618185e-07   2.50184043635693e+01
   1.03207484000000e+08   1.82157975814334e-06   2.49943854245411e+01
   1.03607486000000e+08   6.48750074105919e-07   2.50784517111300e+01
   1.04007489000000e+08   1.20304753181699e-06   2.49943854245411e+01
   1.04407491000000e+08   1.20192817121278e-06   2.49903822680362e+01
   1.04807494000000e+08   1.49261143178592e-06   2.50584359286114e+01
   1.05207497000000e+08   2.50191624218132e-06   2.49943854245411e+01
   1.48565136000000e+08  -4.27389983087778e-03   2.49863791115312e+01
   1.48965139000000e+08   2.39196492657356e-06   2.50144012070648e+01
   1.49365141000000e+08   2.03151967070880e-06   2.50784517111300e+01
   1.49765144000000e+08   1.43911699979071e-06   2.50144012070648e+01
   1.50165146000000e+08   1.04403306977474e-06   2.50584359286114e+01
   1.50565149000000e+08   1.92630591300258e-06   2.50023917375508e+01
   1.50965152000000e+08   2.31495914704283e-06   2.50624390851152e+01
   1.51365154000000e+08   2.01772036234615e-06   2.50664422416190e+01
   1.51765157000000e+08   1.58678165007586e-06   2.50784517111300e+01
   1.52165159000000e+08   1.10205360215332e-06   2.49583570159945e+01
   1.52565162000000e+08   2.11468409361260e-06   2.50384201460911e+01
   1.52965165000000e+08   2.54057340498548e-06   2.49943854245411e+01
   1.53365167000000e+08   2.28543808589166e-06   2.50264106765782e+01
   1.53765170000000e+08   1.93158234651492e-06   2.50504296156035e+01
   1.54165172000000e+08   1.23393476769706e-06   2.50184043635693e+01
   1.54565175000000e+08   2.05890364668448e-06   2.50144012070648e+01
   1.54965178000000e+08   2.37728477259225e-06   2.49583570159945e+01
   1.55365180000000e+08   2.15088562072197e-06   2.49703664855106e+01
   1.55765183000000e+08   1.89495142421947e-06   2.50184043635693e+01
   1.56165185000000e+08   1.02979902294464e-06   2.49743696420159e+01
   1.56565188000000e+08   1.95904794964008e-06   2.50384201460911e+01
   1.56965191000000e+08   2.03699005396629e-06   2.51384990586767e+01
   1.57365193000000e+08   2.09386416827329e-06   2.50063948940555e+01
   1.57765196000000e+08   1.62381081736385e-06   2.50464264590994e+01
   1.58165198000000e+08   1.26653742427152e-06   2.49943854245411e+01
   1.93496594000000e+08   2.40425020456314e-03   2.50544327721075e+01
   1.93896597000000e+08   2.55891427514143e-06   2.50464264590994e+01
   1.94296599000000e+08   6.38085509763187e-07   2.49863791115312e+01
   1.94696602000000e+08   3.00961460197868e-06   2.49383412334665e+01
   1.95096604000000e+08   1.96026235244062e-06   2.50264106765782e+01
   1.95496607000000e+08   2.08715096050582e-06   2.50023917375508e+01
   1.95896610000000e+08   2.61561331171833e-06   2.50103980505602e+01
   1.96296612000000e+08   6.06742844411201e-07   2.49103191379245e+01
   1.96696615000000e+08   2.95408358397253e-06   2.49743696420159e+01
   1.97096617000000e+08   1.82935536940931e-06   2.50304138330826e+01
   1.97496620000000e+08   2.00131557903660e-06   2.49663633290053e+01
   1.97896623000000e+08   2.40353097069601e-06   2.50103980505602e+01
   1.98296625000000e+08   3.24028178511071e-07   2.50304138330826e+01
   1.98696628000000e+08   2.64705477093230e-06   2.50984674936472e+01
   1.99096630000000e+08   1.49218055867095e-06   2.50744485546264e+01
   1.99496633000000e+08   1.66429128967138e-06   2.50144012070648e+01
   1.99896636000000e+08   1.96892733583809e-06   2.51104769631567e+01
   2.00296638000000e+08   6.72183773531287e-07   2.51104769631567e+01
   2.00696641000000e+08   2.52355766861001e-06   2.49743696420159e+01
   2.01096643000000e+08   1.60481658895151e-06   2.50584359286114e+01
   2.01496646000000e+08   1.77281845026300e-06   2.50464264590994e+01
   2.01896649000000e+08   2.10925327337463e-06   2.50184043635693e+01
   2.02296651000000e+08   7.35226137749123e-07   2.49703664855106e+01
   2.02696654000000e+08   2.38092911786225e-06   2.48822970423795e+01
   2.03096656000000e+08   1.70839064139727e-06   2.49983885810460e+01
