   4.00003000000000e+05   2.03096988116158e-06   2.49263317639489e+01
   8.00005000000000e+05   2.00958675122820e-06   2.51705243106959e+01
   1.20000800000000e+06   2.05786523110874e-06   2.46901455299877e+01
   1.60001100000000e+06   1.95531174540520e-06   2.48822970423795e+01
   2.00001300000000e+06   2.06624122256471e-06   2.52425811277244e+01
   2.40001600000000e+06   1.78809057160834e-06   2.50944643371439e+01
   2.80001800000000e+06   1.91562412510393e-06   2.54107137007128e+01
   3.20002100000000e+06   1.72247155205696e-06   2.50504296156035e+01
   3.60002400000000e+06   1.93126311387459e-06   2.49303349204548e+01
   4.00002600000000e+06   1.83145687060460e-06   2.51545116846868e+01
   4.40002900000000e+06   1.83380598173244e-06   2.51785306237000e+01
   4.80003100000000e+06   1.93632718037406e-06   2.54627547351871e+01
   5.20003400000000e+06   1.86115119049646e-06   2.46781360604584e+01
   5.60003700000000e+06   1.87718023880734e-06   2.52986253187327e+01
   6.00003900000000e+06   1.84395275937277e-06   2.55788462735922e+01
   6.40004200000000e+06   1.80957954398764e-06   2.47902244427099e+01
   6.80004400000000e+06   1.90410128197982e-06   2.51064738066536e+01
   7.20004700000000e+06   1.66367090059794e-06   2.48262528512803e+01
   7.60005000000000e+06   1.86269789992366e-06   2.52786095362311e+01
   8.00005200000000e+06   1.82441215201834e-06   2.50023917375508e+01
   8.40005500000000e+06   1.68456620031066e-06   2.49343380769607e+01
   8.80005700000000e+06   1.76640082827362e-06   2.51425022151793e+01
   9.20006000000000e+06   1.65683877639822e-06   2.51264895891685e+01
   9.60006300000000e+06   1.83263034614356e-06   2.51785306237000e+01
   4.29996670000000e+07   1.56675218022428e-04   2.52305716582210e+01
   4.33996690000000e+07   2.24781183533196e-06   2.51585148411891e+01
   4.37996720000000e+07   1.80643803560088e-06   2.48062370687418e+01
   4.41996750000000e+07   2.16076387005160e-06   2.50864580241371e+01
   4.45996770000000e+07   1.79862672666786e-06   2.54347326397022e+01
   4.49996800000000e+07   1.76231242221547e-06   2.46941486864974e+01
   4.53996820000000e+07   1.98299198927998e-06   2.55548273346161e+01
   4.57996850000000e+07   1.67988218890969e-06   2.49703664855106e+01
   4.61996880000000e+07   1.90211062545131e-06   2.52065527192126e+01
   4.65996900000000e+07   1.68495148500369e-06   2.50904611806405e+01
   4.69996930000000e+07   1.65485585057468e-06   2.52585937537280e+01
   4.73996950000000e+07   1.94100766748306e-06   2.57509820028567e+01
   4.77996980000000e+07   1.47477840073407e-06   2.54547484221917e+01
   4.81997010000000e+07   1.92710285773501e-06   2.53506663532295e+01
   4.85997030000000e+07   1.55899317633157e-06   2.47982307557260e+01
   4.89997060000000e+07   1.66290635661426e-06   2.52305716582210e+01
   4.93997080000000e+07   1.73586749951937e-06   2.54067105442143e+01
   4.97997110000000e+07   1.51697429373598e-06   2.55548273346161e+01
   5.01997140000000e+07   1.71224019140936e-06   2.50103980505602e+01
   5.05997160000000e+07   1.36342634959874e-06   2.47742118166770e+01
   5.09997190000000e+07   1.49078618960630e-06   2.49903822680362e+01
   5.13997210000000e+07   1.53295331983827e-06   2.52305716582210e+01
   5.17997240000000e+07   1.31108083678555e-06   2.49703664855106e+01
   5.21997270000000e+07   1.83842553269642e-06   2.49743696420159e+01
   5.25997290000000e+07   1.46072090956295e-06   2.46341013388460e+01
   9.67432020000000e+07   1.92425155546516e-04   2.49543538594890e+01
   9.71432040000000e+07   1.51818881022336e-06   2.50023917375508e+01
   9.75432070000000e+07   1.92635388884810e-06   2.50224075200738e+01
   9.79432100000000e+07   1.53066821440007e-06   2.50103980505602e+01
   9.83432120000000e+07   1.83651218321756e-06   2.50023917375508e+01
   9.87432150000000e+07   1.81701659585087e-06   2.49943854245411e+01
   9.91432170000000e+07   1.66522318068019e-06   2.50063948940555e+01
   9.95432200000000e+07   1.96620180759055e-06   2.49863791115312e+01
   9.99432230000000e+07   1.65548317454522e-06   2.50544327721075e+01
   1.00343225000000e+08   2.01860007109644e-06   2.50103980505602e+01
   1.00743228000000e+08   1.85195801805094e-06   2.50023917375508e+01
   1.01143230000000e+08   1.76916910277214e-06   2.50103980505602e+01
   1.01543233000000e+08   2.09783820537268e-06   2.50464264590994e+01
   1.01943236000000e+08   1.73302714756574e-06   2.50584359286114e+01
   1.02343238000000e+08   1.92013590094575e-06   2.49903822680362e+01
   1.02743241000000e+08   1.87228920367488e-06   2.49983885810460e+01
   1.03143243000000e+08   1.85411101938371e-06   2.49583570159945e+01
   1.03543246000000e+08   1.94531503439066e-06   2.50103980505602e+01
   1.03943249000000e+08   1.75316824879701e-06   2.50063948940555e+01
   1.04343251000000e+08   2.08460528483556e-06   2.50944643371439e+01
   1.04743254000000e+08   1.95101802091813e-06   2.49943854245411e+01
   1.05143256000000e+08   1.95959000848234e-06   2.50584359286114e+01
   1.05543259000000e+08   2.12991790249362e-06   2.50544327721075e+01
   1.05943262000000e+08   1.83145266419160e-06   2.50384201460911e+01
   1.06343264000000e+08   1.98555562747060e-06   2.49343380769607e+01
   1.50289877000000e+08   2.10600235732272e-04   2.50184043635693e+01
   1.50689880000000e+08   1.81655946107639e-06   2.50384201460911e+01
   1.51089883000000e+08   1.55758732489630e-06   2.49143222944307e+01
   1.51489885000000e+08   1.52087216065411e-06   2.48222496947727e+01
   1.51889888000000e+08   1.88491912922473e-06   2.53026284752328e+01
   1.52289890000000e+08   1.50056223446882e-06   2.48863001988861e+01
   1.52689893000000e+08   1.86228680831846e-06   2.53386568837311e+01
   1.53089896000000e+08   1.72384955021698e-06   2.48742907293661e+01
   1.53489898000000e+08   1.60520403369446e-06   2.51865369367039e+01
   1.53889901000000e+08   1.90251387266471e-06   2.53346537272316e+01
   1.54289903000000e+08   1.27012492612266e-06   2.45820603042033e+01
   1.54689906000000e+08   1.71230374235165e-06   2.50184043635693e+01
   1.55089909000000e+08   1.35795244204928e-06   2.49383412334665e+01
   1.55489911000000e+08   1.46500826758711e-06   2.47101613125353e+01
   1.55889914000000e+08   1.59017247369775e-06   2.52145590322157e+01
   1.56289916000000e+08   1.42948158554645e-06   2.48142433817574e+01
   1.56689919000000e+08   1.68649035003909e-06   2.48782938858728e+01
   1.57089922000000e+08   1.49117920500430e-06   2.54907768306689e+01
   1.57489924000000e+08   1.54039832978015e-06   2.51865369367039e+01
   1.57889927000000e+08   1.77908782461600e-06   2.47021549995165e+01
   1.58289929000000e+08   1.64628443144466e-06   2.50984674936472e+01
   1.58689932000000e+08   2.09079576052318e-06   2.51625179976914e+01
   1.59089935000000e+08   1.80021515916451e-06   2.54547484221917e+01
   1.59489937000000e+08   1.95584175344266e-06   2.51905400932058e+01
   1.59889940000000e+08   1.98460475075990e-06   2.49743696420159e+01
   1.95399054000000e+08   1.58100141561590e-04   2.50704453981228e+01
   1.95799057000000e+08   1.51485221522307e-06   2.48983096684056e+01
   1.96199059000000e+08   1.92766651707643e-06   2.48142433817574e+01
   1.96599062000000e+08   1.80625727352890e-06   2.51024706501504e+01
   1.96999064000000e+08   1.67170765053015e-06   2.47421865646082e+01
   1.97399067000000e+08   1.99096712094615e-06   2.48662844163524e+01
   1.97799070000000e+08   1.55117459144094e-06   2.48662844163524e+01
   1.98199072000000e+08   1.94158337762929e-06   2.48502717903243e+01
   1.98599075000000e+08   1.62633455147443e-06   2.51224864326656e+01
   1.98999077000000e+08   1.66093332154560e-06   2.49023128249120e+01
   1.99399080000000e+08   1.84353405074944e-06   2.49223286074429e+01
   1.99799083000000e+08   1.50841299273452e-06   2.50144012070648e+01
   2.00199085000000e+08   2.21540267375531e-06   2.51505085281844e+01
   2.00599088000000e+08   1.95997813534632e-06   2.50344169895869e+01
   2.00999090000000e+08   2.18613718061533e-06   2.50664422416190e+01
   2.01399093000000e+08   2.13695648199064e-06   2.49943854245411e+01
   2.01799096000000e+08   1.93752453014895e-06   2.50544327721075e+01
   2.02199098000000e+08   2.05955507226463e-06   2.49743696420159e+01
   2.02599101000000e+08   1.85334420166328e-06   2.49503507029835e+01
   2.02999103000000e+08   1.86680574643106e-06   2.50023917375508e+01
   2.03399106000000e+08   1.99235319087165e-06   2.49783727985210e+01
   2.03799109000000e+08   1.71172996488167e-06   2.52666000667294e+01
   2.04199111000000e+08   1.97224085241032e-06   2.52185621887171e+01
   2.04599114000000e+08   1.58806926719990e-06   2.51585148411891e+01
   2.04999116000000e+08   1.84763973720692e-06   2.50264106765782e+01
