   4.00002000000000e+05   1.82447979568678e-06   2.50864580241371e+01
   8.00005000000000e+05   1.82403198323300e-06   2.50063948940555e+01
   1.20000800000000e+06   1.85138696906506e-06   2.50144012070648e+01
   1.60001000000000e+06   2.18592526834982e-06   2.49423443899722e+01
   2.00001300000000e+06   1.68695078173187e-06   2.50304138330826e+01
   2.40001500000000e+06   2.20722358790226e-06   2.49663633290053e+01
   2.80001800000000e+06   1.85999215318589e-06   2.50904611806405e+01
   3.20002000000000e+06   1.55464772433334e-06   2.49583570159945e+01
   3.60002300000000e+06   1.85001101726812e-06   2.50544327721075e+01
   4.00002600000000e+06   1.49530330872949e-06   2.49743696420159e+01
   4.40002800000000e+06   1.75410423253197e-06   2.49263317639489e+01
   4.80003100000000e+06   1.66655968314444e-06   2.50184043635693e+01
   5.20003300000000e+06   1.50097525875026e-06   2.49863791115312e+01
   5.60003600000000e+06   1.93376149582036e-06   2.50784517111300e+01
   6.00003900000000e+06   1.43436989219481e-06   2.50704453981228e+01
   6.40004100000000e+06   1.84822170012922e-06   2.49783727985210e+01
   6.80004400000000e+06   1.59862202053773e-06   2.51184832761627e+01
   7.20004600000000e+06   1.48298511248868e-06   2.50664422416190e+01
   7.60004900000000e+06   1.72045940871612e-06   2.50624390851152e+01
   8.00005200000000e+06   1.38613131639431e-06   2.50784517111300e+01
   8.40005400000000e+06   1.61500861395325e-06   2.50664422416190e+01
   8.80005700000000e+06   1.74947399500525e-06   2.49783727985210e+01
   9.20005900000000e+06   1.83063093572855e-06   2.50864580241371e+01
   9.60006200000000e+06   2.20586798604927e-06   2.50264106765782e+01
   4.22623210000000e+07   2.39402521401644e-03   2.49383412334665e+01
   4.26623240000000e+07   1.86945612767886e-06   2.49823759550261e+01
   4.30623260000000e+07   1.43021441090241e-06   2.49983885810460e+01
   4.34623290000000e+07   2.00762588065118e-06   2.49783727985210e+01
   4.38623320000000e+07   2.10799021260755e-06   2.50023917375508e+01
   4.42623340000000e+07   1.23213101232977e-06   2.49263317639489e+01
   4.46623370000000e+07   1.53951032189070e-06   2.49423443899722e+01
   4.50623390000000e+07   1.43627255511092e-06   2.49863791115312e+01
   4.54623420000000e+07   2.18125910578237e-06   2.50184043635693e+01
   4.58623440000000e+07   2.17209139918850e-06   2.49863791115312e+01
   4.62623470000000e+07   1.57229726482910e-06   2.50544327721075e+01
   4.66623500000000e+07   1.57998158556438e-06   2.50264106765782e+01
   4.70623520000000e+07   1.39201654292265e-06   2.50864580241371e+01
   4.74623550000000e+07   1.97862732420617e-06   2.50464264590994e+01
   4.78623570000000e+07   2.04282764570962e-06   2.50224075200738e+01
   4.82623600000000e+07   1.28106955799012e-06   2.50424233025953e+01
   4.86623630000000e+07   1.46551042234933e-06   2.50944643371439e+01
   4.90623650000000e+07   1.17130093713058e-06   2.50063948940555e+01
   4.94623680000000e+07   1.76566629761510e-06   2.49743696420159e+01
   4.98623700000000e+07   1.69846634889836e-06   2.49983885810460e+01
   5.02623730000000e+07   1.12282953068643e-06   2.50904611806405e+01
   5.06623760000000e+07   1.25963197206147e-06   2.50144012070648e+01
   5.10623780000000e+07   1.39204314564267e-06   2.49703664855106e+01
   5.14623810000000e+07   1.87699367870664e-06   2.49583570159945e+01
   5.18623830000000e+07   2.06093977794808e-06   2.50144012070648e+01
   9.61908720000000e+07  -4.27887449041009e-03   2.50464264590994e+01
   9.65908740000000e+07   2.72602073891903e-06   2.50784517111300e+01
   9.69908770000000e+07   2.47368620875932e-06   2.50664422416190e+01
   9.73908800000000e+07   2.82121527561685e-06   2.50504296156035e+01
   9.77908820000000e+07   2.62884532276075e-06   2.51184832761627e+01
   9.81908850000000e+07   1.17223544293665e-06   2.51264895891685e+01
   9.85908870000000e+07   3.13843179355899e-06   2.51344959021740e+01
   9.89908900000000e+07   2.33999071497237e-06   2.49623601725000e+01
   9.93908930000000e+07   2.44665739046468e-06   2.49503507029835e+01
   9.97908950000000e+07   2.41157795244362e-06   2.49863791115312e+01
   1.00190898000000e+08   8.16955719074031e-07   2.50504296156035e+01
   1.00590900000000e+08   2.74616377282655e-06   2.49903822680362e+01
   1.00990903000000e+08   1.83280508281314e-06   2.51104769631567e+01
   1.01390906000000e+08   2.12120153264550e-06   2.50984674936472e+01
   1.01790908000000e+08   1.96555697584699e-06   2.49743696420159e+01
   1.02190911000000e+08   5.32816159193317e-07   2.50304138330826e+01
   1.02590913000000e+08   2.33532864513109e-06   2.50304138330826e+01
   1.02990916000000e+08   1.89067850442370e-06   2.50224075200738e+01
   1.03390918000000e+08   2.18999457501923e-06   2.49503507029835e+01
   1.03790921000000e+08   2.12016357181710e-06   2.50464264590994e+01
   1.04190924000000e+08   7.48046659282409e-07   2.50704453981228e+01
   1.04590926000000e+08   2.44834950535733e-06   2.51264895891685e+01
   1.04990929000000e+08   1.76973026100313e-06   2.49863791115312e+01
   1.05390931000000e+08   2.04042817131267e-06   2.49823759550261e+01
   1.05790934000000e+08   1.98409315999015e-06   2.50544327721075e+01
   1.49277822000000e+08   4.68039978295565e-03   2.49263317639489e+01
   1.49677825000000e+08   2.55643794844218e-06   2.49623601725000e+01
   1.50077827000000e+08   1.42354178933601e-06   2.49583570159945e+01
   1.50477830000000e+08   2.92973550131137e-06   2.50184043635693e+01
   1.50877833000000e+08   1.70144699040975e-06   2.50464264590994e+01
   1.51277835000000e+08   1.17183412839950e-06   2.51425022151793e+01
   1.51677838000000e+08   2.51222490987857e-06   2.50664422416190e+01
   1.52077840000000e+08   1.56485612023971e-06   2.51985464062093e+01
   1.52477843000000e+08   2.84307043330045e-06   2.50144012070648e+01
   1.52877846000000e+08   1.72502348050330e-06   2.50344169895869e+01
   1.53277848000000e+08   1.18042771646287e-06   2.51064738066536e+01
   1.53677851000000e+08   2.45003025156620e-06   2.50824548676336e+01
   1.54077853000000e+08   1.48792264553776e-06   2.49823759550261e+01
   1.54477856000000e+08   2.66689221462002e-06   2.50544327721075e+01
   1.54877859000000e+08   2.13069029086910e-06   2.50584359286114e+01
   1.55277861000000e+08   1.78256652816344e-06   2.50944643371439e+01
   1.55677864000000e+08   3.08438666252187e-06   2.49543538594890e+01
   1.56077866000000e+08   2.21984214476834e-06   2.50984674936472e+01
   1.56477869000000e+08   3.46735350831295e-06   2.50224075200738e+01
   1.56877872000000e+08   1.99611577045289e-06   2.49463475464779e+01
   1.57277874000000e+08   1.18598495646438e-06   2.50984674936472e+01
   1.57677877000000e+08   2.32087904805667e-06   2.50504296156035e+01
   1.58077879000000e+08   1.44500597798469e-06   2.50664422416190e+01
   1.58477882000000e+08   2.46723266172921e-06   2.50344169895869e+01
   1.58877884000000e+08   1.40530073622358e-06   2.50624390851152e+01
   1.93846282000000e+08  -2.08136229775846e-03   2.50023917375508e+01
   1.94246285000000e+08   6.79220249821810e-07   2.50744485546264e+01
   1.94646287000000e+08   1.28741260141396e-06   2.51384990586767e+01
   1.95046290000000e+08   1.88977924153733e-06   2.50744485546264e+01
   1.95446293000000e+08   8.51589504691219e-07   2.50784517111300e+01
   1.95846295000000e+08   2.83366125586326e-06   2.50984674936472e+01
   1.96246298000000e+08   7.55721316636482e-07   2.51024706501504e+01
   1.96646300000000e+08   1.09530310510308e-06   2.50584359286114e+01
   1.97046303000000e+08   1.93518758351274e-06   2.49823759550261e+01
   1.97446306000000e+08   1.05833373709174e-06   2.50063948940555e+01
   1.97846308000000e+08   2.88138153337059e-06   2.50504296156035e+01
   1.98246311000000e+08   7.82022027578932e-07   2.50144012070648e+01
   1.98646313000000e+08   1.37239885589224e-06   2.50344169895869e+01
   1.99046316000000e+08   2.17174579120183e-06   2.50224075200738e+01
   1.99446319000000e+08   1.23277197872085e-06   2.50824548676336e+01
   1.99846321000000e+08   3.02645958072389e-06   2.50544327721075e+01
   2.00246324000000e+08   1.22728840779018e-06   2.50624390851152e+01
   2.00646326000000e+08   1.57601039063593e-06   2.50704453981228e+01
   2.01046329000000e+08   1.90264324828604e-06   2.51264895891685e+01
   2.01446332000000e+08   1.16910393899161e-06   2.50904611806405e+01
   2.01846334000000e+08   2.76855007541599e-06   2.51465053716819e+01
   2.02246337000000e+08   1.00563602245529e-06   2.50264106765782e+01
   2.02646339000000e+08   1.35364098241553e-06   2.50904611806405e+01
   2.03046342000000e+08   2.55316035691067e-06   2.50063948940555e+01
   2.03446345000000e+08   1.80177164565976e-06   2.50744485546264e+01
