   4.00003000000000e+05   1.69424254181649e-06   2.49983885810460e+01
   8.00006000000000e+05   1.81820098532626e-06   2.49623601725000e+01
   1.20000800000000e+06   2.00802378458320e-06   2.50544327721075e+01
   1.60001100000000e+06   1.99359192265547e-06   2.50864580241371e+01
   2.00001300000000e+06   1.85725082246790e-06   2.50103980505602e+01
   2.40001600000000e+06   2.12873987948115e-06   2.50984674936472e+01
   2.80001900000000e+06   1.91000685845211e-06   2.50904611806405e+01
   3.20002100000000e+06   2.10371081266203e-06   2.50504296156035e+01
   3.60002400000000e+06   1.98126667783072e-06   2.50264106765782e+01
   4.00002700000000e+06   2.00221165869152e-06   2.49663633290053e+01
   4.40002900000000e+06   2.11817382478330e-06   2.50224075200738e+01
   4.80003200000000e+06   1.94105746231799e-06   2.50184043635693e+01
   5.20003400000000e+06   2.11663927984773e-06   2.50824548676336e+01
   5.60003700000000e+06   2.04162779482431e-06   2.50023917375508e+01
   6.00004000000000e+06   1.96273390429269e-06   2.50784517111300e+01
   6.40004200000000e+06   2.07442030841776e-06   2.51184832761627e+01
   6.80004500000000e+06   1.70666419307963e-06   2.49743696420159e+01
   7.20004700000000e+06   1.89122101801331e-06   2.49983885810460e+01
   7.60005000000000e+06   1.79434914571175e-06   2.51264895891685e+01
   8.00005300000000e+06   1.69082716183766e-06   2.49623601725000e+01
   8.40005500000000e+06   1.94707263290184e-06   2.49863791115312e+01
   8.80005800000000e+06   1.79594019300566e-06   2.50144012070648e+01
   9.20006100000000e+06   1.94787980944966e-06   2.50103980505602e+01
   9.60006300000000e+06   1.85567660082597e-06   2.50023917375508e+01
   4.22866900000000e+07   2.34378804452717e-03   2.50424233025953e+01
   4.26866930000000e+07   1.14490467240103e-06   2.49743696420159e+01
   4.30866960000000e+07   2.20062929656706e-06   2.49583570159945e+01
   4.34866980000000e+07   3.49145580003096e-06   2.50464264590994e+01
   4.38867010000000e+07   3.71037884860925e-07   2.50304138330826e+01
   4.42867040000000e+07   2.59222679233062e-06   2.49783727985210e+01
   4.46867060000000e+07   1.15569173431140e-06   2.50544327721075e+01
   4.50867090000000e+07   2.52247104981507e-06   2.50304138330826e+01
   4.54867110000000e+07   2.98315922009351e-06   2.50984674936472e+01
   4.58867140000000e+07   3.28980974018123e-07   2.50744485546264e+01
   4.62867170000000e+07   2.60685760622437e-06   2.50544327721075e+01
   4.66867190000000e+07   1.15857574201073e-06   2.50824548676336e+01
   4.70867220000000e+07   2.45950877797441e-06   2.50744485546264e+01
   4.74867250000000e+07   2.47795924224192e-06   2.51144801196597e+01
   4.78867270000000e+07   3.29891804540239e-07   2.50504296156035e+01
   4.82867300000000e+07   2.50951052294113e-06   2.49583570159945e+01
   4.86867320000000e+07   1.44998409723485e-06   2.51625179976914e+01
   4.90867350000000e+07   2.67707446255372e-06   2.50704453981228e+01
   4.94867380000000e+07   2.41613929574669e-06   2.50264106765782e+01
   4.98867400000000e+07   4.19325516531899e-07   2.50063948940555e+01
   5.02867430000000e+07   2.87424677480885e-06   2.50264106765782e+01
   5.06867460000000e+07   1.43516240314057e-06   2.50424233025953e+01
   5.10867480000000e+07   2.85496548713127e-06   2.49983885810460e+01
   5.14867510000000e+07   1.98168982024072e-06   2.50184043635693e+01
   5.18867530000000e+07   8.64340449879819e-07   2.50824548676336e+01
   9.52526600000000e+07  -4.19424846768379e-03   2.50504296156035e+01
   9.56526620000000e+07   2.01392117560317e-06   2.50664422416190e+01
   9.60526650000000e+07   2.04457501240540e-06   2.50304138330826e+01
   9.64526680000000e+07   4.17143928643782e-06   2.50464264590994e+01
   9.68526700000000e+07   3.66796683692883e-07   2.49503507029835e+01
   9.72526730000000e+07   9.23290997434378e-07   2.49543538594890e+01
   9.76526760000000e+07   2.23750180339266e-06   2.50784517111300e+01
   9.80526780000000e+07   2.14465831049893e-06   2.50624390851152e+01
   9.84526810000000e+07   3.63236972589220e-06   2.50344169895869e+01
   9.88526830000000e+07  -7.48283994767007e-08   2.49743696420159e+01
   9.92526860000000e+07   1.07612015654013e-06   2.50384201460911e+01
   9.96526890000000e+07   2.40286658481637e-06   2.50384201460911e+01
   1.00052691000000e+08   2.14829242395354e-06   2.50063948940555e+01
   1.00452694000000e+08   3.11401140606904e-06   2.50744485546264e+01
   1.00852697000000e+08  -1.56461368305827e-07   2.49983885810460e+01
   1.01252699000000e+08   1.89586273791065e-06   2.50224075200738e+01
   1.01652702000000e+08   2.77265462500509e-06   2.50264106765782e+01
   1.02052704000000e+08   2.20521656046913e-06   2.50264106765782e+01
   1.02452707000000e+08   2.78037509815476e-06   2.49903822680362e+01
   1.02852710000000e+08  -1.89195887401183e-07   2.50344169895869e+01
   1.03252712000000e+08   2.30394061873085e-06   2.50103980505602e+01
   1.03652715000000e+08   2.73746491075144e-06   2.50264106765782e+01
   1.04052717000000e+08   2.15820432458713e-06   2.49383412334665e+01
   1.04452720000000e+08   2.38831694332475e-06   2.49903822680362e+01
   1.04852723000000e+08  -8.78744685905986e-08   2.50384201460911e+01
   1.48263906000000e+08   4.59284987300634e-03   2.50384201460911e+01
   1.48663909000000e+08   8.14985241959221e-07   2.49863791115312e+01
   1.49063911000000e+08   2.68960343419167e-06   2.50504296156035e+01
   1.49463914000000e+08   2.11557949114649e-06   2.49783727985210e+01
   1.49863916000000e+08   2.00770205083245e-06   2.50584359286114e+01
   1.50263919000000e+08   2.25905500883528e-06   2.50304138330826e+01
   1.50663922000000e+08   1.00255726920295e-06   2.50624390851152e+01
   1.51063924000000e+08   2.71879071078729e-06   2.50103980505602e+01
   1.51463927000000e+08   1.89380159554275e-06   2.50384201460911e+01
   1.51863930000000e+08   1.85261194474151e-06   2.50784517111300e+01
   1.52263932000000e+08   2.07232142201974e-06   2.50184043635693e+01
   1.52663935000000e+08   9.81082962425717e-07   2.50384201460911e+01
   1.53063937000000e+08   2.81316215478000e-06   2.49583570159945e+01
   1.53463940000000e+08   1.73924752289167e-06   2.49943854245411e+01
   1.53863943000000e+08   1.90509535968886e-06   2.49663633290053e+01
   1.54263945000000e+08   1.90908485819818e-06   2.50744485546264e+01
   1.54663948000000e+08   1.20275444714935e-06   2.49343380769607e+01
   1.55063950000000e+08   2.74882268058718e-06   2.49983885810460e+01
   1.55463953000000e+08   1.61130833475909e-06   2.50103980505602e+01
   1.55863956000000e+08   1.76907963123085e-06   2.50144012070648e+01
   1.56263958000000e+08   2.00895419766312e-06   2.50023917375508e+01
   1.56663961000000e+08   1.37090580665244e-06   2.50224075200738e+01
   1.57063964000000e+08   2.76787454822625e-06   2.50504296156035e+01
   1.57463966000000e+08   1.62653213919839e-06   2.51264895891685e+01
   1.57863969000000e+08   1.85427325050114e-06   2.49983885810460e+01
   1.92485018000000e+08  -2.03686277382076e-03   2.50784517111300e+01
   1.92885020000000e+08   1.58352293055941e-06   2.50344169895869e+01
   1.93285023000000e+08   2.07774769478419e-06   2.50144012070648e+01
   1.93685025000000e+08   7.21535514003335e-07   2.50224075200738e+01
   1.94085028000000e+08   1.54658539486263e-06   2.50184043635693e+01
   1.94485031000000e+08   2.97744350064022e-06   2.49543538594890e+01
   1.94885033000000e+08   1.54414271946735e-06   2.49983885810460e+01
   1.95285036000000e+08   2.29450529332098e-06   2.50184043635693e+01
   1.95685039000000e+08   8.74112572546437e-07   2.50023917375508e+01
   1.96085041000000e+08   2.14137344300980e-06   2.50864580241371e+01
   1.96485044000000e+08   2.92823506242712e-06   2.50063948940555e+01
   1.96885046000000e+08   1.36868970912474e-06   2.51024706501504e+01
   1.97285049000000e+08   1.92555125977378e-06   2.50584359286114e+01
   1.97685052000000e+08   8.87161945684056e-07   2.50744485546264e+01
   1.98085054000000e+08   2.23058964365919e-06   2.50464264590994e+01
   1.98485057000000e+08   2.64799678006966e-06   2.51064738066536e+01
   1.98885059000000e+08   1.28566148305254e-06   2.50304138330826e+01
   1.99285062000000e+08   1.95023653759563e-06   2.50904611806405e+01
   1.99685065000000e+08   1.12050815914699e-06   2.50344169895869e+01
   2.00085067000000e+08   2.52619997809234e-06   2.50944643371439e+01
   2.00485070000000e+08   2.45042656388250e-06   2.51785306237000e+01
   2.00885073000000e+08   1.17295758172986e-06   2.50144012070648e+01
   2.01285075000000e+08   1.97483245756302e-06   2.50304138330826e+01
   2.01685078000000e+08   1.23743870972248e-06   2.50344169895869e+01
   2.02085080000000e+08   2.61055424743972e-06   2.50063948940555e+01
