   4.00002000000000e+05   2.23349593397870e-06   2.50384201460911e+01
   8.00005000000000e+05   1.60959109507530e-06   2.51104769631567e+01
   1.20000800000000e+06   1.87207251656218e-06   2.50264106765782e+01
   1.60001000000000e+06   1.79825781287946e-06   2.51104769631567e+01
   2.00001300000000e+06   1.64434936777980e-06   2.50784517111300e+01
   2.40001500000000e+06   2.19046978600090e-06   2.49743696420159e+01
   2.80001800000000e+06   2.26159477278998e-06   2.50264106765782e+01
   3.20002100000000e+06   2.61079276242526e-06   2.50664422416190e+01
   3.60002300000000e+06   2.48516926149023e-06   2.50103980505602e+01
   4.00002600000000e+06   2.33195669352426e-06   2.49463475464779e+01
   4.40002800000000e+06   2.48582045969670e-06   2.49263317639489e+01
   4.80003100000000e+06   1.81274629085237e-06   2.50624390851152e+01
   5.20003400000000e+06   2.02835008167312e-06   2.49703664855106e+01
   5.60003600000000e+06   1.97031249626889e-06   2.50304138330826e+01
   6.00003900000000e+06   1.92602760762384e-06   2.49863791115312e+01
   6.40004100000000e+06   2.02988303499296e-06   2.49903822680362e+01
   6.80004400000000e+06   1.60782883540378e-06   2.50063948940555e+01
   7.20004700000000e+06   1.92656216313480e-06   2.50184043635693e+01
   7.60004900000000e+06   1.84219345555903e-06   2.50864580241371e+01
   8.00005200000000e+06   1.56972112108633e-06   2.51064738066536e+01
   8.40005400000000e+06   1.84529790203669e-06   2.50023917375508e+01
   8.80005700000000e+06   1.35839525228221e-06   2.49863791115312e+01
   9.20006000000000e+06   1.59292721946258e-06   2.49983885810460e+01
   9.60006200000000e+06   1.44180330607924e-06   2.50944643371439e+01
   4.21706260000000e+07   1.47100188769400e-04   2.50264106765782e+01
   4.25706290000000e+07   2.31976673603640e-06   2.50424233025953e+01
   4.29706320000000e+07   2.15315094465041e-06   2.49463475464779e+01
   4.33706340000000e+07   2.23227357309952e-06   2.49823759550261e+01
   4.37706370000000e+07   2.10530561162159e-06   2.49423443899722e+01
   4.41706390000000e+07   2.10471489481279e-06   2.50504296156035e+01
   4.45706420000000e+07   1.63553340826184e-06   2.49863791115312e+01
   4.49706450000000e+07   1.39195401516190e-06   2.50063948940555e+01
   4.53706470000000e+07   1.28099964058492e-06   2.50544327721075e+01
   4.57706500000000e+07   1.42067176511773e-06   2.50464264590994e+01
   4.61706520000000e+07   1.23901463666698e-06   2.50984674936472e+01
   4.65706550000000e+07   1.49409004279732e-06   2.50384201460911e+01
   4.69706580000000e+07   1.33940579871705e-06   2.50824548676336e+01
   4.73706600000000e+07   1.45795036132768e-06   2.50023917375508e+01
   4.77706630000000e+07   1.44122168421745e-06   2.49223286074429e+01
   4.81706650000000e+07   1.29314889818488e-06   2.50184043635693e+01
   4.85706680000000e+07   1.03411616692028e-06   2.49983885810460e+01
   4.89706710000000e+07   7.22330184999009e-07   2.49863791115312e+01
   4.93706730000000e+07   7.13001782060019e-07   2.50384201460911e+01
   4.97706760000000e+07   7.72331191001285e-07   2.49783727985210e+01
   5.01706780000000e+07   6.05565332989499e-07   2.49663633290053e+01
   5.05706810000000e+07   6.54749726436421e-07   2.49023128249120e+01
   5.09706840000000e+07   4.22124969645665e-07   2.50264106765782e+01
   5.13706860000000e+07   3.60196168003313e-07   2.49903822680362e+01
   5.17706890000000e+07   6.30504985110747e-07   2.50304138330826e+01
   9.57132120000000e+07   2.28600154514425e-04   2.50864580241371e+01
   9.61132150000000e+07   1.53732128183037e-06   2.49903822680362e+01
   9.65132170000000e+07   2.15723594010342e-06   2.49903822680362e+01
   9.69132200000000e+07   2.39560495174374e-06   2.49983885810460e+01
   9.73132230000000e+07   2.13048815567163e-06   2.50544327721075e+01
   9.77132250000000e+07   2.62895014202513e-06   2.49623601725000e+01
   9.81132280000000e+07   2.13736484511173e-06   2.50063948940555e+01
   9.85132300000000e+07   2.34341905525071e-06   2.50224075200738e+01
   9.89132330000000e+07   2.03597301151603e-06   2.51264895891685e+01
   9.93132360000000e+07   1.99484497898084e-06   2.49303349204548e+01
   9.97132380000000e+07   2.26921065404895e-06   2.50023917375508e+01
   1.00113241000000e+08   1.91819890460465e-06   2.50864580241371e+01
   1.00513243000000e+08   1.87009845831199e-06   2.51184832761627e+01
   1.00913246000000e+08   1.84277030257363e-06   2.50184043635693e+01
   1.01313249000000e+08   1.51251276747644e-06   2.51064738066536e+01
   1.01713251000000e+08   1.87968237241876e-06   2.50384201460911e+01
   1.02113254000000e+08   1.47326420574245e-06   2.50063948940555e+01
   1.02513256000000e+08   1.54190809098509e-06   2.49943854245411e+01
   1.02913259000000e+08   1.24919074551144e-06   2.50504296156035e+01
   1.03313262000000e+08   1.13028670511994e-06   2.50264106765782e+01
   1.03713264000000e+08   1.40325130359997e-06   2.51184832761627e+01
   1.04113267000000e+08   1.11928557089414e-06   2.50424233025953e+01
   1.04513270000000e+08   1.28356043660460e-06   2.50304138330826e+01
   1.04913272000000e+08   1.29190777897747e-06   2.50464264590994e+01
   1.05313275000000e+08   1.04841319625848e-06   2.49583570159945e+01
   1.48903399000000e+08   1.79525144631043e-04   2.49583570159945e+01
   1.49303402000000e+08   1.65369010574068e-06   2.50063948940555e+01
   1.49703405000000e+08   1.64432333349396e-06   2.50023917375508e+01
   1.50103407000000e+08   1.41679288390151e-06   2.50344169895869e+01
   1.50503410000000e+08   2.15994941754616e-06   2.50664422416190e+01
   1.50903412000000e+08   1.92954598787765e-06   2.51344959021740e+01
   1.51303415000000e+08   2.19123580791347e-06   2.50664422416190e+01
   1.51703418000000e+08   2.14012152355281e-06   2.49983885810460e+01
   1.52103420000000e+08   1.95276129488775e-06   2.49583570159945e+01
   1.52503423000000e+08   2.12110921893327e-06   2.50144012070648e+01
   1.52903425000000e+08   1.93067376130784e-06   2.50304138330826e+01
   1.53303428000000e+08   2.07132484320027e-06   2.49583570159945e+01
   1.53703431000000e+08   2.05568335331918e-06   2.50144012070648e+01
   1.54103433000000e+08   1.84849773177120e-06   2.49983885810460e+01
   1.54503436000000e+08   2.08223809750052e-06   2.49943854245411e+01
   1.54903438000000e+08   1.55331531459524e-06   2.49703664855106e+01
   1.55303441000000e+08   1.78535947270575e-06   2.49183254509368e+01
   1.55703444000000e+08   1.77170193182974e-06   2.50424233025953e+01
   1.56103446000000e+08   1.64083292020223e-06   2.50784517111300e+01
   1.56503449000000e+08   1.85564897492441e-06   2.50224075200738e+01
   1.56903451000000e+08   1.53846485773101e-06   2.50704453981228e+01
   1.57303454000000e+08   1.66071527019085e-06   2.51344959021740e+01
   1.57703457000000e+08   1.78380958004709e-06   2.50023917375508e+01
   1.58103459000000e+08   1.48415824696713e-06   2.50584359286114e+01
   1.58503462000000e+08   1.93868413589371e-06   2.50744485546264e+01
   1.93553762000000e+08   1.63712800713256e-04   2.49823759550261e+01
   1.93953765000000e+08   1.50541097809764e-06   2.50144012070648e+01
   1.94353767000000e+08   1.61924879193975e-06   2.50304138330826e+01
   1.94753770000000e+08   8.95826303803915e-07   2.51304927456713e+01
   1.95153772000000e+08   1.19460469250043e-06   2.51304927456713e+01
   1.95553775000000e+08   9.73165697359946e-07   2.50264106765782e+01
   1.95953778000000e+08   9.74284034782613e-07   2.50504296156035e+01
   1.96353780000000e+08   1.46694083014154e-06   2.50464264590994e+01
   1.96753783000000e+08   1.32149648379709e-06   2.50784517111300e+01
   1.97153786000000e+08   1.88027593139850e-06   2.50464264590994e+01
   1.97553788000000e+08   1.58450916387665e-06   2.50544327721075e+01
   1.97953791000000e+08   1.55642351273855e-06   2.51224864326656e+01
   1.98353793000000e+08   2.11227438740025e-06   2.50464264590994e+01
   1.98753796000000e+08   2.36787150242890e-06   2.50264106765782e+01
   1.99153799000000e+08   3.04622358271445e-06   2.50864580241371e+01
   1.99553801000000e+08   2.79461437457940e-06   2.50704453981228e+01
   1.99953804000000e+08   2.63739002548391e-06   2.50624390851152e+01
   2.00353806000000e+08   2.87756006400741e-06   2.49983885810460e+01
   2.00753809000000e+08   2.02993965103815e-06   2.49903822680362e+01
   2.01153812000000e+08   2.31563672059565e-06   2.50504296156035e+01
   2.01553814000000e+08   2.22682183448342e-06   2.50264106765782e+01
   2.01953817000000e+08   1.90488538009959e-06   2.50184043635693e+01
   2.02353819000000e+08   2.60412957686640e-06   2.50544327721075e+01
   2.02753822000000e+08   2.24044606511598e-06   2.49383412334665e+01
   2.03153825000000e+08   2.72882311946887e-06   2.49583570159945e+01
