   4.00003000000000e+05   1.87667171758221e-06   2.49863791115312e+01
   8.00005000000000e+05   1.86781392130797e-06   2.49503507029835e+01
   1.20000800000000e+06   1.94667541109084e-06   2.51264895891685e+01
   1.60001100000000e+06   2.01424791157478e-06   2.49463475464779e+01
   2.00001300000000e+06   1.95883376363781e-06   2.50704453981228e+01
   2.40001600000000e+06   1.97797180589987e-06   2.50864580241371e+01
   2.80001800000000e+06   2.01080706574430e-06   2.50264106765782e+01
   3.20002100000000e+06   1.69159852703160e-06   2.51665211541937e+01
   3.60002400000000e+06   1.77266770151618e-06   2.50224075200738e+01
   4.00002600000000e+06   1.54743167968263e-06   2.49823759550261e+01
   4.40002900000000e+06   1.77132176304440e-06   2.50384201460911e+01
   4.80003100000000e+06   1.56777412030351e-06   2.51104769631567e+01
   5.20003400000000e+06   1.78144318851992e-06   2.49903822680362e+01
   5.60003700000000e+06   1.85840269750770e-06   2.50624390851152e+01
   6.00003900000000e+06   1.76857065525837e-06   2.50704453981228e+01
   6.40004200000000e+06   1.82207759280573e-06   2.49903822680362e+01
   6.80004400000000e+06   1.81152688583097e-06   2.50984674936472e+01
   7.20004700000000e+06   1.76036155608017e-06   2.50304138330826e+01
   7.60005000000000e+06   1.82892324573913e-06   2.50424233025953e+01
   8.00005200000000e+06   1.67616371982149e-06   2.50584359286114e+01
   8.40005500000000e+06   1.83690610811027e-06   2.50624390851152e+01
   8.80005700000000e+06   1.72481384197454e-06   2.50344169895869e+01
   9.20006000000000e+06   1.79533333266590e-06   2.49663633290053e+01
   9.60006300000000e+06   1.80704489594063e-06   2.51104769631567e+01
   4.20399650000000e+07  -2.04203650355339e-03   2.50344169895869e+01
   4.24399680000000e+07   7.00392831731733e-07   2.51144801196597e+01
   4.28399700000000e+07   3.26249210047536e-06   2.50664422416190e+01
   4.32399730000000e+07   9.44100463584618e-07   2.49983885810460e+01
   4.36399760000000e+07   2.80618928627518e-06   2.49863791115312e+01
   4.40399780000000e+07   8.01830140062521e-07   2.50264106765782e+01
   4.44399810000000e+07   1.39457768000284e-06   2.50544327721075e+01
   4.48399830000000e+07   3.39022267326072e-06   2.50103980505602e+01
   4.52399860000000e+07   7.77947605001827e-07   2.50704453981228e+01
   4.56399890000000e+07   2.55299869422743e-06   2.49743696420159e+01
   4.60399910000000e+07   7.44273791042360e-07   2.49743696420159e+01
   4.64399940000000e+07   1.65507208294002e-06   2.50184043635693e+01
   4.68399960000000e+07   3.16394539368048e-06   2.49863791115312e+01
   4.72399990000000e+07   6.75909404890263e-07   2.49943854245411e+01
   4.76400020000000e+07   2.63481274487276e-06   2.50624390851152e+01
   4.80400040000000e+07   7.92656123849156e-07   2.50464264590994e+01
   4.84400070000000e+07   2.17295951188134e-06   2.50184043635693e+01
   4.88400090000000e+07   3.03860565509240e-06   2.51184832761627e+01
   4.92400120000000e+07   6.44558895146474e-07   2.49863791115312e+01
   4.96400150000000e+07   2.62485104940424e-06   2.51104769631567e+01
   5.00400170000000e+07   9.45603233049042e-07   2.51384990586767e+01
   5.04400200000000e+07   2.47852062784659e-06   2.49703664855106e+01
   5.08400220000000e+07   2.74196941063565e-06   2.50023917375508e+01
   5.12400250000000e+07   7.39443578368082e-07   2.50664422416190e+01
   5.16400280000000e+07   2.87204716187262e-06   2.50224075200738e+01
   9.52049320000000e+07   4.57530003041029e-03   2.49743696420159e+01
   9.56049350000000e+07   1.50992821090767e-06   2.50184043635693e+01
   9.60049380000000e+07   2.96757957585214e-06   2.49743696420159e+01
   9.64049400000000e+07   1.51422830185766e-06   2.50304138330826e+01
   9.68049430000000e+07   6.18026660959003e-07   2.50544327721075e+01
   9.72049450000000e+07   3.14009889734734e-06   2.50344169895869e+01
   9.76049480000000e+07   1.40028362238809e-06   2.49903822680362e+01
   9.80049510000000e+07   2.68082658294588e-06   2.49863791115312e+01
   9.84049530000000e+07   1.04540163192723e-06   2.50023917375508e+01
   9.88049560000000e+07   9.56952931119304e-07   2.50063948940555e+01
   9.92049580000000e+07   3.28072769661958e-06   2.50384201460911e+01
   9.96049610000000e+07   1.40958968586347e-06   2.49423443899722e+01
   1.00004964000000e+08   2.60145202446438e-06   2.50264106765782e+01
   1.00404966000000e+08   1.04017988178384e-06   2.50624390851152e+01
   1.00804969000000e+08   1.50214805216820e-06   2.50904611806405e+01
   1.01204971000000e+08   3.25364089803770e-06   2.50384201460911e+01
   1.01604974000000e+08   1.28409499211557e-06   2.50384201460911e+01
   1.02004977000000e+08   2.50717880589946e-06   2.50184043635693e+01
   1.02404979000000e+08   1.01473676750174e-06   2.51184832761627e+01
   1.02804982000000e+08   1.87895318504161e-06   2.50144012070648e+01
   1.03204984000000e+08   3.11311578116147e-06   2.50063948940555e+01
   1.03604987000000e+08   1.10539838260593e-06   2.50784517111300e+01
   1.04004990000000e+08   2.20418132812483e-06   2.50344169895869e+01
   1.04404992000000e+08   1.01674754660053e-06   2.49503507029835e+01
   1.04804995000000e+08   2.18767081605620e-06   2.50184043635693e+01
   1.48480824000000e+08  -4.17677499353886e-03   2.52105558757142e+01
   1.48880827000000e+08   9.95047116703063e-07   2.47301770950813e+01
   1.49280829000000e+08   1.20435799999541e-06   2.48983096684056e+01
   1.49680832000000e+08   2.46031709139061e-06   2.50384201460911e+01
   1.50080835000000e+08   2.79826008409145e-06   2.48262528512803e+01
   1.50480837000000e+08   2.03226318262750e-06   2.50904611806405e+01
   1.50880840000000e+08   8.89368720891071e-07   2.47662055036602e+01
   1.51280842000000e+08   1.51106928569789e-06   2.50424233025953e+01
   1.51680845000000e+08   2.38594134316372e-06   2.50984674936472e+01
   1.52080848000000e+08   2.47431034949841e-06   2.48062370687418e+01
   1.52480850000000e+08   1.45101512316614e-06   2.48022339122339e+01
   1.52880853000000e+08   8.67009475769009e-07   2.49823759550261e+01
   1.53280855000000e+08   1.60965464601759e-06   2.47942275992180e+01
   1.53680858000000e+08   2.46762670030876e-06   2.51945432497076e+01
   1.54080861000000e+08   1.98812904272927e-06   2.50704453981228e+01
   1.54480863000000e+08   1.02463923212781e-06   2.51104769631567e+01
   1.54880866000000e+08   8.22010690626485e-07   2.47982307557260e+01
   1.55280868000000e+08   2.06040249395301e-06   2.47181676255539e+01
   1.55680871000000e+08   2.55226382250839e-06   2.50784517111300e+01
   1.56080874000000e+08   1.72492821093329e-06   2.49263317639489e+01
   1.56480876000000e+08   9.96580638457090e-07   2.52505874407263e+01
   1.56880879000000e+08   1.33903131427360e-06   2.50304138330826e+01
   1.57280881000000e+08   2.56662997344392e-06   2.52706032232300e+01
   1.57680884000000e+08   2.59937792179699e-06   2.51425022151793e+01
   1.58080887000000e+08   1.59969215474121e-06   2.48542749468314e+01
   1.93197241000000e+08   2.34961300157011e-03   2.50344169895869e+01
   1.93597244000000e+08   2.68045050688670e-06   2.50984674936472e+01
   1.93997246000000e+08   1.65860888046154e-06   2.50664422416190e+01
   1.94397249000000e+08   3.52867459696427e-06   2.49943854245411e+01
   1.94797251000000e+08   9.18435887342639e-07   2.51585148411891e+01
   1.95197254000000e+08   7.25239942767075e-07   2.50184043635693e+01
   1.95597257000000e+08   2.64609320765885e-06   2.50344169895869e+01
   1.95997259000000e+08   1.63532979513548e-06   2.49783727985210e+01
   1.96397262000000e+08   2.93336802315025e-06   2.50784517111300e+01
   1.96797264000000e+08   3.59364634050507e-07   2.51184832761627e+01
   1.97197267000000e+08   8.90704939138232e-07   2.49703664855106e+01
   1.97597270000000e+08   2.70012355940707e-06   2.50063948940555e+01
   1.97997272000000e+08   1.27577891362307e-06   2.50384201460911e+01
   1.98397275000000e+08   2.26119504986855e-06   2.50384201460911e+01
   1.98797277000000e+08   8.65092246726817e-08   2.50584359286114e+01
   1.99197280000000e+08   1.33442119931715e-06   2.50624390851152e+01
   1.99597283000000e+08   2.63277865997225e-06   2.50304138330826e+01
   1.99997285000000e+08   1.08362405626394e-06   2.50384201460911e+01
   2.00397288000000e+08   2.08079268304573e-06   2.51024706501504e+01
   2.00797290000000e+08   9.82172707608697e-08   2.50624390851152e+01
   2.01197293000000e+08   1.79004143774364e-06   2.50504296156035e+01
   2.01597296000000e+08   2.74867693406122e-06   2.51224864326656e+01
   2.01997298000000e+08   1.16175522180129e-06   2.50144012070648e+01
   2.02397301000000e+08   1.97067356566549e-06   2.49983885810460e+01
   2.02797303000000e+08   3.56669914935992e-07   2.49823759550261e+01
