   4.00003000000000e+05   1.96221094483917e-06   2.50224075200738e+01
   8.00005000000000e+05   1.49688423789485e-06   2.49463475464779e+01
   1.20000800000000e+06   1.78376524218038e-06   2.49823759550261e+01
   1.60001100000000e+06   1.52109419104818e-06   2.49423443899722e+01
   2.00001300000000e+06   1.52477628034831e-06   2.50144012070648e+01
   2.40001600000000e+06   1.68512895015738e-06   2.49183254509368e+01
   2.80001800000000e+06   1.40820077376702e-06   2.49983885810460e+01
   3.20002100000000e+06   1.60170100116375e-06   2.50384201460911e+01
   3.60002300000000e+06   1.38321013309906e-06   2.49303349204548e+01
   4.00002600000000e+06   1.27829684970493e-06   2.48863001988861e+01
   4.40002900000000e+06   1.60402976234764e-06   2.50304138330826e+01
   4.80003100000000e+06   1.18297464268835e-06   2.49423443899722e+01
   5.20003400000000e+06   1.60447177677270e-06   2.49663633290053e+01
   5.60003600000000e+06   1.34763070036570e-06   2.50103980505602e+01
   6.00003900000000e+06   1.41347766202671e-06   2.49423443899722e+01
   6.40004200000000e+06   1.62867183917115e-06   2.50103980505602e+01
   6.80004400000000e+06   1.27770135804894e-06   2.50304138330826e+01
   7.20004700000000e+06   1.40989516239642e-06   2.49983885810460e+01
   7.60004900000000e+06   1.05561355212558e-06   2.50344169895869e+01
   8.00005200000000e+06   9.31565352857433e-07   2.49623601725000e+01
   8.40005500000000e+06   1.28196620607923e-06   2.49863791115312e+01
   8.80005700000000e+06   8.97796894605563e-07   2.49983885810460e+01
   9.20006000000000e+06   1.64470634445024e-06   2.49743696420159e+01
   9.60006200000000e+06   1.77539891410561e-06   2.49903822680362e+01
   4.21388280000000e+07   2.38887523300946e-03   2.49903822680362e+01
   4.25388300000000e+07   2.99610769616265e-06   2.50063948940555e+01
   4.29388330000000e+07   9.75593707153166e-07   2.51425022151793e+01
   4.33388350000000e+07   2.51539950113511e-06   2.50664422416190e+01
   4.37388380000000e+07   9.62514604907483e-07   2.49743696420159e+01
   4.41388400000000e+07   1.99846567738859e-06   2.50184043635693e+01
   4.45388430000000e+07   3.40140309162962e-06   2.50624390851152e+01
   4.49388460000000e+07   1.50735354509379e-06   2.50984674936472e+01
   4.53388480000000e+07   2.70148325398623e-06   2.50944643371439e+01
   4.57388510000000e+07   1.21946402487083e-06   2.50544327721075e+01
   4.61388530000000e+07   2.19705884774157e-06   2.50424233025953e+01
   4.65388560000000e+07   3.57935550709954e-06   2.50384201460911e+01
   4.69388590000000e+07   1.58733496391505e-06   2.50103980505602e+01
   4.73388610000000e+07   2.29961415243451e-06   2.50464264590994e+01
   4.77388640000000e+07   7.52387563807133e-07   2.49943854245411e+01
   4.81388660000000e+07   1.61725688485603e-06   2.49983885810460e+01
   4.85388690000000e+07   2.83524786937051e-06   2.50624390851152e+01
   4.89388720000000e+07   1.15606371764443e-06   2.50704453981228e+01
   4.93388740000000e+07   2.37083281717787e-06   2.50624390851152e+01
   4.97388770000000e+07   9.82173219199467e-07   2.50744485546264e+01
   5.01388790000000e+07   1.84496332167328e-06   2.50063948940555e+01
   5.05388820000000e+07   3.00984038403840e-06   2.50144012070648e+01
   5.09388850000000e+07   1.37725851345749e-06   2.50584359286114e+01
   5.13388870000000e+07   2.18421178033168e-06   2.50704453981228e+01
   5.17388900000000e+07   9.00026691397215e-07   2.50384201460911e+01
   9.55032340000000e+07  -4.26609953865409e-03   2.51104769631567e+01
   9.59032360000000e+07   1.26499753605458e-06   2.49503507029835e+01
   9.63032390000000e+07   5.41181577773386e-07   2.50384201460911e+01
   9.67032420000000e+07   2.69753581960686e-06   2.50744485546264e+01
   9.71032440000000e+07   2.23819006350823e-06   2.50824548676336e+01
   9.75032470000000e+07   1.84952261861326e-06   2.50184043635693e+01
   9.79032490000000e+07   1.21366031180514e-06   2.51425022151793e+01
   9.83032520000000e+07   4.41541999407491e-07   2.49943854245411e+01
   9.87032550000000e+07   2.61498371401103e-06   2.50984674936472e+01
   9.91032570000000e+07   1.77844117388304e-06   2.50304138330826e+01
   9.95032600000000e+07   1.49619643252663e-06   2.49863791115312e+01
   9.99032620000000e+07   6.98642111274239e-07   2.50664422416190e+01
   1.00303265000000e+08   9.66580202543810e-08   2.50304138330826e+01
   1.00703268000000e+08   1.92219363270851e-06   2.49943854245411e+01
   1.01103270000000e+08   1.69465329236118e-06   2.49943854245411e+01
   1.01503273000000e+08   1.72161696809781e-06   2.50224075200738e+01
   1.01903275000000e+08   1.26101144815038e-06   2.50584359286114e+01
   1.02303278000000e+08   4.93392690259498e-07   2.50424233025953e+01
   1.02703280000000e+08   2.45477735916211e-06   2.50504296156035e+01
   1.03103283000000e+08   1.72321870195447e-06   2.49183254509368e+01
   1.03503286000000e+08   1.56241799231793e-06   2.50544327721075e+01
   1.03903288000000e+08   8.76801891536161e-07   2.49943854245411e+01
   1.04303291000000e+08   3.03122703826375e-07   2.51024706501504e+01
   1.04703293000000e+08   1.97597955775564e-06   2.50984674936472e+01
   1.05103296000000e+08   1.62814569648617e-06   2.49983885810460e+01
   1.48510096000000e+08   4.67642443254590e-03   2.50424233025953e+01
   1.48910099000000e+08   9.68336394180369e-07   2.49663633290053e+01
   1.49310101000000e+08   1.32189575197117e-06   2.49423443899722e+01
   1.49710104000000e+08   1.92561128642410e-06   2.50224075200738e+01
   1.50110107000000e+08   7.25637994136719e-09   2.50224075200738e+01
   1.50510109000000e+08   2.70284203907067e-06   2.49823759550261e+01
   1.50910112000000e+08   1.09031304873497e-06   2.49663633290053e+01
   1.51310114000000e+08   1.75857917383837e-06   2.49863791115312e+01
   1.51710117000000e+08   2.39118730860355e-06   2.50624390851152e+01
   1.52110120000000e+08   7.63101752454531e-07   2.49623601725000e+01
   1.52510122000000e+08   3.23455446959997e-06   2.49823759550261e+01
   1.52910125000000e+08   1.56520013661066e-06   2.49583570159945e+01
   1.53310127000000e+08   1.79038568148826e-06   2.49743696420159e+01
   1.53710130000000e+08   2.29257216233236e-06   2.49543538594890e+01
   1.54110133000000e+08   6.50667345780676e-07   2.50624390851152e+01
   1.54510135000000e+08   2.88553678728931e-06   2.49863791115312e+01
   1.54910138000000e+08   1.42344833875541e-06   2.50224075200738e+01
   1.55310140000000e+08   1.91987442121899e-06   2.50464264590994e+01
   1.55710143000000e+08   2.34669278142974e-06   2.49663633290053e+01
   1.56110146000000e+08   8.29955638437241e-07   2.50224075200738e+01
   1.56510148000000e+08   3.00346914627880e-06   2.50384201460911e+01
   1.56910151000000e+08   1.58602836108912e-06   2.48863001988861e+01
   1.57310153000000e+08   1.59806609190127e-06   2.49663633290053e+01
   1.57710156000000e+08   1.95094139598950e-06   2.50704453981228e+01
   1.58110159000000e+08   5.30199883996829e-07   2.49983885810460e+01
   1.93203284000000e+08  -2.07629962824285e-03   2.50624390851152e+01
   1.93603286000000e+08   3.11633243654796e-06   2.49943854245411e+01
   1.94003289000000e+08   1.99807709577726e-06   2.50624390851152e+01
   1.94403292000000e+08   2.40469307755120e-06   2.50424233025953e+01
   1.94803294000000e+08   6.31133957540442e-07   2.50184043635693e+01
   1.95203297000000e+08   1.80141614691820e-06   2.51064738066536e+01
   1.95603299000000e+08   2.86287581729994e-06   2.50784517111300e+01
   1.96003302000000e+08   1.74410752151744e-06   2.50464264590994e+01
   1.96403304000000e+08   2.27945429287502e-06   2.50944643371439e+01
   1.96803307000000e+08   4.82353300412797e-07   2.50664422416190e+01
   1.97203310000000e+08   1.76947003183159e-06   2.50464264590994e+01
   1.97603312000000e+08   3.02572084365238e-06   2.50744485546264e+01
   1.98003315000000e+08   2.02541855287564e-06   2.50904611806405e+01
   1.98403317000000e+08   2.50026141657145e-06   2.49583570159945e+01
   1.98803320000000e+08   7.18790658993385e-07   2.49863791115312e+01
   1.99203323000000e+08   1.86543456948129e-06   2.50063948940555e+01
   1.99603325000000e+08   2.61679610957799e-06   2.50904611806405e+01
   2.00003328000000e+08   1.54383974404482e-06   2.49863791115312e+01
   2.00403330000000e+08   2.18233594750927e-06   2.50664422416190e+01
   2.00803333000000e+08   5.29231726886792e-07   2.49383412334665e+01
   2.01203336000000e+08   1.83050792657014e-06   2.50664422416190e+01
   2.01603338000000e+08   2.81768939203175e-06   2.49743696420159e+01
   2.02003341000000e+08   1.95993493434798e-06   2.50664422416190e+01
   2.02403343000000e+08   2.60977503785398e-06   2.49903822680362e+01
   2.02803346000000e+08   8.55530288390582e-07   2.49623601725000e+01
