   4.00002000000000e+05   1.92820198208210e-06   2.49383412334665e+01
   8.00005000000000e+05   1.73142996118258e-06   2.49583570159945e+01
   1.20000800000000e+06   1.71894043887733e-06   2.50023917375508e+01
   1.60001000000000e+06   1.97772578758304e-06   2.49663633290053e+01
   2.00001300000000e+06   1.69534484939504e-06   2.49463475464779e+01
   2.40001500000000e+06   1.93219534594391e-06   2.50344169895869e+01
   2.80001800000000e+06   1.89632191904821e-06   2.50144012070648e+01
   3.20002100000000e+06   1.85171518296556e-06   2.49543538594890e+01
   3.60002300000000e+06   2.03946206056571e-06   2.49983885810460e+01
   4.00002600000000e+06   1.91841013474914e-06   2.50224075200738e+01
   4.40002800000000e+06   2.20062520384090e-06   2.50584359286114e+01
   4.80003100000000e+06   2.01034958990931e-06   2.49663633290053e+01
   5.20003400000000e+06   1.95724692275689e-06   2.50744485546264e+01
   5.60003600000000e+06   2.01268312594038e-06   2.49423443899722e+01
   6.00003900000000e+06   1.65098913385009e-06   2.50864580241371e+01
   6.40004200000000e+06   1.87459488643071e-06   2.50464264590994e+01
   6.80004400000000e+06   1.61733953518706e-06   2.49863791115312e+01
   7.20004700000000e+06   1.85251542461629e-06   2.49463475464779e+01
   7.60004900000000e+06   1.85487681392260e-06   2.49543538594890e+01
   8.00005200000000e+06   1.62421667937451e-06   2.49823759550261e+01
   8.40005500000000e+06   1.90682067113812e-06   2.49863791115312e+01
   8.80005700000000e+06   1.74415208675782e-06   2.50023917375508e+01
   9.20006000000000e+06   1.78962034169672e-06   2.50504296156035e+01
   9.60006300000000e+06   1.86856789241574e-06   2.50184043635693e+01
   4.22198260000000e+07   2.34460015781224e-03   2.50544327721075e+01
   4.26198280000000e+07   2.16264970731572e-06   2.50944643371439e+01
   4.30198310000000e+07   9.32800446662441e-07   2.50184043635693e+01
   4.34198340000000e+07   2.19765524889226e-06   2.50264106765782e+01
   4.38198360000000e+07   2.76065952675708e-06   2.51545116846868e+01
   4.42198390000000e+07   1.86617000963452e-06   2.51425022151793e+01
   4.46198410000000e+07   2.00986846721207e-06   2.50584359286114e+01
   4.50198440000000e+07   1.11543101866118e-06   2.49783727985210e+01
   4.54198470000000e+07   2.57185911323177e-06   2.49983885810460e+01
   4.58198490000000e+07   2.67484188043454e-06   2.50824548676336e+01
   4.62198520000000e+07   1.69151223872177e-06   2.49903822680362e+01
   4.66198550000000e+07   1.79473602202052e-06   2.50464264590994e+01
   4.70198570000000e+07   1.47332434607961e-06   2.50784517111300e+01
   4.74198600000000e+07   2.43132330979279e-06   2.49703664855106e+01
   4.78198620000000e+07   2.36814616982883e-06   2.50144012070648e+01
   4.82198650000000e+07   1.30620492200251e-06   2.49263317639489e+01
   4.86198680000000e+07   1.68999190464092e-06   2.49983885810460e+01
   4.90198700000000e+07   1.20115169011115e-06   2.50184043635693e+01
   4.94198730000000e+07   2.49324466494727e-06   2.49623601725000e+01
   4.98198760000000e+07   2.08739243134914e-06   2.50023917375508e+01
   5.02198780000000e+07   1.25042845411372e-06   2.49583570159945e+01
   5.06198810000000e+07   1.66026961778698e-06   2.50704453981228e+01
   5.10198830000000e+07   1.45869069001492e-06   2.49823759550261e+01
   5.14198860000000e+07   2.50816106017737e-06   2.50384201460911e+01
   5.18198890000000e+07   1.86892918918602e-06   2.50224075200738e+01
   9.53107940000000e+07  -4.19244915246964e-03   2.50464264590994e+01
   9.57107970000000e+07   3.04253717331449e-07   2.50624390851152e+01
   9.61107990000000e+07   4.18626132159261e-06   2.49623601725000e+01
   9.65108020000000e+07   1.69146119333163e-06   2.49663633290053e+01
   9.69108050000000e+07   1.77199990503141e-06   2.49903822680362e+01
   9.73108070000000e+07   1.40632641887350e-06   2.50304138330826e+01
   9.77108100000000e+07   8.47304647777491e-07   2.50144012070648e+01
   9.81108130000000e+07   4.01774286729051e-06   2.50704453981228e+01
   9.85108150000000e+07   8.62940567003534e-07   2.49743696420159e+01
   9.89108180000000e+07   1.69328893662168e-06   2.51064738066536e+01
   9.93108200000000e+07   1.24870769013796e-06   2.50544327721075e+01
   9.97108230000000e+07   1.41876591897017e-06   2.50864580241371e+01
   1.00110826000000e+08   3.79313087250921e-06   2.50664422416190e+01
   1.00510828000000e+08   9.37644415444083e-07   2.51064738066536e+01
   1.00910831000000e+08   1.79819107870571e-06   2.51144801196597e+01
   1.01310834000000e+08   1.48378865105769e-06   2.50544327721075e+01
   1.01710836000000e+08   1.75158925230789e-06   2.50063948940555e+01
   1.02110839000000e+08   3.86011834052624e-06   2.50304138330826e+01
   1.02510841000000e+08   5.36281390850490e-07   2.49503507029835e+01
   1.02910844000000e+08   1.92569359569461e-06   2.50304138330826e+01
   1.03310847000000e+08   1.80047209141776e-06   2.49343380769607e+01
   1.03710849000000e+08   2.24499217438279e-06   2.49463475464779e+01
   1.04110852000000e+08   3.13587224809453e-06   2.49903822680362e+01
   1.04510854000000e+08   7.90225442415249e-07   2.49983885810460e+01
   1.04910857000000e+08   1.97113195099519e-06   2.49143222944307e+01
   1.48553960000000e+08   4.58969967439771e-03   2.50264106765782e+01
   1.48953962000000e+08   2.63136803368980e-06   2.50584359286114e+01
   1.49353965000000e+08   3.37544605599760e-07   2.50664422416190e+01
   1.49753967000000e+08   3.18922616315831e-06   2.50264106765782e+01
   1.50153970000000e+08   2.17920864997723e-06   2.50304138330826e+01
   1.50553973000000e+08   2.21537857214571e-06   2.50904611806405e+01
   1.50953975000000e+08   2.36142295761965e-06   2.49423443899722e+01
   1.51353978000000e+08   4.11420330692636e-07   2.50904611806405e+01
   1.51753981000000e+08   3.03196725326416e-06   2.50264106765782e+01
   1.52153983000000e+08   1.88338378848130e-06   2.49983885810460e+01
   1.52553986000000e+08   1.62302364969946e-06   2.50704453981228e+01
   1.52953988000000e+08   1.51796223235579e-06   2.51465053716819e+01
   1.53353991000000e+08   5.47990282484534e-07   2.50144012070648e+01
   1.53753994000000e+08   3.14350631924754e-06   2.51104769631567e+01
   1.54153996000000e+08   1.53526355006761e-06   2.50624390851152e+01
   1.54553999000000e+08   1.56120290739636e-06   2.50424233025953e+01
   1.54954001000000e+08   1.64783364198229e-06   2.50984674936472e+01
   1.55354004000000e+08   8.66721507009061e-07   2.50504296156035e+01
   1.55754007000000e+08   2.79461619356880e-06   2.50144012070648e+01
   1.56154009000000e+08   1.44830062254186e-06   2.51144801196597e+01
   1.56554012000000e+08   1.28538954413671e-06   2.50063948940555e+01
   1.56954015000000e+08   1.46711136039812e-06   2.50544327721075e+01
   1.57354017000000e+08   8.32471982903371e-07   2.50264106765782e+01
   1.57754020000000e+08   2.87937814391626e-06   2.51344959021740e+01
   1.58154022000000e+08   9.28110239328817e-07   2.49983885810460e+01
   1.93131954000000e+08  -2.03348696231842e-03   2.50144012070648e+01
   1.93531956000000e+08   1.53069015595975e-06   2.50464264590994e+01
   1.93931959000000e+08   1.66666279710626e-06   2.50464264590994e+01
   1.94331961000000e+08   1.30640546558425e-06   2.50264106765782e+01
   1.94731964000000e+08   2.22606536226522e-06   2.49543538594890e+01
   1.95131967000000e+08   2.91656760964543e-06   2.50224075200738e+01
   1.95531969000000e+08   1.18908076274238e-06   2.50264106765782e+01
   1.95931972000000e+08   1.50962978295865e-06   2.49903822680362e+01
   1.96331974000000e+08   1.32542220399046e-06   2.50103980505602e+01
   1.96731977000000e+08   2.13868406717665e-06   2.50464264590994e+01
   1.97131980000000e+08   2.34867638937430e-06   2.49703664855106e+01
   1.97531982000000e+08   1.07207563360134e-06   2.49623601725000e+01
   1.97931985000000e+08   1.44038915550482e-06   2.50464264590994e+01
   1.98331988000000e+08   1.86014665359835e-06   2.50744485546264e+01
   1.98731990000000e+08   1.83429051503481e-06   2.50144012070648e+01
   1.99131993000000e+08   2.63144033851859e-06   2.49663633290053e+01
   1.99531995000000e+08   7.85011138759728e-07   2.50144012070648e+01
   1.99931998000000e+08   1.68999986271956e-06   2.49343380769607e+01
   2.00332001000000e+08   1.95125289792486e-06   2.50704453981228e+01
   2.00732003000000e+08   1.99440091819270e-06   2.48822970423795e+01
   2.01132006000000e+08   2.45115279540187e-06   2.49703664855106e+01
   2.01532009000000e+08   4.85776581626851e-07   2.50504296156035e+01
   2.01932011000000e+08   1.70901773799415e-06   2.49863791115312e+01
   2.02332014000000e+08   1.93196206055291e-06   2.50544327721075e+01
   2.02732016000000e+08   1.49636957758048e-06   2.50864580241371e+01
