   4.00003000000000e+05   1.27839984997991e-06   2.50264106765782e+01
   8.00005000000000e+05   1.54430222210067e-06   2.50384201460911e+01
   1.20000800000000e+06   1.24061648421048e-06   2.50184043635693e+01
   1.60001100000000e+06   1.40014276439615e-06   2.50504296156035e+01
   2.00001300000000e+06   1.42497196975455e-06   2.50864580241371e+01
   2.40001600000000e+06   1.22865935736627e-06   2.48943065118992e+01
   2.80001800000000e+06   1.53257474266866e-06   2.50704453981228e+01
   3.20002100000000e+06   1.17520801268256e-06   2.49223286074429e+01
   3.60002400000000e+06   1.42813712500356e-06   2.50544327721075e+01
   4.00002600000000e+06   1.36732126065908e-06   2.50224075200738e+01
   4.40002900000000e+06   9.51514891767147e-07   2.49463475464779e+01
   4.80003100000000e+06   1.12627435555623e-06   2.49703664855106e+01
   5.20003400000000e+06   8.77085540196276e-07   2.50184043635693e+01
   5.60003700000000e+06   1.00716215456487e-06   2.50944643371439e+01
   6.00003900000000e+06   1.04367916264891e-06   2.49823759550261e+01
   6.40004200000000e+06   1.32009949993517e-06   2.50824548676336e+01
   6.80004400000000e+06   1.86932322776556e-06   2.51024706501504e+01
   7.20004700000000e+06   1.53067935571016e-06   2.50224075200738e+01
   7.60005000000000e+06   1.75195100382552e-06   2.50304138330826e+01
   8.00005200000000e+06   1.70996145243407e-06   2.50344169895869e+01
   8.40005500000000e+06   1.53730286456266e-06   2.49423443899722e+01
   8.80005700000000e+06   1.79040432612965e-06   2.50464264590994e+01
   9.20006000000000e+06   1.48946082845214e-06   2.50664422416190e+01
   9.60006300000000e+06   1.70509110830608e-06   2.50023917375508e+01
   4.27286300000000e+07   2.40591238252819e-03   2.49463475464779e+01
   4.31286320000000e+07   2.37764243138372e-06   2.45500350521102e+01
   4.35286350000000e+07   1.43946135722217e-06   2.47461897211170e+01
   4.39286370000000e+07   2.21090590457607e-06   2.57750009418148e+01
   4.43286400000000e+07   1.03278489405056e-06   2.43258582873439e+01
   4.47286430000000e+07   2.38596066992613e-06   2.55828494300881e+01
   4.51286450000000e+07   2.14785904972814e-06   2.45620445216456e+01
   4.55286480000000e+07   1.18664775072830e-06   2.47221707820631e+01
   4.59286500000000e+07   1.89398599559354e-06   2.47421865646082e+01
   4.63286530000000e+07   8.27053156626789e-07   2.48302560077878e+01
   4.67286560000000e+07   2.11123278859304e-06   2.50464264590994e+01
   4.71286580000000e+07   1.88796911970712e-06   2.49903822680362e+01
   4.75286610000000e+07   9.78117327576911e-07   2.48542749468314e+01
   4.79286630000000e+07   1.65744813784841e-06   2.49703664855106e+01
   4.83286660000000e+07   1.04343473594781e-06   2.46661265909285e+01
   4.87286690000000e+07   2.55347163147235e-06   2.49543538594890e+01
   4.91286710000000e+07   2.52162499236874e-06   2.50544327721075e+01
   4.95286740000000e+07   1.70955070188938e-06   2.47021549995165e+01
   4.99286760000000e+07   2.27870373237238e-06   2.48903033553927e+01
   5.03286790000000e+07   9.90161879599327e-07   2.45580413651338e+01
   5.07286820000000e+07   2.21172581404971e-06   2.61673102778219e+01
   5.11286840000000e+07   1.99250257537642e-06   2.56629125599913e+01
   5.15286870000000e+07   1.26872703276604e-06   2.50984674936472e+01
   5.19286890000000e+07   1.62230833211652e-06   2.49663633290053e+01
   5.23286920000000e+07   8.18900218746421e-07   2.50103980505602e+01
   1.00643053000000e+08  -4.25742426887155e-03   2.51264895891685e+01
   1.01043056000000e+08   1.96836981558590e-06   2.49783727985210e+01
   1.01443059000000e+08   2.02568207896547e-06   2.50264106765782e+01
   1.01843061000000e+08   2.12284021472442e-06   2.49543538594890e+01
   1.02243064000000e+08   3.00058877655829e-06   2.50544327721075e+01
   1.02643066000000e+08   2.19037792703602e-06   2.50504296156035e+01
   1.03043069000000e+08   2.20182596422092e-06   2.50224075200738e+01
   1.03443072000000e+08   2.31522039939591e-06   2.49903822680362e+01
   1.03843074000000e+08   2.20123138205963e-06   2.50424233025953e+01
   1.04243077000000e+08   2.97275255434215e-06   2.49903822680362e+01
   1.04643079000000e+08   1.61325488079456e-06   2.51665211541937e+01
   1.05043082000000e+08   1.62451840424183e-06   2.50023917375508e+01
   1.05443085000000e+08   1.67489736213611e-06   2.50224075200738e+01
   1.05843087000000e+08   1.77512379195832e-06   2.51104769631567e+01
   1.06243090000000e+08   2.54063547799888e-06   2.50344169895869e+01
   1.06643093000000e+08   1.67543123552605e-06   2.50184043635693e+01
   1.07043095000000e+08   1.71204703747208e-06   2.50144012070648e+01
   1.07443098000000e+08   1.81009659172560e-06   2.50504296156035e+01
   1.07843100000000e+08   1.77895287833962e-06   2.50544327721075e+01
   1.08243103000000e+08   2.39101564147859e-06   2.49743696420159e+01
   1.08643106000000e+08   1.36851826937345e-06   2.50023917375508e+01
   1.09043108000000e+08   1.41703594636056e-06   2.50464264590994e+01
   1.09443111000000e+08   1.42236206102098e-06   2.50424233025953e+01
   1.09843113000000e+08   1.41449345392175e-06   2.50023917375508e+01
   1.10243116000000e+08   2.15818045035121e-06   2.49383412334665e+01
   1.53191069000000e+08   4.68020001426339e-03   2.49183254509368e+01
   1.53591071000000e+08   3.76162063275842e-07   2.48983096684056e+01
   1.53991074000000e+08   1.52792586050055e-06   2.49463475464779e+01
   1.54391077000000e+08   1.03649722404953e-06   2.49423443899722e+01
   1.54791079000000e+08   1.79813571321574e-06   2.50063948940555e+01
   1.55191082000000e+08   2.08423966796545e-06   2.49663633290053e+01
   1.55591084000000e+08   9.57798192757764e-07   2.50144012070648e+01
   1.55991087000000e+08   1.99268265532737e-06   2.50023917375508e+01
   1.56391090000000e+08   1.07543189642456e-06   2.50624390851152e+01
   1.56791092000000e+08   1.47309253861749e-06   2.51425022151793e+01
   1.57191095000000e+08   1.80322115284071e-06   2.51104769631567e+01
   1.57591097000000e+08   6.83053656302945e-07   2.51024706501504e+01
   1.57991100000000e+08   1.69415659456718e-06   2.51304927456713e+01
   1.58391103000000e+08   4.98438168961002e-07   2.51425022151793e+01
   1.58791105000000e+08   8.74682655194192e-07   2.51024706501504e+01
   1.59191108000000e+08   1.13907481136266e-06   2.51184832761627e+01
   1.59591110000000e+08   1.48472508954001e-07   2.51545116846868e+01
   1.59991113000000e+08   9.50848914271774e-07   2.51064738066536e+01
   1.60391116000000e+08   8.08630716164771e-07   2.50103980505602e+01
   1.60791118000000e+08   1.40051747621328e-06   2.49863791115312e+01
   1.61191121000000e+08   1.71674105331476e-06   2.49623601725000e+01
   1.61591123000000e+08   6.73635838666087e-07   2.49223286074429e+01
   1.61991126000000e+08   1.58739248945494e-06   2.49543538594890e+01
   1.62391129000000e+08   1.22636083688121e-06   2.48622812598455e+01
   1.62791131000000e+08   1.78118818894291e-06   2.49543538594890e+01
   1.98270801000000e+08  -2.07234965637326e-03   2.49463475464779e+01
   1.98670804000000e+08   2.66506435764313e-06   2.49663633290053e+01
   1.99070807000000e+08   2.53460052590526e-06   2.50144012070648e+01
   1.99470809000000e+08   2.29643455895712e-06   2.50664422416190e+01
   1.99870812000000e+08   3.24996335621108e-06   2.50584359286114e+01
   2.00270815000000e+08   2.82178257293708e-06   2.50304138330826e+01
   2.00670817000000e+08   2.76692344414187e-06   2.50384201460911e+01
   2.01070820000000e+08   2.63000561062654e-06   2.50224075200738e+01
   2.01470822000000e+08   2.40079793911718e-06   2.50744485546264e+01
   2.01870825000000e+08   3.27072439176845e-06   2.50584359286114e+01
   2.02270828000000e+08   2.33971604757244e-06   2.50624390851152e+01
   2.02670830000000e+08   1.66610516316723e-06   2.50664422416190e+01
   2.03070833000000e+08   1.51312792695535e-06   2.51425022151793e+01
   2.03470835000000e+08   1.19170465495699e-06   2.50704453981228e+01
   2.03870838000000e+08   2.06979007089103e-06   2.51144801196597e+01
   2.04270841000000e+08   1.64677942393610e-06   2.51425022151793e+01
   2.04670843000000e+08   1.53048119955201e-06   2.50584359286114e+01
   2.05070846000000e+08   1.53024882365571e-06   2.50824548676336e+01
   2.05470848000000e+08   1.23588006317732e-06   2.50704453981228e+01
   2.05870851000000e+08   2.06229947252723e-06   2.50304138330826e+01
   2.06270854000000e+08   1.34140066165855e-06   2.50584359286114e+01
   2.06670856000000e+08   1.12337772861792e-06   2.50304138330826e+01
   2.07070859000000e+08   1.02056719697430e-06   2.49663633290053e+01
   2.07470861000000e+08   7.93661286024872e-07   2.50384201460911e+01
   2.07870864000000e+08   1.41055568292359e-06   2.50304138330826e+01
