   4.00002000000000e+05   2.28917338063184e-06   2.51184832761627e+01
   8.00005000000000e+05   2.12133545574034e-06   2.50464264590994e+01
   1.20000700000000e+06   2.15179420592904e-06   2.50664422416190e+01
   1.60001000000000e+06   2.13500152312918e-06   2.50464264590994e+01
   2.00001300000000e+06   2.03460444936354e-06   2.50464264590994e+01
   2.40001500000000e+06   2.16622061088856e-06   2.50264106765782e+01
   2.80001800000000e+06   1.95258007806842e-06   2.50344169895869e+01
   3.20002000000000e+06   1.98342536350538e-06   2.50063948940555e+01
   3.60002300000000e+06   2.20743754653085e-06   2.49783727985210e+01
   4.00002600000000e+06   2.04709476747666e-06   2.50344169895869e+01
   4.40002800000000e+06   2.31508965953253e-06   2.50103980505602e+01
   4.80003100000000e+06   2.20923152483010e-06   2.50664422416190e+01
   5.20003300000000e+06   2.26473935072136e-06   2.50103980505602e+01
   5.60003600000000e+06   2.39301925830659e-06   2.50784517111300e+01
   6.00003800000000e+06   1.93615460375440e-06   2.49423443899722e+01
   6.40004100000000e+06   2.10760481422767e-06   2.51144801196597e+01
   6.80004400000000e+06   1.87326213563210e-06   2.50704453981228e+01
   7.20004600000000e+06   1.88537137546518e-06   2.50584359286114e+01
   7.60004900000000e+06   2.06058211915661e-06   2.50023917375508e+01
   8.00005100000000e+06   1.75766865595506e-06   2.51384990586767e+01
   8.40005400000000e+06   2.14395890907326e-06   2.50063948940555e+01
   8.80005700000000e+06   1.86289696557651e-06   2.50344169895869e+01
   9.20005900000000e+06   1.95992674889567e-06   2.51024706501504e+01
   9.60006200000000e+06   2.09884092328139e-06   2.50464264590994e+01
   4.23373030000000e+07  -2.07313732244074e-03   2.50544327721075e+01
   4.27373060000000e+07   2.38457755585841e-06   2.50784517111300e+01
   4.31373090000000e+07   1.96412543118640e-06   2.50184043635693e+01
   4.35373110000000e+07   2.21570144276484e-06   2.50023917375508e+01
   4.39373140000000e+07   9.99344365482102e-07   2.49663633290053e+01
   4.43373160000000e+07   3.37897245117347e-06   2.51304927456713e+01
   4.47373190000000e+07   2.25627582040033e-06   2.49743696420159e+01
   4.51373220000000e+07   2.09888276003767e-06   2.50264106765782e+01
   4.55373240000000e+07   2.01895022655663e-06   2.50664422416190e+01
   4.59373270000000e+07   1.33559819914808e-06   2.49943854245411e+01
   4.63373290000000e+07   3.36314087689971e-06   2.50864580241371e+01
   4.67373320000000e+07   2.17740034713643e-06   2.50704453981228e+01
   4.71373340000000e+07   2.04822731575405e-06   2.50704453981228e+01
   4.75373370000000e+07   2.14793089980958e-06   2.50304138330826e+01
   4.79373400000000e+07   1.41678378895449e-06   2.50864580241371e+01
   4.83373420000000e+07   3.48242679137911e-06   2.49663633290053e+01
   4.87373450000000e+07   2.10095345209993e-06   2.50944643371439e+01
   4.91373470000000e+07   2.24723362407531e-06   2.50544327721075e+01
   4.95373500000000e+07   2.07863445211842e-06   2.50344169895869e+01
   4.99373530000000e+07   1.46372497056291e-06   2.49983885810460e+01
   5.03373550000000e+07   3.00655574392295e-06   2.49943854245411e+01
   5.07373580000000e+07   1.54999850110471e-06   2.50464264590994e+01
   5.11373600000000e+07   1.60878471433534e-06   2.50784517111300e+01
   5.15373630000000e+07   1.64967730142962e-06   2.50023917375508e+01
   5.19373660000000e+07   1.27868565868994e-06   2.50264106765782e+01
   9.56720850000000e+07   4.63482504710555e-03   2.49903822680362e+01
   9.60720880000000e+07   2.68279541160155e-06   2.50384201460911e+01
   9.64720900000000e+07   2.00561657948128e-06   2.49303349204548e+01
   9.68720930000000e+07   1.97341159946518e-06   2.50584359286114e+01
   9.72720960000000e+07   1.76268622453790e-06   2.49783727985210e+01
   9.76720980000000e+07   1.55086047470832e-06   2.49503507029835e+01
   9.80721010000000e+07   2.41513248511183e-06   2.50344169895869e+01
   9.84721030000000e+07   1.82051167030295e-06   2.50023917375508e+01
   9.88721060000000e+07   1.74776778294472e-06   2.49543538594890e+01
   9.92721090000000e+07   1.61894627126458e-06   2.49943854245411e+01
   9.96721110000000e+07   1.52486518345540e-06   2.49743696420159e+01
   1.00072114000000e+08   2.23783376895881e-06   2.50103980505602e+01
   1.00472116000000e+08   1.61057528202946e-06   2.49743696420159e+01
   1.00872119000000e+08   1.60930699166784e-06   2.50904611806405e+01
   1.01272122000000e+08   1.58628222379775e-06   2.50103980505602e+01
   1.01672124000000e+08   1.33935975554778e-06   2.50664422416190e+01
   1.02072127000000e+08   2.25656731345225e-06   2.50584359286114e+01
   1.02472129000000e+08   1.72752299931744e-06   2.49263317639489e+01
   1.02872132000000e+08   1.78457480615180e-06   2.49903822680362e+01
   1.03272135000000e+08   1.61691798439279e-06   2.49623601725000e+01
   1.03672137000000e+08   1.63436379807536e-06   2.49783727985210e+01
   1.04072140000000e+08   2.41910470322182e-06   2.49343380769607e+01
   1.04472142000000e+08   1.76913920313382e-06   2.50063948940555e+01
   1.04872145000000e+08   1.81989116754266e-06   2.49983885810460e+01
   1.05272148000000e+08   1.76876505975088e-06   2.50184043635693e+01
   1.48762370000000e+08  -4.23677405342460e-03   2.50424233025953e+01
   1.49162372000000e+08   6.71363068249775e-07   2.51505085281844e+01
   1.49562375000000e+08   2.43458111981454e-06   2.50784517111300e+01
   1.49962378000000e+08   1.89569686881441e-06   2.51104769631567e+01
   1.50362380000000e+08   3.02950115838030e-06   2.50384201460911e+01
   1.50762383000000e+08   1.61036791723745e-06   2.50984674936472e+01
   1.51162385000000e+08   9.42789313285175e-07   2.50704453981228e+01
   1.51562388000000e+08   2.46290028371732e-06   2.49863791115312e+01
   1.51962390000000e+08   1.80298764007603e-06   2.50664422416190e+01
   1.52362393000000e+08   2.58304135059007e-06   2.49583570159945e+01
   1.52762396000000e+08   1.04792570709833e-06   2.50144012070648e+01
   1.53162398000000e+08   5.56246675387229e-07   2.50063948940555e+01
   1.53562401000000e+08   2.26272550207796e-06   2.50103980505602e+01
   1.53962403000000e+08   1.55012719460501e-06   2.49743696420159e+01
   1.54362406000000e+08   2.43382896769617e-06   2.49783727985210e+01
   1.54762409000000e+08   9.12108873762918e-07   2.50744485546264e+01
   1.55162411000000e+08   8.29842008442938e-07   2.50664422416190e+01
   1.55562414000000e+08   2.15502359424136e-06   2.50904611806405e+01
   1.55962416000000e+08   1.78902030256722e-06   2.50264106765782e+01
   1.56362419000000e+08   2.80991253021057e-06   2.50344169895869e+01
   1.56762422000000e+08   1.44268540225312e-06   2.50144012070648e+01
   1.57162424000000e+08   1.39142161970085e-06   2.49903822680362e+01
   1.57562427000000e+08   2.75671436611447e-06   2.50384201460911e+01
   1.57962429000000e+08   1.96661790141661e-06   2.50504296156035e+01
   1.58362432000000e+08   2.31670469474921e-06   2.50704453981228e+01
   1.93362413000000e+08   2.37661274150014e-03   2.50384201460911e+01
   1.93762415000000e+08   1.62515425472520e-06   2.50103980505602e+01
   1.94162418000000e+08   1.83024758371175e-06   2.50464264590994e+01
   1.94562420000000e+08   8.47796968628245e-07   2.50944643371439e+01
   1.94962423000000e+08   2.48946366809832e-06   2.50224075200738e+01
   1.95362426000000e+08   6.57616453736409e-07   2.50144012070648e+01
   1.95762428000000e+08   1.81980442448548e-06   2.49783727985210e+01
   1.96162431000000e+08   1.98650946003909e-06   2.50144012070648e+01
   1.96562433000000e+08   1.01503030691674e-06   2.50744485546264e+01
   1.96962436000000e+08   2.47437878897472e-06   2.50504296156035e+01
   1.97362438000000e+08   9.95007894744049e-07   2.49863791115312e+01
   1.97762441000000e+08   1.97011195268715e-06   2.50103980505602e+01
   1.98162444000000e+08   2.35674747273151e-06   2.50023917375508e+01
   1.98562446000000e+08   1.57833835601195e-06   2.49903822680362e+01
   1.98962449000000e+08   3.11315216094954e-06   2.49863791115312e+01
   1.99362451000000e+08   1.44412638292124e-06   2.49023128249120e+01
   1.99762454000000e+08   2.50519315159181e-06   2.50704453981228e+01
   2.00162457000000e+08   2.30960608860187e-06   2.50063948940555e+01
   2.00562459000000e+08   1.52477491610625e-06   2.50023917375508e+01
   2.00962462000000e+08   2.72500915343699e-06   2.50344169895869e+01
   2.01362464000000e+08   1.25340454815159e-06   2.50664422416190e+01
   2.01762467000000e+08   2.41928455579909e-06   2.49823759550261e+01
   2.02162470000000e+08   2.21176287595881e-06   2.50584359286114e+01
   2.02562472000000e+08   1.38344307742955e-06   2.50664422416190e+01
   2.02962475000000e+08   2.75409433925233e-06   2.49383412334665e+01
