   4.00003000000000e+05   1.60907075041905e-06   2.47902244427099e+01
   8.00005000000000e+05   1.89393551863759e-06   2.48302560077878e+01
   1.20000800000000e+06   1.70878934113716e-06   2.49703664855106e+01
   1.60001100000000e+06   1.91190565601573e-06   2.48222496947727e+01
   2.00001300000000e+06   1.73223168076220e-06   2.50424233025953e+01
   2.40001600000000e+06   1.87577154520113e-06   2.50224075200738e+01
   2.80001800000000e+06   1.65743017532805e-06   2.51104769631567e+01
   3.20002100000000e+06   1.70332259585848e-06   2.50744485546264e+01
   3.60002400000000e+06   1.66055974659685e-06   2.49783727985210e+01
   4.00002600000000e+06   1.71345288890734e-06   2.50464264590994e+01
   4.40002900000000e+06   1.65351241321332e-06   2.50304138330826e+01
   4.80003100000000e+06   1.76699256826396e-06   2.49743696420159e+01
   5.20003400000000e+06   1.73963542238198e-06   2.50664422416190e+01
   5.60003700000000e+06   1.73104410805536e-06   2.50464264590994e+01
   6.00003900000000e+06   1.78495042746363e-06   2.50144012070648e+01
   6.40004200000000e+06   1.73025853200670e-06   2.50704453981228e+01
   6.80004400000000e+06   1.96093446902523e-06   2.50824548676336e+01
   7.20004700000000e+06   1.87287719199958e-06   2.49663633290053e+01
   7.60005000000000e+06   1.93534424397512e-06   2.50424233025953e+01
   8.00005200000000e+06   1.83750898941071e-06   2.50023917375508e+01
   8.40005500000000e+06   1.99939859157894e-06   2.50744485546264e+01
   8.80005700000000e+06   1.82266069259640e-06   2.50184043635693e+01
   9.20006000000000e+06   1.89748948287161e-06   2.50344169895869e+01
   9.60006300000000e+06   1.82188898634195e-06   2.50504296156035e+01
   4.22655400000000e+07  -2.03776196576655e-03   2.50624390851152e+01
   4.26655430000000e+07   2.79140499515051e-06   2.49343380769607e+01
   4.30655450000000e+07   2.10268854061724e-06   2.49943854245411e+01
   4.34655480000000e+07   2.01290799850540e-06   2.51144801196597e+01
   4.38655500000000e+07   1.49528875681426e-06   2.50063948940555e+01
   4.42655530000000e+07   1.42871476782602e-06   2.50624390851152e+01
   4.46655560000000e+07   3.06429046759149e-06   2.49183254509368e+01
   4.50655580000000e+07   1.84025361704698e-06   2.50504296156035e+01
   4.54655610000000e+07   1.93709979612322e-06   2.48022339122339e+01
   4.58655630000000e+07   1.37636220642889e-06   2.50144012070648e+01
   4.62655660000000e+07   1.67510779647273e-06   2.50063948940555e+01
   4.66655690000000e+07   2.85638634522911e-06   2.49263317639489e+01
   4.70655710000000e+07   1.51544395521341e-06   2.52545905972272e+01
   4.74655740000000e+07   1.64663890700467e-06   2.51224864326656e+01
   4.78655760000000e+07   1.34058973344509e-06   2.49183254509368e+01
   4.82655790000000e+07   1.87842681498296e-06   2.49343380769607e+01
   4.86655820000000e+07   2.82570863419096e-06   2.53306505707319e+01
   4.90655840000000e+07   1.28733461224328e-06   2.49663633290053e+01
   4.94655870000000e+07   1.77327615347167e-06   2.52986253187327e+01
   4.98655890000000e+07   1.64052471518517e-06   2.48302560077878e+01
   5.02655920000000e+07   2.18537911678141e-06   2.49303349204548e+01
   5.06655950000000e+07   2.53531493399350e-06   2.50584359286114e+01
   5.10655970000000e+07   1.14483748347993e-06   2.47982307557260e+01
   5.14656000000000e+07   1.90678656508680e-06   2.49823759550261e+01
   5.18656020000000e+07   1.65916901551100e-06   2.49423443899722e+01
   9.57150130000000e+07   4.57114912569523e-03   2.51104769631567e+01
   9.61150160000000e+07   3.73162561118079e-06   2.50304138330826e+01
   9.65150180000000e+07   1.09094037270552e-06   2.51224864326656e+01
   9.69150210000000e+07   4.48717059953196e-07   2.49943854245411e+01
   9.73150230000000e+07   2.94864230454550e-06   2.51024706501504e+01
   9.77150260000000e+07   1.38101324864692e-06   2.50944643371439e+01
   9.81150290000000e+07   3.58935380972980e-06   2.50784517111300e+01
   9.85150310000000e+07   7.74592535890406e-07   2.50744485546264e+01
   9.89150340000000e+07   9.55621771936421e-07   2.49903822680362e+01
   9.93150360000000e+07   3.37701567332260e-06   2.50984674936472e+01
   9.97150390000000e+07   1.64220716669661e-06   2.50384201460911e+01
   1.00115042000000e+08   3.41447594109923e-06   2.50023917375508e+01
   1.00515044000000e+08   6.24708775376348e-07   2.49503507029835e+01
   1.00915047000000e+08   1.51576205098536e-06   2.50864580241371e+01
   1.01315049000000e+08   3.36964558300679e-06   2.49343380769607e+01
   1.01715052000000e+08   1.53614598730201e-06   2.50224075200738e+01
   1.02115055000000e+08   2.97392284664966e-06   2.49983885810460e+01
   1.02515057000000e+08   4.85532666516519e-07   2.50304138330826e+01
   1.02915060000000e+08   1.87760008429905e-06   2.50704453981228e+01
   1.03315062000000e+08   3.46815113516641e-06   2.51465053716819e+01
   1.03715065000000e+08   1.38567770591180e-06   2.51064738066536e+01
   1.04115068000000e+08   2.85519058706996e-06   2.50344169895869e+01
   1.04515070000000e+08   4.16768273225898e-07   2.50063948940555e+01
   1.04915073000000e+08   2.33299920182617e-06   2.50824548676336e+01
   1.05315075000000e+08   2.94644814857747e-06   2.50063948940555e+01
   1.48626432000000e+08  -4.18217433616519e-03   2.50103980505602e+01
   1.49026434000000e+08   2.31613353207649e-06   2.43618866959805e+01
   1.49426437000000e+08   1.82665735337650e-06   2.43298614438593e+01
   1.49826439000000e+08   3.56467421624984e-06   2.50624390851152e+01
   1.50226442000000e+08  -4.82944528812368e-08   2.50264106765782e+01
   1.50626445000000e+08   5.55725250706018e-07   2.47381834080993e+01
   1.51026447000000e+08   2.84186990029411e-06   2.42818235656698e+01
   1.51426450000000e+08   1.93905293599528e-06   2.52265685017198e+01
   1.51826452000000e+08   3.03585625260894e-06   2.49223286074429e+01
   1.52226455000000e+08  -3.21441547157519e-07   2.51905400932058e+01
   1.52626458000000e+08   1.26611541872990e-06   2.55588304911123e+01
   1.53026460000000e+08   3.05859566651634e-06   2.40336278615430e+01
   1.53426463000000e+08   1.94311701307015e-06   2.52145590322157e+01
   1.53826465000000e+08   2.40641202253755e-06   2.55668368041045e+01
   1.54226468000000e+08  -3.32495005750388e-07   2.47421865646082e+01
   1.54626471000000e+08   2.08871165341407e-06   2.51985464062093e+01
   1.55026473000000e+08   3.32460035679105e-06   2.48702875728593e+01
   1.55426476000000e+08   1.73284490756487e-06   2.50624390851152e+01
   1.55826478000000e+08   2.12167697100085e-06   2.44459529827793e+01
   1.56226481000000e+08   4.27985469286796e-08   2.51465053716819e+01
   1.56626484000000e+08   2.81119469036639e-06   2.48943065118992e+01
   1.57026486000000e+08   2.84551379081677e-06   2.57429756898701e+01
   1.57426489000000e+08   1.32682976072829e-06   2.49223286074429e+01
   1.57826491000000e+08   1.72870841197437e-06   2.52826126927315e+01
   1.58226494000000e+08   2.44211435074249e-07   2.50864580241371e+01
   1.92948013000000e+08   2.34988727606833e-03   2.51184832761627e+01
   1.93348016000000e+08   1.70508531027735e-06   2.50384201460911e+01
   1.93748019000000e+08   2.23173105950991e-06   2.50664422416190e+01
   1.94148021000000e+08   2.20281071960926e-06   2.50624390851152e+01
   1.94548024000000e+08   2.42623883650595e-07   2.50144012070648e+01
   1.94948026000000e+08   3.03441333926457e-06   2.50624390851152e+01
   1.95348029000000e+08   1.60322770170751e-06   2.50224075200738e+01
   1.95748032000000e+08   2.18123886952526e-06   2.49543538594890e+01
   1.96148034000000e+08   1.81265511400852e-06   2.49343380769607e+01
   1.96548037000000e+08   5.09636151946324e-07   2.49503507029835e+01
   1.96948039000000e+08   3.31640785589116e-06   2.50824548676336e+01
   1.97348042000000e+08   1.65418907727144e-06   2.50144012070648e+01
   1.97748045000000e+08   2.15649743040558e-06   2.49783727985210e+01
   1.98148047000000e+08   1.70410567079671e-06   2.49583570159945e+01
   1.98548050000000e+08   9.95375671664078e-07   2.50023917375508e+01
   1.98948052000000e+08   3.49862557413871e-06   2.50424233025953e+01
   1.99348055000000e+08   1.43534634844400e-06   2.50264106765782e+01
   1.99748058000000e+08   2.13228668144438e-06   2.50904611806405e+01
   2.00148060000000e+08   1.64670893809671e-06   2.49863791115312e+01
   2.00548063000000e+08   1.24494522424357e-06   2.51064738066536e+01
   2.00948065000000e+08   2.80420385934121e-06   2.49863791115312e+01
   2.01348068000000e+08   7.77591708356340e-07   2.50664422416190e+01
   2.01748071000000e+08   1.68015071722039e-06   2.49743696420159e+01
   2.02148073000000e+08   1.16294086183188e-06   2.50344169895869e+01
   2.02548076000000e+08   1.28610474803281e-06   2.49783727985210e+01
