   4.00002000000000e+05   2.05166566047410e-06   2.50544327721075e+01
   8.00005000000000e+05   2.15140335058095e-06   2.50544327721075e+01
   1.20000700000000e+06   2.05004084818938e-06   2.50103980505602e+01
   1.60001000000000e+06   2.14711940316192e-06   2.51304927456713e+01
   2.00001300000000e+06   1.99046053239726e-06   2.50224075200738e+01
   2.40001500000000e+06   1.46051718274975e-06   2.49983885810460e+01
   2.80001800000000e+06   1.45211822655256e-06   2.50344169895869e+01
   3.20002000000000e+06   1.27184262055380e-06   2.50704453981228e+01
   3.60002300000000e+06   1.36602670863795e-06   2.49543538594890e+01
   4.00002600000000e+06   1.32572779421025e-06   2.50544327721075e+01
   4.40002800000000e+06   1.14586487143242e-06   2.50103980505602e+01
   4.80003100000000e+06   1.22902611110476e-06   2.49783727985210e+01
   5.20003300000000e+06   1.08373558305175e-06   2.50624390851152e+01
   5.60003600000000e+06   1.25795202166046e-06   2.49823759550261e+01
   6.00003900000000e+06   1.11030533389567e-06   2.49663633290053e+01
   6.40004100000000e+06   1.16986666398589e-06   2.48983096684056e+01
   6.80004400000000e+06   1.29271313653589e-06   2.50063948940555e+01
   7.20004600000000e+06   1.21928519547509e-06   2.50464264590994e+01
   7.60004900000000e+06   1.25013639262761e-06   2.50784517111300e+01
   8.00005200000000e+06   1.31758133647963e-06   2.50184043635693e+01
   8.40005400000000e+06   2.14633450923429e-06   2.49583570159945e+01
   8.80005700000000e+06   2.44616035161016e-06   2.50424233025953e+01
   9.20005900000000e+06   2.29714760280331e-06   2.49543538594890e+01
   9.60006200000000e+06   2.40744293478201e-06   2.50144012070648e+01
   4.22158450000000e+07   1.46725375088863e-04   2.50784517111300e+01
   4.26158480000000e+07   1.78165589659329e-06   2.50784517111300e+01
   4.30158500000000e+07   2.08063397622027e-06   2.49823759550261e+01
   4.34158530000000e+07   1.85137366770505e-06   2.50224075200738e+01
   4.38158560000000e+07   1.86229920018377e-06   2.49743696420159e+01
   4.42158580000000e+07   1.91227945833816e-06   2.50264106765782e+01
   4.46158610000000e+07   1.49587265241280e-06   2.50824548676336e+01
   4.50158630000000e+07   1.68672477229848e-06   2.50344169895869e+01
   4.54158660000000e+07   1.58351497248077e-06   2.49783727985210e+01
   4.58158690000000e+07   1.59140063260566e-06   2.50264106765782e+01
   4.62158710000000e+07   1.53763392063411e-06   2.50224075200738e+01
   4.66158740000000e+07   1.17551621769962e-06   2.49783727985210e+01
   4.70158760000000e+07   1.42765782129572e-06   2.49783727985210e+01
   4.74158790000000e+07   1.39309292990220e-06   2.49623601725000e+01
   4.78158820000000e+07   1.21614618819876e-06   2.49863791115312e+01
   4.82158840000000e+07   1.85231044724787e-06   2.49583570159945e+01
   4.86158870000000e+07   1.92560082723503e-06   2.50224075200738e+01
   4.90158890000000e+07   2.11149085771467e-06   2.50464264590994e+01
   4.94158920000000e+07   2.08108190236089e-06   2.49343380769607e+01
   4.98158950000000e+07   2.02582668862306e-06   2.49663633290053e+01
   5.02158970000000e+07   2.09925292438129e-06   2.50624390851152e+01
   5.06159000000000e+07   1.72213492533047e-06   2.50544327721075e+01
   5.10159020000000e+07   1.93321466213092e-06   2.50264106765782e+01
   5.14159050000000e+07   1.93138862414344e-06   2.50224075200738e+01
   5.18159080000000e+07   1.74258320839726e-06   2.50864580241371e+01
   9.55623440000000e+07   2.15600128285587e-04   2.49903822680362e+01
   9.59623470000000e+07   1.62397896019684e-06   2.50304138330826e+01
   9.63623500000000e+07   1.95861343854631e-06   2.49503507029835e+01
   9.67623520000000e+07   2.22832159124664e-06   2.49863791115312e+01
   9.71623550000000e+07   1.82328096798301e-06   2.50103980505602e+01
   9.75623570000000e+07   2.38028610510810e-06   2.49703664855106e+01
   9.79623600000000e+07   2.00724707610789e-06   2.49503507029835e+01
   9.83623630000000e+07   2.13636189982935e-06   2.50103980505602e+01
   9.87623650000000e+07   2.31585363508202e-06   2.49983885810460e+01
   9.91623680000000e+07   2.06998743124132e-06   2.50264106765782e+01
   9.95623700000000e+07   2.36249911722552e-06   2.50464264590994e+01
   9.99623730000000e+07   2.07231414606213e-06   2.50544327721075e+01
   1.00362376000000e+08   2.20921765503590e-06   2.49623601725000e+01
   1.00762378000000e+08   2.40340432355879e-06   2.49823759550261e+01
   1.01162381000000e+08   2.03465060621966e-06   2.51064738066536e+01
   1.01562383000000e+08   2.39962128034676e-06   2.50264106765782e+01
   1.01962386000000e+08   2.25760777539108e-06   2.50664422416190e+01
   1.02362389000000e+08   2.03463650905178e-06   2.49543538594890e+01
   1.02762391000000e+08   2.21717982640257e-06   2.49903822680362e+01
   1.03162394000000e+08   1.86274303359824e-06   2.50184043635693e+01
   1.03562397000000e+08   2.25062626668660e-06   2.49183254509368e+01
   1.03962399000000e+08   1.94434346667549e-06   2.49503507029835e+01
   1.04362402000000e+08   1.89201512057480e-06   2.49503507029835e+01
   1.04762404000000e+08   2.18261970985623e-06   2.50103980505602e+01
   1.05162407000000e+08   1.74514798345626e-06   2.50264106765782e+01
   1.48824324000000e+08   1.90525155630894e-04   2.50384201460911e+01
   1.49224327000000e+08   1.31224032884347e-06   2.51024706501504e+01
   1.49624330000000e+08   1.64582604611496e-06   2.49623601725000e+01
   1.50024332000000e+08   1.15290288249525e-06   2.49863791115312e+01
   1.50424335000000e+08   2.12282179745671e-06   2.49823759550261e+01
   1.50824338000000e+08   1.70784721831296e-06   2.50304138330826e+01
   1.51224340000000e+08   1.94115887097723e-06   2.49703664855106e+01
   1.51624343000000e+08   2.04766729439143e-06   2.50744485546264e+01
   1.52024345000000e+08   1.58419686613342e-06   2.50904611806405e+01
   1.52424348000000e+08   1.26809857192711e-06   2.51425022151793e+01
   1.52824351000000e+08   8.79362858086097e-07   2.49743696420159e+01
   1.53224353000000e+08   8.95220409802278e-07   2.50784517111300e+01
   1.53624356000000e+08   1.10865562419349e-06   2.49703664855106e+01
   1.54024358000000e+08   8.15226485428866e-07   2.50063948940555e+01
   1.54424361000000e+08   1.64882555964141e-06   2.49663633290053e+01
   1.54824364000000e+08   1.49724826314923e-06   2.49343380769607e+01
   1.55224366000000e+08   1.45929300288117e-06   2.50624390851152e+01
   1.55624369000000e+08   1.84464829544595e-06   2.50984674936472e+01
   1.56024371000000e+08   1.27443411201966e-06   2.49303349204548e+01
   1.56424374000000e+08   2.13029261431075e-06   2.50184043635693e+01
   1.56824377000000e+08   1.84676014214347e-06   2.50304138330826e+01
   1.57224379000000e+08   1.92495485862310e-06   2.50464264590994e+01
   1.57624382000000e+08   2.10977441383875e-06   2.50944643371439e+01
   1.58024384000000e+08   1.72733268755110e-06   2.49943854245411e+01
   1.58424387000000e+08   2.34554772760021e-06   2.50344169895869e+01
   1.93623521000000e+08   1.66175188496709e-04   2.49303349204548e+01
   1.94023524000000e+08   1.31599665564863e-06   2.49623601725000e+01
   1.94423527000000e+08   2.07619609682297e-06   2.49543538594890e+01
   1.94823529000000e+08   2.47016600951611e-06   2.50304138330826e+01
   1.95223532000000e+08   2.01744228434109e-06   2.49703664855106e+01
   1.95623534000000e+08   2.50334551310516e-06   2.49703664855106e+01
   1.96023537000000e+08   2.15184923035849e-06   2.50144012070648e+01
   1.96423540000000e+08   2.55179907071579e-06   2.49863791115312e+01
   1.96823542000000e+08   2.77364347311959e-06   2.50504296156035e+01
   1.97223545000000e+08   2.41867314798583e-06   2.50984674936472e+01
   1.97623547000000e+08   2.87722127723100e-06   2.50624390851152e+01
   1.98023550000000e+08   2.48070818997803e-06   2.49783727985210e+01
   1.98423553000000e+08   2.09206950785301e-06   2.50824548676336e+01
   1.98823555000000e+08   2.25879966819775e-06   2.51104769631567e+01
   1.99223558000000e+08   1.79280709744489e-06   2.50344169895869e+01
   1.99623560000000e+08   2.27869577429374e-06   2.51064738066536e+01
   2.00023563000000e+08   1.85175940714544e-06   2.49783727985210e+01
   2.00423566000000e+08   1.57947886236798e-06   2.50224075200738e+01
   2.00823568000000e+08   1.69587599430088e-06   2.50384201460911e+01
   2.01223571000000e+08   1.37498398089519e-06   2.50584359286114e+01
   2.01623573000000e+08   1.73079411069921e-06   2.50384201460911e+01
   2.02023576000000e+08   1.38551274631027e-06   2.50264106765782e+01
   2.02423579000000e+08   1.23761083159479e-06   2.50264106765782e+01
   2.02823581000000e+08   1.36145615670102e-06   2.50424233025953e+01
   2.03223584000000e+08   9.79696096692351e-07   2.49543538594890e+01
