   4.00003000000000e+05   1.66099368925643e-06   2.50824548676336e+01
   8.00006000000000e+05   1.54082101744279e-06   2.49583570159945e+01
   1.20000800000000e+06   1.57553131430177e-06   2.49183254509368e+01
   1.60001100000000e+06   1.79540029421332e-06   2.51144801196597e+01
   2.00001300000000e+06   1.10401674646710e-06   2.49543538594890e+01
   2.40001600000000e+06   1.58665466187813e-06   2.50464264590994e+01
   2.80001900000000e+06   1.32210698211566e-06   2.50624390851152e+01
   3.20002100000000e+06   1.28218596273655e-06   2.50784517111300e+01
   3.60002400000000e+06   1.50821267652645e-06   2.51024706501504e+01
   4.00002600000000e+06   1.29524494241195e-06   2.50224075200738e+01
   4.40002900000000e+06   1.61089360517508e-06   2.50304138330826e+01
   4.80003200000000e+06   1.43135616781365e-06   2.50184043635693e+01
   5.20003400000000e+06   1.29196030229650e-06   2.50023917375508e+01
   5.60003700000000e+06   1.80521146830870e-06   2.50264106765782e+01
   6.00003900000000e+06   1.25543692774954e-06   2.50544327721075e+01
   6.40004200000000e+06   1.82981625584944e-06   2.51024706501504e+01
   6.80004500000000e+06   1.52086113303085e-06   2.51505085281844e+01
   7.20004700000000e+06   1.59997432547243e-06   2.51505085281844e+01
   7.60005000000000e+06   1.83120801011682e-06   2.51024706501504e+01
   8.00005200000000e+06   1.44432181059528e-06   2.50624390851152e+01
   8.40005500000000e+06   1.89388140370284e-06   2.51425022151793e+01
   8.80005800000000e+06   1.76269998064527e-06   2.51425022151793e+01
   9.20006000000000e+06   1.50091148043430e-06   2.50944643371439e+01
   9.60006300000000e+06   1.95176835404709e-06   2.50704453981228e+01
   4.20488820000000e+07  -2.05672462470829e-03   2.49503507029835e+01
   4.24488850000000e+07   2.62208936874231e-06   2.49903822680362e+01
   4.28488880000000e+07   2.10215057450114e-06   2.48943065118992e+01
   4.32488900000000e+07   2.79523715107644e-06   2.49543538594890e+01
   4.36488930000000e+07   1.94422204913280e-06   2.49423443899722e+01
   4.40488950000000e+07   1.62496246502997e-06   2.49583570159945e+01
   4.44488980000000e+07   2.34733965953637e-06   2.50023917375508e+01
   4.48489010000000e+07   1.92280845112691e-06   2.49823759550261e+01
   4.52489030000000e+07   2.41640941567312e-06   2.50584359286114e+01
   4.56489060000000e+07   1.52678433096298e-06   2.50504296156035e+01
   4.60489080000000e+07   1.39830558509857e-06   2.50344169895869e+01
   4.64489110000000e+07   1.97319604922086e-06   2.50864580241371e+01
   4.68489140000000e+07   1.53455846430006e-06   2.50424233025953e+01
   4.72489160000000e+07   1.94420385923877e-06   2.50544327721075e+01
   4.76489190000000e+07   1.27454381981806e-06   2.50504296156035e+01
   4.80489210000000e+07   1.54095141624566e-06   2.50984674936472e+01
   4.84489240000000e+07   2.18736886381521e-06   2.49983885810460e+01
   4.88489270000000e+07   1.65705705512664e-06   2.49943854245411e+01
   4.92489290000000e+07   2.05077117243491e-06   2.50224075200738e+01
   4.96489320000000e+07   1.34080175939744e-06   2.50063948940555e+01
   5.00489340000000e+07   1.63766844707425e-06   2.50023917375508e+01
   5.04489370000000e+07   2.04766047318117e-06   2.49063159814183e+01
   5.08489400000000e+07   1.67842790688155e-06   2.49263317639489e+01
   5.12489420000000e+07   1.87070872925688e-06   2.50063948940555e+01
   5.16489450000000e+07   1.44365890264453e-06   2.48782938858728e+01
   9.53205200000000e+07   4.61535016074777e-03   2.50144012070648e+01
   9.57205220000000e+07   3.22579307976412e-06   2.51465053716819e+01
   9.61205250000000e+07   5.66306596283539e-07   2.50824548676336e+01
   9.65205270000000e+07   1.89945194506436e-06   2.50224075200738e+01
   9.69205300000000e+07   1.34736160362081e-06   2.50184043635693e+01
   9.73205330000000e+07   1.53143764691777e-06   2.49943854245411e+01
   9.77205350000000e+07   2.70271834779123e-06   2.50144012070648e+01
   9.81205380000000e+07   1.51255036939801e-07   2.50384201460911e+01
   9.85205400000000e+07   1.42916815093486e-06   2.50264106765782e+01
   9.89205430000000e+07   8.95716027571325e-07   2.50264106765782e+01
   9.93205460000000e+07   1.14340673462721e-06   2.49543538594890e+01
   9.97205480000000e+07   2.40319695876678e-06   2.49343380769607e+01
   1.00120551000000e+08   5.78062724798656e-07   2.50904611806405e+01
   1.00520553000000e+08   1.94211111192999e-06   2.50384201460911e+01
   1.00920556000000e+08   1.45469891776884e-06   2.49503507029835e+01
   1.01320559000000e+08   1.71357896761037e-06   2.48742907293661e+01
   1.01720561000000e+08   2.74373928732530e-06   2.50264106765782e+01
   1.02120564000000e+08   8.41906000914605e-07   2.50704453981228e+01
   1.02520566000000e+08   2.35468701248465e-06   2.48863001988861e+01
   1.02920569000000e+08   1.74857962065289e-06   2.49583570159945e+01
   1.03320572000000e+08   2.13228054235515e-06   2.51425022151793e+01
   1.03720574000000e+08   2.58699174082722e-06   2.50384201460911e+01
   1.04120577000000e+08   7.98582334482489e-07   2.49743696420159e+01
   1.04520579000000e+08   2.21988443627197e-06   2.49583570159945e+01
   1.04920582000000e+08   1.70313342096051e-06   2.50784517111300e+01
   1.48480241000000e+08  -4.21317433938384e-03   2.50624390851152e+01
   1.48880243000000e+08   1.69335260125081e-06   2.50664422416190e+01
   1.49280246000000e+08   2.65888320427621e-06   2.51465053716819e+01
   1.49680249000000e+08   2.69610859504610e-06   2.51905400932058e+01
   1.50080251000000e+08   1.53171640704386e-06   2.51585148411891e+01
   1.50480254000000e+08   2.32454408433114e-06   2.51184832761627e+01
   1.50880256000000e+08   1.63103447903268e-06   2.51064738066536e+01
   1.51280259000000e+08   2.74466378868965e-06   2.50704453981228e+01
   1.51680262000000e+08   2.49411868935567e-06   2.50784517111300e+01
   1.52080264000000e+08   1.66747975072212e-06   2.49663633290053e+01
   1.52480267000000e+08   2.47847628997988e-06   2.50664422416190e+01
   1.52880269000000e+08   1.93124037650705e-06   2.50144012070648e+01
   1.53280272000000e+08   2.85374289887841e-06   2.49903822680362e+01
   1.53680275000000e+08   2.44917555392021e-06   2.50144012070648e+01
   1.54080277000000e+08   1.36250287141593e-06   2.49503507029835e+01
   1.54480280000000e+08   2.36273649534269e-06   2.50904611806405e+01
   1.54880282000000e+08   1.56032865561428e-06   2.50464264590994e+01
   1.55280285000000e+08   2.62337334788754e-06   2.50664422416190e+01
   1.55680288000000e+08   1.89431841590704e-06   2.50023917375508e+01
   1.56080290000000e+08   9.73798478298704e-07   2.50184043635693e+01
   1.56480293000000e+08   1.80177460151754e-06   2.50023917375508e+01
   1.56880295000000e+08   1.22364258459129e-06   2.51144801196597e+01
   1.57280298000000e+08   2.18019476960762e-06   2.50544327721075e+01
   1.57680301000000e+08   1.48161961988080e-06   2.50544327721075e+01
   1.58080303000000e+08   7.83024574957381e-07   2.51785306237000e+01
   1.92821680000000e+08   2.36452533863485e-03   2.49703664855106e+01
   1.93221683000000e+08   1.67316727583966e-06   2.49023128249120e+01
   1.93621685000000e+08   1.63697120569850e-06   2.48863001988861e+01
   1.94021688000000e+08   3.68292717212171e-06   2.49423443899722e+01
   1.94421690000000e+08   3.11494517291067e-07   2.50103980505602e+01
   1.94821693000000e+08   2.19917001231806e-06   2.50023917375508e+01
   1.95221696000000e+08   1.53312873862887e-06   2.50304138330826e+01
   1.95621698000000e+08   1.72456896052608e-06   2.50063948940555e+01
   1.96021701000000e+08   3.19770151691046e-06   2.49583570159945e+01
   1.96421703000000e+08  -9.29471539734550e-08   2.49983885810460e+01
   1.96821706000000e+08   1.85740771030396e-06   2.50824548676336e+01
   1.97221709000000e+08   1.35686082103348e-06   2.49583570159945e+01
   1.97621711000000e+08   1.58203602040885e-06   2.50984674936472e+01
   1.98021714000000e+08   2.96732605420402e-06   2.51024706501504e+01
   1.98421716000000e+08  -2.32361244911772e-07   2.49703664855106e+01
   1.98821719000000e+08   2.13451266972697e-06   2.49783727985210e+01
   1.99221722000000e+08   1.35985021643137e-06   2.50304138330826e+01
   1.99621724000000e+08   1.62401738634799e-06   2.50344169895869e+01
   2.00021727000000e+08   2.79637947642186e-06   2.49903822680362e+01
   2.00421729000000e+08  -1.71327463327486e-09   2.50264106765782e+01
   2.00821732000000e+08   2.35882657761977e-06   2.50304138330826e+01
   2.01221735000000e+08   1.37151198487118e-06   2.48702875728593e+01
   2.01621737000000e+08   1.91272670235776e-06   2.50384201460911e+01
   2.02021740000000e+08   3.12633437715704e-06   2.49103191379245e+01
   2.02421742000000e+08   5.68780308185524e-07   2.48822970423795e+01
