   4.00002000000000e+05   2.26102542910667e-06   2.50184043635693e+01
   8.00005000000000e+05   2.05547848963761e-06   2.50063948940555e+01
   1.20000700000000e+06   1.83300869593950e-06   2.50584359286114e+01
   1.60001000000000e+06   2.01777311303886e-06   2.49983885810460e+01
   2.00001300000000e+06   1.90645323527860e-06   2.50504296156035e+01
   2.40001500000000e+06   1.95407164937933e-06   2.49903822680362e+01
   2.80001800000000e+06   1.49290701756399e-06   2.50624390851152e+01
   3.20002000000000e+06   1.27200337374234e-06   2.49703664855106e+01
   3.60002300000000e+06   1.41094687933219e-06   2.50384201460911e+01
   4.00002600000000e+06   1.22904430099879e-06   2.49823759550261e+01
   4.40002800000000e+06   1.28685053368827e-06   2.49503507029835e+01
   4.80003100000000e+06   2.05973037736840e-06   2.50304138330826e+01
   5.20003300000000e+06   2.17288106796332e-06   2.49583570159945e+01
   5.60003600000000e+06   2.33380001191108e-06   2.50063948940555e+01
   6.00003900000000e+06   2.17621686715574e-06   2.50664422416190e+01
   6.40004100000000e+06   2.29727766054566e-06   2.49903822680362e+01
   6.80004400000000e+06   1.61619755090214e-06   2.50184043635693e+01
   7.20004600000000e+06   1.40133818149479e-06   2.49623601725000e+01
   7.60004900000000e+06   1.43530974128225e-06   2.50224075200738e+01
   8.00005200000000e+06   1.43724753343122e-06   2.50704453981228e+01
   8.40005400000000e+06   1.46690581459552e-06   2.49463475464779e+01
   8.80005700000000e+06   1.61264529197069e-06   2.50944643371439e+01
   9.20005900000000e+06   1.79316202775226e-06   2.51745274671980e+01
   9.60006200000000e+06   1.81993641490408e-06   2.50504296156035e+01
   4.21994180000000e+07   1.53550354298204e-04   2.50184043635693e+01
   4.25994200000000e+07   1.85994247203780e-06   2.50384201460911e+01
   4.29994230000000e+07   1.61837317591562e-06   2.51264895891685e+01
   4.33994250000000e+07   1.81193286152848e-06   2.50103980505602e+01
   4.37994280000000e+07   1.75367688370898e-06   2.49943854245411e+01
   4.41994310000000e+07   1.65470578394888e-06   2.50304138330826e+01
   4.45994330000000e+07   1.98669704332133e-06   2.50344169895869e+01
   4.49994360000000e+07   1.83868041858659e-06   2.50504296156035e+01
   4.53994380000000e+07   1.99901000996761e-06   2.50784517111300e+01
   4.57994410000000e+07   1.97089480025170e-06   2.49903822680362e+01
   4.61994440000000e+07   1.82055123332248e-06   2.50224075200738e+01
   4.65994460000000e+07   2.04495449906972e-06   2.50224075200738e+01
   4.69994490000000e+07   1.74049171164370e-06   2.51344959021740e+01
   4.73994510000000e+07   1.97716371985734e-06   2.50664422416190e+01
   4.77994540000000e+07   1.93145797311445e-06   2.49903822680362e+01
   4.81994570000000e+07   1.82674864390719e-06   2.50464264590994e+01
   4.85994590000000e+07   2.16153694054810e-06   2.51104769631567e+01
   4.89994620000000e+07   1.99396072275704e-06   2.50664422416190e+01
   4.93994640000000e+07   2.24868267650891e-06   2.50184043635693e+01
   4.97994670000000e+07   2.12674899557896e-06   2.50664422416190e+01
   5.01994700000000e+07   2.05122341867536e-06   2.50344169895869e+01
   5.05994720000000e+07   2.07208677238668e-06   2.51144801196597e+01
   5.09994750000000e+07   1.57947908974165e-06   2.51144801196597e+01
   5.13994770000000e+07   1.63023344157409e-06   2.49583570159945e+01
   5.17994800000000e+07   1.67554969721095e-06   2.49983885810460e+01
   9.55549840000000e+07   1.98875117348507e-04   2.49743696420159e+01
   9.59549870000000e+07   2.15219688470825e-06   2.51264895891685e+01
   9.63549890000000e+07   2.01075590666733e-06   2.50384201460911e+01
   9.67549920000000e+07   1.76897606252169e-06   2.49103191379245e+01
   9.71549950000000e+07   1.70056341630698e-06   2.49863791115312e+01
   9.75549970000000e+07   1.60173760832549e-06   2.50544327721075e+01
   9.79550000000000e+07   1.60254853653896e-06   2.49583570159945e+01
   9.83550020000000e+07   1.70663065546250e-06   2.49583570159945e+01
   9.87550050000000e+07   1.39508711072267e-06   2.49543538594890e+01
   9.91550080000000e+07   1.48997298765607e-06   2.49823759550261e+01
   9.95550100000000e+07   1.31656133817160e-06   2.50384201460911e+01
   9.99550130000000e+07   1.47984690102021e-06   2.50664422416190e+01
   1.00355015000000e+08   1.44058924433921e-06   2.50424233025953e+01
   1.00755018000000e+08   1.11946530978457e-06   2.49863791115312e+01
   1.01155021000000e+08   1.21181926715508e-06   2.50384201460911e+01
   1.01555023000000e+08   1.10469306946470e-06   2.50344169895869e+01
   1.01955026000000e+08   1.10815471998649e-06   2.49503507029835e+01
   1.02355028000000e+08   1.18097079848667e-06   2.50584359286114e+01
   1.02755031000000e+08   9.68888571151183e-07   2.49823759550261e+01
   1.03155034000000e+08   1.19307094337273e-06   2.50304138330826e+01
   1.03555036000000e+08   9.51279730543320e-07   2.50424233025953e+01
   1.03955039000000e+08   1.01262639873312e-06   2.50584359286114e+01
   1.04355042000000e+08   1.15245461529412e-06   2.50504296156035e+01
   1.04755044000000e+08   1.45426668041182e-06   2.49463475464779e+01
   1.05155047000000e+08   1.98963948605524e-06   2.49743696420159e+01
   1.48914534000000e+08   2.01200149604119e-04   2.50904611806405e+01
   1.49314536000000e+08   1.58702209773764e-06   2.50304138330826e+01
   1.49714539000000e+08   1.57788213073218e-06   2.50384201460911e+01
   1.50114542000000e+08   1.45079241065105e-06   2.50103980505602e+01
   1.50514544000000e+08   1.55206225826987e-06   2.49863791115312e+01
   1.50914547000000e+08   1.23099891879974e-06   2.50864580241371e+01
   1.51314549000000e+08   1.36927928906516e-06   2.50023917375508e+01
   1.51714552000000e+08   1.29737145471154e-06   2.51224864326656e+01
   1.52114555000000e+08   1.23430515941436e-06   2.50664422416190e+01
   1.52514557000000e+08   1.59701289703662e-06   2.50464264590994e+01
   1.52914560000000e+08   2.02990281650273e-06   2.49903822680362e+01
   1.53314562000000e+08   2.12989971259958e-06   2.49823759550261e+01
   1.53714565000000e+08   2.23927531806112e-06   2.50664422416190e+01
   1.54114568000000e+08   2.09142831408826e-06   2.51024706501504e+01
   1.54514570000000e+08   2.37131825997494e-06   2.50103980505602e+01
   1.54914573000000e+08   2.51297865361266e-06   2.50824548676336e+01
   1.55314576000000e+08   2.77644289781165e-06   2.51665211541937e+01
   1.55714578000000e+08   2.84011389339867e-06   2.50864580241371e+01
   1.56114581000000e+08   2.65964308709954e-06   2.50984674936472e+01
   1.56514583000000e+08   2.84493421531806e-06   2.50264106765782e+01
   1.56914586000000e+08   2.81550205727399e-06   2.49943854245411e+01
   1.57314589000000e+08   2.90011348624830e-06   2.50224075200738e+01
   1.57714591000000e+08   2.91159540211083e-06   2.50103980505602e+01
   1.58114594000000e+08   2.76045352620713e-06   2.50984674936472e+01
   1.58514596000000e+08   2.91275864583440e-06   2.51264895891685e+01
   1.93061653000000e+08   1.54475274030119e-04   2.50184043635693e+01
   1.93461655000000e+08   1.49142294958438e-06   2.49943854245411e+01
   1.93861658000000e+08   1.66073868967942e-06   2.50184043635693e+01
   1.94261661000000e+08   1.68947804013442e-06   2.51224864326656e+01
   1.94661663000000e+08   1.47305627251626e-06   2.50664422416190e+01
   1.95061666000000e+08   1.86754220976582e-06   2.49623601725000e+01
   1.95461669000000e+08   1.51227106925944e-06   2.50304138330826e+01
   1.95861671000000e+08   1.77089134467678e-06   2.50584359286114e+01
   1.96261674000000e+08   1.69585996445676e-06   2.49943854245411e+01
   1.96661676000000e+08   1.50857727021503e-06   2.50184043635693e+01
   1.97061679000000e+08   1.59858313963923e-06   2.49583570159945e+01
   1.97461682000000e+08   1.45212834468111e-06   2.49143222944307e+01
   1.97861684000000e+08   1.53023677285091e-06   2.48983096684056e+01
   1.98261687000000e+08   1.64156949722383e-06   2.48782938858728e+01
   1.98661689000000e+08   1.37242352593603e-06   2.50304138330826e+01
   1.99061692000000e+08   1.92830157175194e-06   2.49463475464779e+01
   1.99461695000000e+08   1.50059315728868e-06   2.48903033553927e+01
   1.99861697000000e+08   1.77201707174390e-06   2.50224075200738e+01
   2.00261700000000e+08   1.63690992849297e-06   2.50144012070648e+01
   2.00661702000000e+08   2.13965790862858e-06   2.50904611806405e+01
   2.01061705000000e+08   2.71803833129525e-06   2.50144012070648e+01
   2.01461708000000e+08   2.64911705016857e-06   2.50464264590994e+01
   2.01861710000000e+08   2.73624073088286e-06   2.51024706501504e+01
   2.02261713000000e+08   2.85183659798349e-06   2.50904611806405e+01
   2.02661715000000e+08   2.25925327868026e-06   2.50744485546264e+01
