   4.00002000000000e+05   1.53229029820068e-06   2.50023917375508e+01
   8.00005000000000e+05   1.80894437562529e-06   2.50063948940555e+01
   1.20000700000000e+06   1.59529611210019e-06   2.50023917375508e+01
   1.60001000000000e+06   1.79507048869709e-06   2.50144012070648e+01
   2.00001200000000e+06   1.57713202497689e-06   2.50664422416190e+01
   2.40001500000000e+06   1.66306767823698e-06   2.49703664855106e+01
   2.80001800000000e+06   1.90756327356212e-06   2.49863791115312e+01
   3.20002000000000e+06   1.59102978614101e-06   2.50304138330826e+01
   3.60002300000000e+06   1.75802051671781e-06   2.50664422416190e+01
   4.00002500000000e+06   1.99619012164476e-06   2.49543538594890e+01
   4.40002800000000e+06   1.49631728163513e-06   2.50264106765782e+01
   4.80003100000000e+06   1.93084520105913e-06   2.50584359286114e+01
   5.20003300000000e+06   1.49101163060550e-06   2.50744485546264e+01
   5.60003600000000e+06   1.73826128957444e-06   2.50744485546264e+01
   6.00003800000000e+06   1.72551335708704e-06   2.50063948940555e+01
   6.40004100000000e+06   1.45644037274906e-06   2.50784517111300e+01
   6.80004400000000e+06   2.17870137930731e-06   2.50624390851152e+01
   7.20004600000000e+06   1.83187205493596e-06   2.49863791115312e+01
   7.60004900000000e+06   2.00644649339665e-06   2.50864580241371e+01
   8.00005100000000e+06   2.03184322344896e-06   2.50224075200738e+01
   8.40005400000000e+06   1.96154883269628e-06   2.50744485546264e+01
   8.80005600000000e+06   2.41074985751766e-06   2.50864580241371e+01
   9.20005900000000e+06   2.17329966289981e-06   2.49743696420159e+01
   9.60006200000000e+06   2.31797048400040e-06   2.50144012070648e+01
   4.22675810000000e+07  -2.06943717785180e-03   2.50344169895869e+01
   4.26675840000000e+07   7.91072238826018e-07   2.50384201460911e+01
   4.30675860000000e+07   2.07461448553659e-06   2.49463475464779e+01
   4.34675890000000e+07   1.51850008478505e-06   2.49863791115312e+01
   4.38675920000000e+07   3.00983310808078e-06   2.50384201460911e+01
   4.42675940000000e+07   2.44802208726469e-06   2.50144012070648e+01
   4.46675970000000e+07   6.79682784721081e-07   2.50224075200738e+01
   4.50675990000000e+07   1.85936369234696e-06   2.50304138330826e+01
   4.54676020000000e+07   1.31933200009371e-06   2.49983885810460e+01
   4.58676040000000e+07   2.71635394710756e-06   2.50304138330826e+01
   4.62676070000000e+07   2.23239658225793e-06   2.50464264590994e+01
   4.66676100000000e+07   4.69058136332023e-07   2.50544327721075e+01
   4.70676120000000e+07   1.48529898069683e-06   2.50184043635693e+01
   4.74676150000000e+07   1.14597946776485e-06   2.50224075200738e+01
   4.78676170000000e+07   2.37743438447069e-06   2.50544327721075e+01
   4.82676200000000e+07   1.76435946741549e-06   2.50784517111300e+01
   4.86676230000000e+07   5.72109286167688e-07   2.50424233025953e+01
   4.90676250000000e+07   1.60077934197034e-06   2.50584359286114e+01
   4.94676280000000e+07   1.29945578919433e-06   2.50144012070648e+01
   4.98676300000000e+07   2.31511444326316e-06   2.50864580241371e+01
   5.02676330000000e+07   1.78238201442582e-06   2.50744485546264e+01
   5.06676350000000e+07   8.13084170658840e-07   2.50664422416190e+01
   5.10676380000000e+07   1.81821110345481e-06   2.51705243106959e+01
   5.14676410000000e+07   1.78525874616753e-06   2.50224075200738e+01
   5.18676430000000e+07   2.49194158641330e-06   2.50023917375508e+01
   9.54022440000000e+07   4.65185008943081e-03   2.50904611806405e+01
   9.58022470000000e+07   1.13276212232449e-06   2.50704453981228e+01
   9.62022500000000e+07   2.36370237871597e-06   2.49903822680362e+01
   9.66022520000000e+07   3.28150167661079e-06   2.50824548676336e+01
   9.70022550000000e+07   8.68038966927998e-07   2.50224075200738e+01
   9.74022570000000e+07   2.67187033387017e-06   2.50584359286114e+01
   9.78022600000000e+07   6.78855826663494e-07   2.50704453981228e+01
   9.82022620000000e+07   2.02405863092281e-06   2.50344169895869e+01
   9.86022650000000e+07   2.68610779130540e-06   2.49943854245411e+01
   9.90022680000000e+07   6.82726749801077e-07   2.50224075200738e+01
   9.94022700000000e+07   2.41077054852212e-06   2.50224075200738e+01
   9.98022730000000e+07   4.85237194425281e-07   2.50744485546264e+01
   1.00202275000000e+08   1.54060160184599e-06   2.50063948940555e+01
   1.00602278000000e+08   2.89417698695615e-06   2.51505085281844e+01
   1.01002281000000e+08   8.18063881524722e-07   2.51064738066536e+01
   1.01402283000000e+08   2.49012532549386e-06   2.49903822680362e+01
   1.01802286000000e+08   7.56768486098736e-07   2.50824548676336e+01
   1.02202288000000e+08   1.89581010090478e-06   2.50784517111300e+01
   1.02602291000000e+08   2.51123560701672e-06   2.48702875728593e+01
   1.03002294000000e+08   3.32748896880730e-07   2.49983885810460e+01
   1.03402296000000e+08   1.95223265109234e-06   2.49663633290053e+01
   1.03802299000000e+08   3.32138682779259e-07   2.50344169895869e+01
   1.04202301000000e+08   1.45642718507588e-06   2.49583570159945e+01
   1.04602304000000e+08   2.58319983004185e-06   2.50784517111300e+01
   1.05002306000000e+08   8.52820562613488e-07   2.50144012070648e+01
   1.48770506000000e+08  -4.24867449328303e-03   2.49583570159945e+01
   1.49170509000000e+08   5.32040758116636e-07   2.50824548676336e+01
   1.49570512000000e+08   1.91417029782315e-06   2.50624390851152e+01
   1.49970514000000e+08   2.08419373848301e-06   2.50504296156035e+01
   1.50370517000000e+08   2.58468367064779e-06   2.50664422416190e+01
   1.50770519000000e+08   3.92283209293964e-06   2.49663633290053e+01
   1.51170522000000e+08   6.63717059978808e-07   2.50864580241371e+01
   1.51570524000000e+08   1.99703617909108e-06   2.50304138330826e+01
   1.51970527000000e+08   2.23760412154661e-06   2.50304138330826e+01
   1.52370530000000e+08   2.62786716120900e-06   2.50504296156035e+01
   1.52770532000000e+08   3.69728559235227e-06   2.50624390851152e+01
   1.53170535000000e+08   4.98768656598259e-07   2.49983885810460e+01
   1.53570537000000e+08   2.05547985387966e-06   2.49423443899722e+01
   1.53970540000000e+08   2.26449174078880e-06   2.49223286074429e+01
   1.54370543000000e+08   2.49372055804997e-06   2.50264106765782e+01
   1.54770545000000e+08   3.33760453941068e-06   2.49743696420159e+01
   1.55170548000000e+08   4.88641887841368e-07   2.49543538594890e+01
   1.55570550000000e+08   2.05278979592549e-06   2.50144012070648e+01
   1.55970553000000e+08   2.06973641070363e-06   2.49823759550261e+01
   1.56370556000000e+08   2.36211917581386e-06   2.50344169895869e+01
   1.56770558000000e+08   3.25097403219843e-06   2.49743696420159e+01
   1.57170561000000e+08   4.03941498916538e-07   2.48662844163524e+01
   1.57570563000000e+08   2.10696839531010e-06   2.50624390851152e+01
   1.57970566000000e+08   2.10897655961162e-06   2.50904611806405e+01
   1.58370568000000e+08   2.45188994085765e-06   2.50023917375508e+01
   1.93024054000000e+08   2.37462529912591e-03   2.51585148411891e+01
   1.93424057000000e+08   9.89299451248371e-07   2.51825337802020e+01
   1.93824059000000e+08   1.39597193538066e-06   2.50544327721075e+01
   1.94224062000000e+08   3.35662093675637e-06   2.51224864326656e+01
   1.94624065000000e+08   1.83507859219390e-06   2.50624390851152e+01
   1.95024067000000e+08   3.05329012917355e-06   2.50544327721075e+01
   1.95424070000000e+08   1.40761733291583e-06   2.50063948940555e+01
   1.95824072000000e+08   2.09449331123324e-06   2.49623601725000e+01
   1.96224075000000e+08   3.76610660168808e-06   2.49423443899722e+01
   1.96624078000000e+08   1.41930138397584e-06   2.49463475464779e+01
   1.97024080000000e+08   2.50696916737070e-06   2.49863791115312e+01
   1.97424083000000e+08   9.65653157436464e-07   2.49543538594890e+01
   1.97824085000000e+08   1.76119760908477e-06   2.49823759550261e+01
   1.98224088000000e+08   3.04437844533822e-06   2.49903822680362e+01
   1.98624090000000e+08   1.59236253693962e-06   2.49663633290053e+01
   1.99024093000000e+08   2.84467023448087e-06   2.50584359286114e+01
   1.99424096000000e+08   1.44575949434511e-06   2.49983885810460e+01
   1.99824098000000e+08   2.07332755053358e-06   2.51184832761627e+01
   2.00224101000000e+08   3.36788684762723e-06   2.51745274671980e+01
   2.00624103000000e+08   1.44648174682516e-06   2.50824548676336e+01
   2.01024106000000e+08   2.36035498346610e-06   2.51264895891685e+01
   2.01424109000000e+08   9.12347047687945e-07   2.51825337802020e+01
   2.01824111000000e+08   1.86769489118888e-06   2.51625179976914e+01
   2.02224114000000e+08   2.89033710032527e-06   2.50344169895869e+01
   2.02624116000000e+08   1.37840856950788e-06   2.50224075200738e+01
