   4.00003000000000e+05   2.75581601272279e-06   2.49863791115312e+01
   8.00005000000000e+05   2.28895260079298e-06   2.51064738066536e+01
   1.20000800000000e+06   2.75259890258894e-06   2.50504296156035e+01
   1.60001100000000e+06   2.28290173254209e-06   2.50264106765782e+01
   2.00001300000000e+06   2.48580931838660e-06   2.49983885810460e+01
   2.40001600000000e+06   2.57879787568527e-06   2.50264106765782e+01
   2.80001800000000e+06   2.22292851503880e-06   2.50944643371439e+01
   3.20002100000000e+06   2.59983153227950e-06   2.49983885810460e+01
   3.60002400000000e+06   1.92579841495899e-06   2.50464264590994e+01
   4.00002600000000e+06   1.76234846094303e-06   2.50023917375508e+01
   4.40002900000000e+06   1.89235913694574e-06   2.50584359286114e+01
   4.80003100000000e+06   1.60648073688208e-06   2.50384201460911e+01
   5.20003400000000e+06   1.90704952274245e-06   2.50504296156035e+01
   5.60003700000000e+06   1.71385295288928e-06   2.49143222944307e+01
   6.00003900000000e+06   1.67905830039672e-06   2.50144012070648e+01
   6.40004200000000e+06   1.99021746993822e-06   2.50304138330826e+01
   6.80004400000000e+06   1.52307131884299e-06   2.49343380769607e+01
   7.20004700000000e+06   1.93067171494476e-06   2.49503507029835e+01
   7.60004900000000e+06   1.31951958337595e-06   2.51505085281844e+01
   8.00005200000000e+06   1.38375946789893e-06   2.49903822680362e+01
   8.40005500000000e+06   1.39566634516086e-06   2.50584359286114e+01
   8.80005700000000e+06   1.13745579710667e-06   2.50544327721075e+01
   9.20006000000000e+06   1.51654353430786e-06   2.50984674936472e+01
   9.60006200000000e+06   1.52383518070565e-06   2.49423443899722e+01
   4.22054310000000e+07   2.39911256358027e-03   2.50264106765782e+01
   4.26054330000000e+07   1.70509474628489e-06   2.50584359286114e+01
   4.30054360000000e+07   1.09252948732319e-06   2.50103980505602e+01
   4.34054380000000e+07   2.09765767067438e-06   2.49823759550261e+01
   4.38054410000000e+07   2.06360732590838e-06   2.50023917375508e+01
   4.42054440000000e+07   2.36045207202551e-06   2.50744485546264e+01
   4.46054460000000e+07   2.00569115804683e-06   2.50864580241371e+01
   4.50054490000000e+07   1.41400767006417e-06   2.50504296156035e+01
   4.54054510000000e+07   2.16821445064852e-06   2.49423443899722e+01
   4.58054540000000e+07   2.12476356864499e-06   2.50904611806405e+01
   4.62054570000000e+07   2.39728137785278e-06   2.50944643371439e+01
   4.66054590000000e+07   2.05923561225063e-06   2.50184043635693e+01
   4.70054620000000e+07   1.40783231472597e-06   2.51545116846868e+01
   4.74054640000000e+07   2.01194347937417e-06   2.51024706501504e+01
   4.78054670000000e+07   1.47446257869888e-06   2.51585148411891e+01
   4.82054700000000e+07   1.64332732310868e-06   2.50984674936472e+01
   4.86054720000000e+07   1.43974261845869e-06   2.51144801196597e+01
   4.90054750000000e+07   8.31711645332689e-07   2.51545116846868e+01
   4.94054770000000e+07   1.51483004628972e-06   2.51184832761627e+01
   4.98054800000000e+07   1.23022869047418e-06   2.50544327721075e+01
   5.02054830000000e+07   1.49400364080066e-06   2.51905400932058e+01
   5.06054850000000e+07   1.38475354560796e-06   2.50184043635693e+01
   5.10054880000000e+07   7.82970744239719e-07   2.50544327721075e+01
   5.14054900000000e+07   1.45094281833735e-06   2.50304138330826e+01
   5.18054930000000e+07   1.46099955600221e-06   2.49783727985210e+01
   9.53370240000000e+07  -4.30407468229532e-03   2.50584359286114e+01
   9.57370260000000e+07   2.65935636889481e-06   2.50184043635693e+01
   9.61370290000000e+07   9.05206434254069e-07   2.49943854245411e+01
   9.65370310000000e+07   2.21030904867803e-06   2.50944643371439e+01
   9.69370340000000e+07   2.17884144149139e-06   2.49903822680362e+01
   9.73370370000000e+07   2.55406393989688e-06   2.50224075200738e+01
   9.77370390000000e+07   2.88113301394333e-06   2.50704453981228e+01
   9.81370420000000e+07   1.29496163481235e-06   2.50063948940555e+01
   9.85370440000000e+07   2.56191879088874e-06   2.49983885810460e+01
   9.89370470000000e+07   2.29640113502683e-06   2.50344169895869e+01
   9.93370500000000e+07   2.70018745140987e-06   2.49703664855106e+01
   9.97370520000000e+07   2.99101088785392e-06   2.51184832761627e+01
   1.00137055000000e+08   1.47052071497455e-06   2.50704453981228e+01
   1.00537057000000e+08   2.45332330450765e-06   2.50103980505602e+01
   1.00937060000000e+08   2.31779199566517e-06   2.50424233025953e+01
   1.01337063000000e+08   2.69589645540691e-06   2.50184043635693e+01
   1.01737065000000e+08   3.05978915093874e-06   2.49383412334665e+01
   1.02137068000000e+08   1.73852038187761e-06   2.49863791115312e+01
   1.02537070000000e+08   2.73316572929616e-06   2.49663633290053e+01
   1.02937073000000e+08   2.34775461649406e-06   2.50304138330826e+01
   1.03337076000000e+08   2.62223011304741e-06   2.50144012070648e+01
   1.03737078000000e+08   2.87518537334108e-06   2.50504296156035e+01
   1.04137081000000e+08   1.61154503075522e-06   2.49823759550261e+01
   1.04537083000000e+08   2.25687472266145e-06   2.50784517111300e+01
   1.04937086000000e+08   1.99327860173071e-06   2.50824548676336e+01
   1.48673588000000e+08   4.69424994662404e-03   2.49703664855106e+01
   1.49073591000000e+08   1.17452896120085e-06   2.50304138330826e+01
   1.49473593000000e+08   1.45757542213687e-06   2.50264106765782e+01
   1.49873596000000e+08   1.26978159187274e-06   2.51184832761627e+01
   1.50273599000000e+08   1.55416114466789e-06   2.50344169895869e+01
   1.50673601000000e+08   6.61428998682823e-07   2.50544327721075e+01
   1.51073604000000e+08   1.38353664169699e-06   2.50424233025953e+01
   1.51473606000000e+08   1.66234087828343e-06   2.49463475464779e+01
   1.51873609000000e+08   1.61619709615479e-06   2.51024706501504e+01
   1.52273612000000e+08   1.83337510861747e-06   2.49583570159945e+01
   1.52673614000000e+08   9.55135647018324e-07   2.49703664855106e+01
   1.53073617000000e+08   1.51917174662231e-06   2.50584359286114e+01
   1.53473619000000e+08   1.87337002444110e-06   2.50344169895869e+01
   1.53873622000000e+08   1.75194770690723e-06   2.49143222944307e+01
   1.54273625000000e+08   2.01571947400225e-06   2.49303349204548e+01
   1.54673627000000e+08   1.13438272819621e-06   2.50063948940555e+01
   1.55073630000000e+08   1.57145166213013e-06   2.50424233025953e+01
   1.55473632000000e+08   2.10100415642955e-06   2.49103191379245e+01
   1.55873635000000e+08   2.02738829102600e-06   2.49783727985210e+01
   1.56273638000000e+08   2.35506786339101e-06   2.50984674936472e+01
   1.56673640000000e+08   1.49531319948437e-06   2.50344169895869e+01
   1.57073643000000e+08   1.88254466593207e-06   2.50103980505602e+01
   1.57473645000000e+08   2.34599588111450e-06   2.50504296156035e+01
   1.57873648000000e+08   2.15357431443408e-06   2.49823759550261e+01
   1.58273651000000e+08   2.48010201175930e-06   2.50544327721075e+01
   1.93417781000000e+08  -2.07676202990115e-03   2.50264106765782e+01
   1.93817783000000e+08   1.74648391748633e-06   2.50544327721075e+01
   1.94217786000000e+08   1.93492951439111e-06   2.50184043635693e+01
   1.94617788000000e+08   3.92696847484331e-07   2.50424233025953e+01
   1.95017791000000e+08   2.00239628611598e-06   2.50824548676336e+01
   1.95417794000000e+08   1.51903418554866e-06   2.49503507029835e+01
   1.95817796000000e+08   1.19544142762606e-06   2.49783727985210e+01
   1.96217799000000e+08   1.42494661758974e-06   2.50023917375508e+01
   1.96617801000000e+08   6.66564261564417e-08   2.51064738066536e+01
   1.97017804000000e+08   1.43558406762168e-06   2.50384201460911e+01
   1.97417807000000e+08   1.10893654436950e-06   2.50184043635693e+01
   1.97817809000000e+08   1.31553838400578e-06   2.50224075200738e+01
   1.98217812000000e+08   1.74328067714669e-06   2.49783727985210e+01
   1.98617814000000e+08   4.46589183411561e-07   2.49623601725000e+01
   1.99017817000000e+08   1.61113450758421e-06   2.49663633290053e+01
   1.99417820000000e+08   1.37776851261151e-06   2.50304138330826e+01
   1.99817822000000e+08   1.56933549533278e-06   2.50304138330826e+01
   2.00217825000000e+08   1.99705641534820e-06   2.50904611806405e+01
   2.00617827000000e+08   8.28550867026934e-07   2.49983885810460e+01
   2.01017830000000e+08   1.86277895863896e-06   2.49903822680362e+01
   2.01417833000000e+08   1.55398788592720e-06   2.50544327721075e+01
   2.01817835000000e+08   1.66451673067058e-06   2.49623601725000e+01
   2.02217838000000e+08   2.25689632316062e-06   2.49863791115312e+01
   2.02617840000000e+08   1.12114889816439e-06   2.50584359286114e+01
   2.03017843000000e+08   2.00009526452050e-06   2.49903822680362e+01
