   4.00003000000000e+05   1.74287140453089e-06   2.49423443899722e+01
   8.00005000000000e+05   1.67869018241618e-06   2.46821392169682e+01
   1.20000800000000e+06   1.75761340415193e-06   2.51425022151793e+01
   1.60001100000000e+06   1.77401989276404e-06   2.46661265909285e+01
   2.00001300000000e+06   1.75878608388302e-06   2.51144801196597e+01
   2.40001600000000e+06   1.87281875696499e-06   2.51465053716819e+01
   2.80001800000000e+06   1.81343364147324e-06   2.47742118166770e+01
   3.20002100000000e+06   1.92339211935177e-06   2.51184832761627e+01
   3.60002400000000e+06   1.85841111033369e-06   2.53266474142322e+01
   4.00002600000000e+06   2.00566955754766e-06   2.49983885810460e+01
   4.40002900000000e+06   2.01583884518186e-06   2.51024706501504e+01
   4.80003100000000e+06   1.96818814401922e-06   2.52145590322157e+01
   5.20003400000000e+06   2.00919953385892e-06   2.53786884487234e+01
   5.60003700000000e+06   1.96640371541434e-06   2.51224864326656e+01
   6.00003900000000e+06   1.67829500696826e-06   2.51224864326656e+01
   6.40004200000000e+06   1.86892202691524e-06   2.51224864326656e+01
   6.80004400000000e+06   1.57206272888288e-06   2.50384201460911e+01
   7.20004700000000e+06   1.86972204119229e-06   2.49543538594890e+01
   7.60005000000000e+06   1.62146091042814e-06   2.51104769631567e+01
   8.00005200000000e+06   1.60971774221252e-06   2.51184832761627e+01
   8.40005500000000e+06   1.58354771429003e-06   2.50464264590994e+01
   8.80005700000000e+06   1.57282624968502e-06   2.50063948940555e+01
   9.20006000000000e+06   1.56653607064072e-06   2.50584359286114e+01
   9.60006300000000e+06   1.67891539604170e-06   2.53146379447328e+01
   4.23511790000000e+07  -2.04553711228073e-03   2.49743696420159e+01
   4.27511810000000e+07   1.55300847382023e-06   2.49263317639489e+01
   4.31511840000000e+07   1.13362796128058e-06   2.49143222944307e+01
   4.35511870000000e+07   2.62519552052254e-06   2.50464264590994e+01
   4.39511890000000e+07   2.02492560674727e-06   2.49983885810460e+01
   4.43511920000000e+07   2.44374155045080e-06   2.49503507029835e+01
   4.47511940000000e+07   1.35835239234439e-06   2.49263317639489e+01
   4.51511970000000e+07   1.43186093737313e-06   2.50304138330826e+01
   4.55512000000000e+07   2.78390507446602e-06   2.50864580241371e+01
   4.59512020000000e+07   1.77130493739242e-06   2.51024706501504e+01
   4.63512050000000e+07   2.14050942304311e-06   2.50063948940555e+01
   4.67512080000000e+07   1.09286281713139e-06   2.50264106765782e+01
   4.71512100000000e+07   1.59220303430629e-06   2.51304927456713e+01
   4.75512130000000e+07   2.70409213953826e-06   2.50504296156035e+01
   4.79512150000000e+07   1.69340580669086e-06   2.50944643371439e+01
   4.83512180000000e+07   2.10656003218901e-06   2.49983885810460e+01
   4.87512210000000e+07   1.27641658309585e-06   2.49663633290053e+01
   4.91512230000000e+07   1.86407407909428e-06   2.50184043635693e+01
   4.95512260000000e+07   2.68500730271626e-06   2.50544327721075e+01
   4.99512280000000e+07   1.35811410473252e-06   2.49263317639489e+01
   5.03512310000000e+07   1.91031404028763e-06   2.49023128249120e+01
   5.07512340000000e+07   1.04308674053755e-06   2.49223286074429e+01
   5.11512360000000e+07   1.90859304893820e-06   2.48863001988861e+01
   5.15512390000000e+07   2.47597427005530e-06   2.48943065118992e+01
   5.19512410000000e+07   1.07948005734215e-06   2.48863001988861e+01
   9.52736160000000e+07   4.59115114063025e-03   2.50544327721075e+01
   9.56736190000000e+07   1.64915275036037e-06   2.50984674936472e+01
   9.60736210000000e+07   4.45242949353997e-06   2.50984674936472e+01
   9.64736240000000e+07   2.30879163609643e-06   2.51384990586767e+01
   9.68736260000000e+07   5.29431076756737e-07   2.50664422416190e+01
   9.72736290000000e+07   1.03651780136715e-06   2.50023917375508e+01
   9.76736320000000e+07   2.17365936805436e-06   2.50264106765782e+01
   9.80736340000000e+07   4.12879262512433e-06   2.51985464062093e+01
   9.84736370000000e+07   1.48701735724899e-06   2.50504296156035e+01
   9.88736390000000e+07   3.83008824655917e-07   2.50784517111300e+01
   9.92736420000000e+07   1.27480620903953e-06   2.50984674936472e+01
   9.96736450000000e+07   2.54656265497033e-06   2.50744485546264e+01
   1.00073647000000e+08   3.53935138264205e-06   2.50704453981228e+01
   1.00473650000000e+08   8.03120713044336e-07   2.49903822680362e+01
   1.00873652000000e+08   1.00297043559294e-07   2.49463475464779e+01
   1.01273655000000e+08   1.58306772846117e-06   2.47862212862018e+01
   1.01673658000000e+08   2.71572366727924e-06   2.50944643371439e+01
   1.02073660000000e+08   3.27472935168771e-06   2.49383412334665e+01
   1.02473663000000e+08   4.65272222527346e-07   2.50624390851152e+01
   1.02873665000000e+08   7.25882046026527e-07   2.50624390851152e+01
   1.03273668000000e+08   2.03570834855782e-06   2.50224075200738e+01
   1.03673671000000e+08   2.77486037703056e-06   2.49423443899722e+01
   1.04073673000000e+08   2.42562600760721e-06   2.49863791115312e+01
   1.04473676000000e+08  -2.70730069473757e-08   2.50664422416190e+01
   1.04873678000000e+08   6.52362700748199e-07   2.50624390851152e+01
   1.48600094000000e+08  -4.18747449293733e-03   2.50704453981228e+01
   1.49000097000000e+08   1.74807496478024e-06   2.50424233025953e+01
   1.49400100000000e+08   2.22715357267589e-06   2.50304138330826e+01
   1.49800102000000e+08   2.91481364911306e-06   2.50063948940555e+01
   1.50200105000000e+08  -1.01484026515664e-07   2.50424233025953e+01
   1.50600107000000e+08   2.12969075619185e-06   2.50063948940555e+01
   1.51000110000000e+08   1.46490958741197e-06   2.49543538594890e+01
   1.51400113000000e+08   2.01812508748844e-06   2.48863001988861e+01
   1.51800115000000e+08   2.40144845520263e-06   2.49903822680362e+01
   1.52200118000000e+08  -1.38007010264118e-07   2.48863001988861e+01
   1.52600120000000e+08   2.32771253649844e-06   2.49183254509368e+01
   1.53000123000000e+08   1.50239839058486e-06   2.49623601725000e+01
   1.53400126000000e+08   2.09764561986958e-06   2.49663633290053e+01
   1.53800128000000e+08   1.87499199455488e-06   2.49663633290053e+01
   1.54200131000000e+08  -8.94164031706168e-08   2.50784517111300e+01
   1.54600133000000e+08   2.34720164371538e-06   2.50144012070648e+01
   1.55000136000000e+08   1.43221006965177e-06   2.51745274671980e+01
   1.55400139000000e+08   1.78160223640589e-06   2.51304927456713e+01
   1.55800141000000e+08   1.98709972210054e-06   2.51465053716819e+01
   1.56200144000000e+08   5.07068989463733e-07   2.51825337802020e+01
   1.56600146000000e+08   2.97335668619780e-06   2.50544327721075e+01
   1.57000149000000e+08   1.71746842170251e-06   2.51304927456713e+01
   1.57400152000000e+08   2.29298188969551e-06   2.50744485546264e+01
   1.57800154000000e+08   1.81795655862516e-06   2.51064738066536e+01
   1.58200157000000e+08   6.95918458859524e-07   2.51104769631567e+01
   1.92885254000000e+08   2.35576182603836e-03   2.50744485546264e+01
   1.93285257000000e+08   1.59688249823375e-06   2.50144012070648e+01
   1.93685260000000e+08   1.17377135211427e-06   2.50184043635693e+01
   1.94085262000000e+08   1.10045482415444e-06   2.50784517111300e+01
   1.94485265000000e+08   2.28543672164960e-06   2.51785306237000e+01
   1.94885267000000e+08   4.12067583965836e-06   2.50864580241371e+01
   1.95285270000000e+08   1.27704515762161e-06   2.50944643371439e+01
   1.95685273000000e+08   1.28898386719811e-06   2.51384990586767e+01
   1.96085275000000e+08   1.18560114970023e-06   2.51665211541937e+01
   1.96485278000000e+08   2.42623968915723e-06   2.50784517111300e+01
   1.96885280000000e+08   3.36882180818066e-06   2.50904611806405e+01
   1.97285283000000e+08   7.00887881066592e-07   2.51425022151793e+01
   1.97685286000000e+08   1.16585124487756e-06   2.52105558757142e+01
   1.98085288000000e+08   1.39977316848672e-06   2.51905400932058e+01
   1.98485291000000e+08   2.46487411459384e-06   2.50984674936472e+01
   1.98885293000000e+08   3.09603115056234e-06   2.48782938858728e+01
   1.99285296000000e+08   2.28413981062658e-07   2.51705243106959e+01
   1.99685299000000e+08   1.27703356156417e-06   2.51224864326656e+01
   2.00085301000000e+08   1.58615046075283e-06   2.51064738066536e+01
   2.00485304000000e+08   2.60776687355246e-06   2.50544327721075e+01
   2.00885306000000e+08   2.35562720263260e-06   2.49863791115312e+01
   2.01285309000000e+08   7.02063118751539e-08   2.51865369367039e+01
   2.01685312000000e+08   1.37396295940562e-06   2.50344169895869e+01
   2.02085314000000e+08   1.54737472257693e-06   2.50224075200738e+01
   2.02485317000000e+08   2.05623291549273e-06   2.50624390851152e+01
