   4.00002000000000e+05   2.41216025642643e-06   2.49943854245411e+01
   8.00005000000000e+05   1.52831125888042e-06   2.51104769631567e+01
   1.20000800000000e+06   1.73942714809527e-06   2.50264106765782e+01
   1.60001000000000e+06   2.07241646421608e-06   2.50063948940555e+01
   2.00001300000000e+06   1.28339775073982e-06   2.49423443899722e+01
   2.40001600000000e+06   1.96536166185979e-06   2.51344959021740e+01
   2.80001800000000e+06   1.73617218024447e-06   2.50344169895869e+01
   3.20002100000000e+06   1.74112676631921e-06   2.50744485546264e+01
   3.60002300000000e+06   1.93945970750065e-06   2.49863791115312e+01
   4.00002600000000e+06   1.40879785703873e-06   2.50504296156035e+01
   4.40002900000000e+06   2.16152670873271e-06   2.50784517111300e+01
   4.80003100000000e+06   1.51458539221494e-06   2.50944643371439e+01
   5.20003400000000e+06   1.61112222940574e-06   2.49783727985210e+01
   5.60003600000000e+06   2.05384731088998e-06   2.49703664855106e+01
   6.00003900000000e+06   1.45352851177449e-06   2.50103980505602e+01
   6.40004200000000e+06   2.00367594516138e-06   2.50984674936472e+01
   6.80004400000000e+06   1.79670325906045e-06   2.50984674936472e+01
   7.20004700000000e+06   2.06484651243954e-06   2.50504296156035e+01
   7.60004900000000e+06   2.16424655263836e-06   2.51264895891685e+01
   8.00005200000000e+06   1.65275639574247e-06   2.50944643371439e+01
   8.40005500000000e+06   2.41581415139080e-06   2.50504296156035e+01
   8.80005700000000e+06   1.64866492013971e-06   2.49583570159945e+01
   9.20006000000000e+06   1.79231381025602e-06   2.49583570159945e+01
   9.60006200000000e+06   1.97266126633622e-06   2.50344169895869e+01
   4.20364800000000e+07   2.35151266679168e-03   2.49463475464779e+01
   4.24364830000000e+07   1.56747631763210e-07   2.51705243106959e+01
   4.28364850000000e+07   3.74833325622603e-06   2.50784517111300e+01
   4.32364880000000e+07   9.53919609969489e-08   2.50424233025953e+01
   4.36364910000000e+07   1.82088638212008e-06   2.49823759550261e+01
   4.40364930000000e+07   2.23223696593777e-06   2.50624390851152e+01
   4.44364960000000e+07   2.90944939251858e-07   2.49823759550261e+01
   4.48364990000000e+07   3.79184416487988e-06   2.49783727985210e+01
   4.52365010000000e+07   1.16317337983673e-07   2.49623601725000e+01
   4.56365040000000e+07   2.02930914383614e-06   2.48943065118992e+01
   4.60365060000000e+07   2.33430591833894e-06   2.50023917375508e+01
   4.64365090000000e+07   6.11944415140897e-07   2.50304138330826e+01
   4.68365120000000e+07   3.78547042600985e-06   2.49463475464779e+01
   4.72365140000000e+07   3.11809031927623e-08   2.49383412334665e+01
   4.76365170000000e+07   2.60278056884999e-06   2.49343380769607e+01
   4.80365190000000e+07   2.23209690375370e-06   2.50224075200738e+01
   4.84365220000000e+07   9.64363948696700e-07   2.50224075200738e+01
   4.88365250000000e+07   3.68096220881853e-06   2.49703664855106e+01
   4.92365270000000e+07   4.60852533024081e-07   2.50864580241371e+01
   4.96365300000000e+07   2.89020681520924e-06   2.50584359286114e+01
   5.00365320000000e+07   2.26465067498793e-06   2.49463475464779e+01
   5.04365350000000e+07   1.34085689751373e-06   2.50224075200738e+01
   5.08365380000000e+07   3.83664018954732e-06   2.50984674936472e+01
   5.12365400000000e+07   4.74377230830214e-07   2.51104769631567e+01
   5.16365430000000e+07   3.19396986014908e-06   2.49903822680362e+01
   9.53701500000000e+07  -4.20584948733449e-03   2.50824548676336e+01
   9.57701520000000e+07   1.47167929753778e-06   2.49823759550261e+01
   9.61701550000000e+07   9.40689574235876e-07   2.51184832761627e+01
   9.65701580000000e+07   1.89181844234554e-06   2.50464264590994e+01
   9.69701600000000e+07   3.16710588776914e-06   2.50704453981228e+01
   9.73701630000000e+07   2.42393207372515e-06   2.51064738066536e+01
   9.77701650000000e+07   9.69621396507137e-07   2.50904611806405e+01
   9.81701680000000e+07   1.09426480321417e-06   2.50584359286114e+01
   9.85701710000000e+07   2.05012611331767e-06   2.50784517111300e+01
   9.89701730000000e+07   2.82938640339125e-06   2.51064738066536e+01
   9.93701760000000e+07   1.88436513326451e-06   2.51785306237000e+01
   9.97701780000000e+07   7.20670925602462e-07   2.50904611806405e+01
   1.00170181000000e+08   1.14143779228471e-06   2.50184043635693e+01
   1.00570184000000e+08   1.97067561202857e-06   2.50624390851152e+01
   1.00970186000000e+08   2.89265267383598e-06   2.50344169895869e+01
   1.01370189000000e+08   1.53063103880413e-06   2.50144012070648e+01
   1.01770191000000e+08   6.33840613772918e-07   2.51064738066536e+01
   1.02170194000000e+08   1.28176702673954e-06   2.49303349204548e+01
   1.02570197000000e+08   2.15816226045717e-06   2.49263317639489e+01
   1.02970199000000e+08   2.50243419941398e-06   2.50264106765782e+01
   1.03370202000000e+08   9.82197320809064e-07   2.50424233025953e+01
   1.03770204000000e+08   6.55536496196873e-07   2.50264106765782e+01
   1.04170207000000e+08   1.44435716720182e-06   2.49423443899722e+01
   1.04570210000000e+08   2.19634421227966e-06   2.50224075200738e+01
   1.04970212000000e+08   2.23543975153007e-06   2.50504296156035e+01
   1.49011738000000e+08   4.60897572338581e-03   2.50144012070648e+01
   1.49411741000000e+08   8.54181280374178e-07   2.50504296156035e+01
   1.49811744000000e+08   3.29237605001254e-06   2.49983885810460e+01
   1.50211746000000e+08   7.99935946815822e-07   2.49543538594890e+01
   1.50611749000000e+08   3.45968919646111e-06   2.50304138330826e+01
   1.51011751000000e+08   3.35232016368536e-07   2.51304927456713e+01
   1.51411754000000e+08   1.47629361890722e-06   2.49183254509368e+01
   1.51811757000000e+08   3.28509077007766e-06   2.49663633290053e+01
   1.52211759000000e+08   1.00994736840221e-06   2.50664422416190e+01
   1.52611762000000e+08   3.40868632520142e-06   2.50504296156035e+01
   1.53011764000000e+08   1.76530321027712e-07   2.49823759550261e+01
   1.53411767000000e+08   1.74291665189230e-06   2.50023917375508e+01
   1.53811770000000e+08   3.22327969115577e-06   2.49343380769607e+01
   1.54211772000000e+08   1.07924279291183e-06   2.49543538594890e+01
   1.54611775000000e+08   3.42427892974229e-06   2.49783727985210e+01
   1.55011778000000e+08   6.87994088366395e-07   2.50184043635693e+01
   1.55411780000000e+08   2.52639074460603e-06   2.49903822680362e+01
   1.55811783000000e+08   3.62029845746292e-06   2.50864580241371e+01
   1.56211785000000e+08   1.49666357174283e-06   2.50063948940555e+01
   1.56611788000000e+08   3.37213009515835e-06   2.50184043635693e+01
   1.57011791000000e+08   5.29185911091190e-07   2.51064738066536e+01
   1.57411793000000e+08   2.70081159214897e-06   2.50424233025953e+01
   1.57811796000000e+08   3.14990256811143e-06   2.50704453981228e+01
   1.58211798000000e+08   1.42766350563761e-06   2.50184043635693e+01
   1.58611801000000e+08   2.74574495051638e-06   2.50584359286114e+01
   1.93582008000000e+08  -2.05062539316714e-03   2.49383412334665e+01
   1.93982010000000e+08   2.78804100162233e-06   2.51024706501504e+01
   1.94382013000000e+08   4.72750429025837e-07   2.50184043635693e+01
   1.94782016000000e+08   1.74844853972900e-06   2.50744485546264e+01
   1.95182018000000e+08  -4.05386231250304e-07   2.50224075200738e+01
   1.95582021000000e+08   4.42523014498875e-06   2.49983885810460e+01
   1.95982023000000e+08   2.04177558771335e-06   2.49943854245411e+01
   1.96382026000000e+08   4.04104468998412e-07   2.51064738066536e+01
   1.96782029000000e+08   1.71791782577202e-06   2.50624390851152e+01
   1.97182031000000e+08   6.98610278959677e-07   2.51024706501504e+01
   1.97582034000000e+08   4.26445740231429e-06   2.51344959021740e+01
   1.97982036000000e+08   1.93623418454081e-06   2.50103980505602e+01
   1.98382039000000e+08   3.70929171822354e-07   2.50224075200738e+01
   1.98782042000000e+08   2.46927606895042e-06   2.49823759550261e+01
   1.99182044000000e+08   6.60020418763452e-07   2.50264106765782e+01
   1.99582047000000e+08   4.64134200228727e-06   2.50784517111300e+01
   1.99982050000000e+08   1.42740304909239e-06   2.51344959021740e+01
   2.00382052000000e+08   7.72149121530674e-07   2.50664422416190e+01
   2.00782055000000e+08   2.18366767512634e-06   2.51064738066536e+01
   2.01182057000000e+08   1.07570167529047e-06   2.49943854245411e+01
   2.01582060000000e+08   4.37595053881523e-06   2.50704453981228e+01
   2.01982063000000e+08   8.79299989264837e-07   2.50904611806405e+01
   2.02382065000000e+08   6.32105013664841e-07   2.49783727985210e+01
   2.02782068000000e+08   2.40344570556772e-06   2.50144012070648e+01
   2.03182070000000e+08   1.28036754176719e-06   2.50023917375508e+01
