   4.00002000000000e+05   2.21320010496129e-06   2.50544327721075e+01
   8.00005000000000e+05   1.99983242055168e-06   2.50944643371439e+01
   1.20000800000000e+06   2.34497906603792e-06   2.50344169895869e+01
   1.60001000000000e+06   1.89831860097911e-06   2.50103980505602e+01
   2.00001300000000e+06   2.37644007938798e-06   2.49703664855106e+01
   2.40001500000000e+06   2.35730385611532e-06   2.50504296156035e+01
   2.80001800000000e+06   2.39359519582649e-06   2.49903822680362e+01
   3.20002100000000e+06   2.44753596234659e-06   2.50464264590994e+01
   3.60002300000000e+06   2.32579486691975e-06   2.50744485546264e+01
   4.00002600000000e+06   2.53585153586755e-06   2.50424233025953e+01
   4.40002800000000e+06   2.67175823864818e-06   2.50464264590994e+01
   4.80003100000000e+06   2.59015155279485e-06   2.50824548676336e+01
   5.20003400000000e+06   2.84423481389240e-06   2.50464264590994e+01
   5.60003600000000e+06   2.64054801846214e-06   2.50824548676336e+01
   6.00003900000000e+06   2.61630793829681e-06   2.50304138330826e+01
   6.40004100000000e+06   2.17877095565200e-06   2.50584359286114e+01
   6.80004400000000e+06   2.27289046961232e-06   2.50063948940555e+01
   7.20004700000000e+06   2.22095673052536e-06   2.49703664855106e+01
   7.60004900000000e+06   2.12779241337557e-06   2.50704453981228e+01
   8.00005200000000e+06   2.25160579248040e-06   2.50664422416190e+01
   8.40005400000000e+06   1.77756476205104e-06   2.50464264590994e+01
   8.80005700000000e+06   2.02674641514022e-06   2.50184043635693e+01
   9.20006000000000e+06   1.80492349954875e-06   2.50984674936472e+01
   9.60006200000000e+06   1.83712074885989e-06   2.50744485546264e+01
   4.23560940000000e+07   1.26737926620990e-04   2.50264106765782e+01
   4.27560970000000e+07   2.50417497227318e-06   2.49503507029835e+01
   4.31560990000000e+07   2.54871838478721e-06   2.50063948940555e+01
   4.35561020000000e+07   2.48302853833593e-06   2.50184043635693e+01
   4.39561040000000e+07   2.53074881584325e-06   2.50304138330826e+01
   4.43561070000000e+07   2.00572208086669e-06   2.50824548676336e+01
   4.47561100000000e+07   1.92233028428745e-06   2.50384201460911e+01
   4.51561120000000e+07   2.09083736990578e-06   2.49823759550261e+01
   4.55561150000000e+07   1.82172800577973e-06   2.50944643371439e+01
   4.59561170000000e+07   1.99844453163678e-06   2.51104769631567e+01
   4.63561200000000e+07   9.25542167351523e-07   2.50424233025953e+01
   4.67561230000000e+07   9.48754120599915e-07   2.50744485546264e+01
   4.71561250000000e+07   9.09095319912012e-07   2.50344169895869e+01
   4.75561280000000e+07   7.52289111005666e-07   2.50224075200738e+01
   4.79561300000000e+07   1.12144107333734e-06   2.50184043635693e+01
   4.83561330000000e+07   1.42558474180987e-06   2.50344169895869e+01
   4.87561360000000e+07   1.70994144355063e-06   2.50144012070648e+01
   4.91561380000000e+07   1.71624049016827e-06   2.49623601725000e+01
   4.95561410000000e+07   1.62932212788292e-06   2.50063948940555e+01
   4.99561430000000e+07   1.82266603587777e-06   2.50944643371439e+01
   5.03561460000000e+07   1.64982554906601e-06   2.50063948940555e+01
   5.07561490000000e+07   1.91664526028035e-06   2.50344169895869e+01
   5.11561510000000e+07   1.85448254796938e-06   2.50103980505602e+01
   5.15561540000000e+07   1.71702174611710e-06   2.50304138330826e+01
   5.19561560000000e+07   2.00333397515351e-06   2.50664422416190e+01
   9.56441390000000e+07   2.26650226977654e-04   2.50824548676336e+01
   9.60441410000000e+07   1.56460430389416e-06   2.51384990586767e+01
   9.64441440000000e+07   1.36641779135971e-06   2.50984674936472e+01
   9.68441470000000e+07   1.41931343478063e-06   2.51104769631567e+01
   9.72441490000000e+07   1.52901668570848e-06   2.50344169895869e+01
   9.76441520000000e+07   1.31694537230942e-06   2.49743696420159e+01
   9.80441540000000e+07   1.46871343531529e-06   2.50784517111300e+01
   9.84441570000000e+07   1.24353232422436e-06   2.50264106765782e+01
   9.88441600000000e+07   1.23219456327206e-06   2.51585148411891e+01
   9.92441620000000e+07   1.35616585339449e-06   2.50464264590994e+01
   9.96441650000000e+07   1.15130490030424e-06   2.49983885810460e+01
   1.00044167000000e+08   1.49428535678453e-06   2.51625179976914e+01
   1.00444170000000e+08   1.62792196078954e-06   2.49983885810460e+01
   1.00844173000000e+08   1.63122820140416e-06   2.50464264590994e+01
   1.01244175000000e+08   1.82243365998147e-06   2.50784517111300e+01
   1.01644178000000e+08   1.57518763899134e-06   2.50984674936472e+01
   1.02044180000000e+08   1.87557407116401e-06   2.50504296156035e+01
   1.02444183000000e+08   1.94337326320237e-06   2.50264106765782e+01
   1.02844186000000e+08   1.94262088371033e-06   2.50864580241371e+01
   1.03244188000000e+08   2.17908018385060e-06   2.50304138330826e+01
   1.03644191000000e+08   1.80371739588736e-06   2.50624390851152e+01
   1.04044193000000e+08   2.20021001950954e-06   2.51224864326656e+01
   1.04444196000000e+08   1.99554460778018e-06   2.50504296156035e+01
   1.04844199000000e+08   2.07874427360366e-06   2.49903822680362e+01
   1.05244201000000e+08   2.16015132536995e-06   2.50424233025953e+01
   1.49100393000000e+08   1.86325152753852e-04   2.50184043635693e+01
   1.49500396000000e+08   1.58538409777975e-06   2.50424233025953e+01
   1.49900399000000e+08   2.13319549402513e-06   2.50584359286114e+01
   1.50300401000000e+08   1.77167180481774e-06   2.50344169895869e+01
   1.50700404000000e+08   1.82716087238077e-06   2.50664422416190e+01
   1.51100406000000e+08   2.11855194720556e-06   2.49583570159945e+01
   1.51500409000000e+08   1.43145325637306e-06   2.51144801196597e+01
   1.51900412000000e+08   2.05949959308782e-06   2.50864580241371e+01
   1.52300414000000e+08   1.23609538604796e-06   2.49943854245411e+01
   1.52700417000000e+08   9.57884140007081e-07   2.50544327721075e+01
   1.53100419000000e+08   1.24778023291583e-06   2.50824548676336e+01
   1.53500422000000e+08   8.21884441393195e-07   2.49823759550261e+01
   1.53900425000000e+08   1.35872733153519e-06   2.50504296156035e+01
   1.54300427000000e+08   1.38836026053468e-06   2.49663633290053e+01
   1.54700430000000e+08   1.48868980431871e-06   2.49303349204548e+01
   1.55100432000000e+08   1.92631091522344e-06   2.50264106765782e+01
   1.55500435000000e+08   1.33710784666619e-06   2.48782938858728e+01
   1.55900438000000e+08   1.85055273504986e-06   2.49463475464779e+01
   1.56300440000000e+08   1.36731478050933e-06   2.49983885810460e+01
   1.56700443000000e+08   1.26576139791723e-06   2.48742907293661e+01
   1.57100445000000e+08   1.55208340402169e-06   2.50184043635693e+01
   1.57500448000000e+08   1.02049932593218e-06   2.50544327721075e+01
   1.57900451000000e+08   1.56829696607019e-06   2.49143222944307e+01
   1.58300453000000e+08   1.28102794860752e-06   2.49783727985210e+01
   1.58700456000000e+08   1.16340390832192e-06   2.50744485546264e+01
   1.93401181000000e+08   1.74162676557899e-04   2.50944643371439e+01
   1.93801183000000e+08   1.82696055617271e-06   2.50504296156035e+01
   1.94201186000000e+08   1.83178747192869e-06   2.50144012070648e+01
   1.94601189000000e+08   1.87403020390775e-06   2.50384201460911e+01
   1.95001191000000e+08   2.14842998502718e-06   2.49623601725000e+01
   1.95401194000000e+08   1.80625204393436e-06   2.50023917375508e+01
   1.95801196000000e+08   2.04276443582785e-06   2.50384201460911e+01
   1.96201199000000e+08   2.04688126359542e-06   2.50304138330826e+01
   1.96601202000000e+08   2.09729637390410e-06   2.49583570159945e+01
   1.97001204000000e+08   2.21309574044426e-06   2.49823759550261e+01
   1.97401207000000e+08   2.01096395358036e-06   2.50464264590994e+01
   1.97801209000000e+08   2.20332162825798e-06   2.50384201460911e+01
   1.98201212000000e+08   1.96953419617785e-06   2.50304138330826e+01
   1.98601215000000e+08   1.75544028024888e-06   2.51064738066536e+01
   1.99001217000000e+08   1.91383924175170e-06   2.51264895891685e+01
   1.99401220000000e+08   1.69785198522732e-06   2.49903822680362e+01
   1.99801222000000e+08   1.82500969003740e-06   2.50664422416190e+01
   2.00201225000000e+08   1.69118959547632e-06   2.50464264590994e+01
   2.00601228000000e+08   1.50798121012485e-06   2.50184043635693e+01
   2.01001230000000e+08   1.72359023054014e-06   2.50023917375508e+01
   2.01401233000000e+08   1.42671080993750e-06   2.50103980505602e+01
   2.01801235000000e+08   1.70896294093836e-06   2.49503507029835e+01
   2.02201238000000e+08   1.47983882925473e-06   2.50304138330826e+01
   2.02601241000000e+08   1.45092212733289e-06   2.50864580241371e+01
   2.03001243000000e+08   1.40715201268904e-06   2.50264106765782e+01
