   4.00002000000000e+05   1.65554126851930e-06   2.49303349204548e+01
   8.00005000000000e+05   1.67437997333764e-06   2.49303349204548e+01
   1.20000800000000e+06   1.52517441165401e-06   2.50063948940555e+01
   1.60001000000000e+06   1.68263170507998e-06   2.50704453981228e+01
   2.00001300000000e+06   1.52795632857305e-06   2.49663633290053e+01
   2.40001500000000e+06   1.71483202393574e-06   2.50384201460911e+01
   2.80001800000000e+06   1.61092225425818e-06   2.49383412334665e+01
   3.20002000000000e+06   1.49113736824802e-06   2.49943854245411e+01
   3.60002300000000e+06   1.56797750605620e-06   2.50544327721075e+01
   4.00002600000000e+06   1.37475944939069e-06   2.50704453981228e+01
   4.40002800000000e+06   1.45054548283952e-06   2.50624390851152e+01
   4.80003100000000e+06   1.40676684168284e-06   2.49983885810460e+01
   5.20003300000000e+06   1.50522942021780e-06   2.50023917375508e+01
   5.60003600000000e+06   1.76929222561739e-06   2.50023917375508e+01
   6.00003900000000e+06   1.54393114826235e-06   2.50264106765782e+01
   6.40004100000000e+06   1.76617652414279e-06   2.50063948940555e+01
   6.80004400000000e+06   1.66794734468567e-06   2.50824548676336e+01
   7.20004600000000e+06   1.80917186298757e-06   2.51024706501504e+01
   7.60004900000000e+06   1.85761723514588e-06   2.49983885810460e+01
   8.00005100000000e+06   1.75527236478956e-06   2.49823759550261e+01
   8.40005400000000e+06   1.88807132417423e-06   2.50144012070648e+01
   8.80005700000000e+06   1.85664976015687e-06   2.49503507029835e+01
   9.20005900000000e+06   2.20843025999784e-06   2.50103980505602e+01
   9.60006200000000e+06   2.61525133282703e-06   2.49903822680362e+01
   4.20572880000000e+07   1.48475359310396e-04   2.51384990586767e+01
   4.24572910000000e+07   1.84350858489779e-06   2.50424233025953e+01
   4.28572930000000e+07   1.74921990492294e-06   2.50144012070648e+01
   4.32572960000000e+07   1.38220502776676e-06   2.50184043635693e+01
   4.36572980000000e+07   1.79530377408810e-06   2.50464264590994e+01
   4.40573010000000e+07   1.29942736748490e-06   2.51024706501504e+01
   4.44573040000000e+07   1.59141529820772e-06   2.50624390851152e+01
   4.48573060000000e+07   1.53213034082000e-06   2.50904611806405e+01
   4.52573090000000e+07   1.39042208502360e-06   2.49663633290053e+01
   4.56573110000000e+07   1.78235393377690e-06   2.49383412334665e+01
   4.60573140000000e+07   1.26773193187546e-06   2.51104769631567e+01
   4.64573170000000e+07   1.67457926636416e-06   2.49903822680362e+01
   4.68573190000000e+07   1.60209617661167e-06   2.50544327721075e+01
   4.72573220000000e+07   1.91584217645868e-06   2.50184043635693e+01
   4.76573240000000e+07   2.35625543609785e-06   2.50824548676336e+01
   4.80573270000000e+07   2.11078236134199e-06   2.51384990586767e+01
   4.84573300000000e+07   2.26582460527425e-06   2.51384990586767e+01
   4.88573320000000e+07   2.31545459428162e-06   2.51425022151793e+01
   4.92573350000000e+07   1.82325265996042e-06   2.51425022151793e+01
   4.96573370000000e+07   2.28651947509206e-06   2.50464264590994e+01
   5.00573400000000e+07   1.78538823547569e-06   2.50744485546264e+01
   5.04573420000000e+07   2.08340929930273e-06   2.50544327721075e+01
   5.08573450000000e+07   2.03414697352855e-06   2.50784517111300e+01
   5.12573480000000e+07   1.64728680829285e-06   2.50584359286114e+01
   5.16573500000000e+07   1.82047233465710e-06   2.50504296156035e+01
   9.49867940000000e+07   2.02075185370632e-04   2.50624390851152e+01
   9.53867960000000e+07   1.84323300800315e-06   2.49223286074429e+01
   9.57867990000000e+07   1.88579895166185e-06   2.49303349204548e+01
   9.61868020000000e+07   1.82754547495279e-06   2.50504296156035e+01
   9.65868040000000e+07   1.77498714037938e-06   2.50864580241371e+01
   9.69868070000000e+07   1.83632232619857e-06   2.50023917375508e+01
   9.73868090000000e+07   1.77248580257583e-06   2.50264106765782e+01
   9.77868120000000e+07   1.81465270543413e-06   2.50984674936472e+01
   9.81868140000000e+07   1.73750311205367e-06   2.50464264590994e+01
   9.85868170000000e+07   1.71389058323257e-06   2.50824548676336e+01
   9.89868200000000e+07   1.88831586456217e-06   2.50664422416190e+01
   9.93868220000000e+07   1.76680794083950e-06   2.50023917375508e+01
   9.97868250000000e+07   1.93929463421227e-06   2.50344169895869e+01
   1.00186827000000e+08   1.88925332622603e-06   2.50584359286114e+01
   1.00586830000000e+08   1.87503576398740e-06   2.50584359286114e+01
   1.00986833000000e+08   2.05161472877080e-06   2.48622812598455e+01
   1.01386835000000e+08   2.28464136853290e-06   2.49263317639489e+01
   1.01786838000000e+08   2.41862767325074e-06   2.50344169895869e+01
   1.02186840000000e+08   2.45689943767502e-06   2.49503507029835e+01
   1.02586843000000e+08   2.35340007748164e-06   2.49943854245411e+01
   1.02986846000000e+08   2.30356340580329e-06   2.49263317639489e+01
   1.03386848000000e+08   1.55722091221833e-06   2.50184043635693e+01
   1.03786851000000e+08   1.53474820763222e-06   2.50144012070648e+01
   1.04186853000000e+08   1.52086329308077e-06   2.50224075200738e+01
   1.04586856000000e+08   1.45410524510226e-06   2.50103980505602e+01
   1.48280095000000e+08   1.95950153283775e-04   2.51184832761627e+01
   1.48680097000000e+08   1.76149080743926e-06   2.50424233025953e+01
   1.49080100000000e+08   2.08522988032200e-06   2.50344169895869e+01
   1.49480103000000e+08   2.05353444471257e-06   2.49783727985210e+01
   1.49880105000000e+08   2.39829637393996e-06   2.50063948940555e+01
   1.50280108000000e+08   2.29087254410842e-06   2.50344169895869e+01
   1.50680110000000e+08   2.32759657592396e-06   2.50744485546264e+01
   1.51080113000000e+08   1.92834295376088e-06   2.49423443899722e+01
   1.51480116000000e+08   1.13161945591855e-06   2.50504296156035e+01
   1.51880118000000e+08   1.31360604882502e-06   2.50984674936472e+01
   1.52280121000000e+08   1.16102967240295e-06   2.50424233025953e+01
   1.52680123000000e+08   1.18249806746462e-06   2.50144012070648e+01
   1.53080126000000e+08   1.36301912334602e-06   2.51184832761627e+01
   1.53480129000000e+08   1.23182189781801e-06   2.50144012070648e+01
   1.53880131000000e+08   1.48963806623215e-06   2.50424233025953e+01
   1.54280134000000e+08   1.37009533318633e-06   2.50984674936472e+01
   1.54680136000000e+08   1.35363245590270e-06   2.50384201460911e+01
   1.55080139000000e+08   1.67224504821206e-06   2.51024706501504e+01
   1.55480142000000e+08   1.81700329449086e-06   2.49823759550261e+01
   1.55880144000000e+08   1.94239169104549e-06   2.50103980505602e+01
   1.56280147000000e+08   1.93026562556042e-06   2.51064738066536e+01
   1.56680149000000e+08   1.87773343895969e-06   2.50504296156035e+01
   1.57080152000000e+08   2.03650552066392e-06   2.49583570159945e+01
   1.57480155000000e+08   1.90588059467700e-06   2.50184043635693e+01
   1.57880157000000e+08   1.99708188119985e-06   2.49503507029835e+01
   1.92810627000000e+08   1.66462632478215e-04   2.51144801196597e+01
   1.93210630000000e+08   2.13855105357652e-06   2.50744485546264e+01
   1.93610632000000e+08   2.05994479074434e-06   2.50704453981228e+01
   1.94010635000000e+08   2.02169348995085e-06   2.51104769631567e+01
   1.94410637000000e+08   2.09453924071568e-06   2.51344959021740e+01
   1.94810640000000e+08   1.95686129700334e-06   2.51745274671980e+01
   1.95210643000000e+08   1.96622431758442e-06   2.51985464062093e+01
   1.95610645000000e+08   2.23904703489097e-06   2.51064738066536e+01
   1.96010648000000e+08   1.74004401287675e-06   2.49823759550261e+01
   1.96410650000000e+08   2.16249463846907e-06   2.51184832761627e+01
   1.96810653000000e+08   1.94846370504820e-06   2.50664422416190e+01
   1.97210656000000e+08   1.76108585492329e-06   2.50824548676336e+01
   1.97610658000000e+08   1.69544705386215e-06   2.50624390851152e+01
   1.98010661000000e+08   1.58025716245902e-06   2.50344169895869e+01
   1.98410663000000e+08   1.81211737526610e-06   2.50264106765782e+01
   1.98810666000000e+08   1.61617651883716e-06   2.50944643371439e+01
   1.99210668000000e+08   1.54215683778602e-06   2.50424233025953e+01
   1.99610671000000e+08   1.94839662981394e-06   2.49743696420159e+01
   2.00010674000000e+08   1.56814530782867e-06   2.49743696420159e+01
   2.00410676000000e+08   1.75446837147319e-06   2.49783727985210e+01
   2.00810679000000e+08   1.67729604072520e-06   2.50224075200738e+01
   2.01210681000000e+08   1.67121606864384e-06   2.50704453981228e+01
   2.01610684000000e+08   1.68526366906008e-06   2.50984674936472e+01
   2.02010687000000e+08   1.40171744078543e-06   2.50864580241371e+01
   2.02410689000000e+08   1.67420614616276e-06   2.50624390851152e+01
