   4.00003000000000e+05   1.67156963470916e-06   2.55067894566572e+01
   8.00005000000000e+05   1.82226949618780e-06   2.50664422416190e+01
   1.20000800000000e+06   1.72266788922570e-06   2.51785306237000e+01
   1.60001100000000e+06   1.95953134607407e-06   2.51304927456713e+01
   2.00001300000000e+06   1.79393327925936e-06   2.50584359286114e+01
   2.40001600000000e+06   1.84977193384839e-06   2.52706032232300e+01
   2.80001800000000e+06   1.92597235582070e-06   2.49543538594890e+01
   3.20002100000000e+06   1.69962606832996e-06   2.48542749468314e+01
   3.60002400000000e+06   2.05040646505950e-06   2.52385779712233e+01
   4.00002600000000e+06   1.74864521795826e-06   2.51625179976914e+01
   4.40002900000000e+06   1.86192130513518e-06   2.50824548676336e+01
   4.80003100000000e+06   1.94157564692432e-06   2.48903033553927e+01
   5.20003400000000e+06   1.83849488166743e-06   2.48662844163524e+01
   5.60003700000000e+06   1.98495740733051e-06   2.50103980505602e+01
   6.00003900000000e+06   1.77988908944826e-06   2.50904611806405e+01
   6.40004200000000e+06   1.89609193057549e-06   2.48622812598455e+01
   6.80004400000000e+06   1.91152139450423e-06   2.51344959021740e+01
   7.20004700000000e+06   1.69435202224122e-06   2.52786095362311e+01
   7.60005000000000e+06   1.98534621631552e-06   2.53947010747186e+01
   8.00005200000000e+06   1.71152191796864e-06   2.50864580241371e+01
   8.40005500000000e+06   1.88824992619629e-06   2.53026284752328e+01
   8.80005700000000e+06   1.85253168183408e-06   2.51224864326656e+01
   9.20006000000000e+06   1.84180839823966e-06   2.49903822680362e+01
   9.60006300000000e+06   2.02091223400203e-06   2.48983096684056e+01
   4.21956570000000e+07  -2.03277426771820e-03   2.50704453981228e+01
   4.25956600000000e+07   1.19716048629925e-06   2.50664422416190e+01
   4.29956620000000e+07   1.51096958234120e-06   2.50023917375508e+01
   4.33956650000000e+07   2.70943769464793e-06   2.50344169895869e+01
   4.37956680000000e+07   1.42054159368854e-06   2.50504296156035e+01
   4.41956700000000e+07   1.85500402949401e-06   2.50704453981228e+01
   4.45956730000000e+07   9.92892978501914e-07   2.50464264590994e+01
   4.49956750000000e+07   1.85858459644805e-06   2.51184832761627e+01
   4.53956780000000e+07   2.41308157455933e-06   2.49423443899722e+01
   4.57956810000000e+07   1.35176890125877e-06   2.49583570159945e+01
   4.61956830000000e+07   1.61889136052196e-06   2.50504296156035e+01
   4.65956860000000e+07   1.20971981232287e-06   2.50944643371439e+01
   4.69956880000000e+07   1.85374074135325e-06   2.49663633290053e+01
   4.73956910000000e+07   2.31109243031824e-06   2.50504296156035e+01
   4.77956940000000e+07   9.60455395215831e-07   2.50144012070648e+01
   4.81956960000000e+07   1.60633999257698e-06   2.51344959021740e+01
   4.85956990000000e+07   1.31920228341187e-06   2.50544327721075e+01
   4.89957010000000e+07   2.07001608032442e-06   2.50023917375508e+01
   4.93957040000000e+07   1.99004625756061e-06   2.51384990586767e+01
   4.97957070000000e+07   8.85108818238223e-07   2.50664422416190e+01
   5.01957090000000e+07   1.72299110090535e-06   2.50744485546264e+01
   5.05957120000000e+07   1.54571114308055e-06   2.49383412334665e+01
   5.09957140000000e+07   2.21185837290250e-06   2.49783727985210e+01
   5.13957170000000e+07   2.01218472284381e-06   2.49183254509368e+01
   5.17957200000000e+07   1.00087709142826e-06   2.48502717903243e+01
   9.55988830000000e+07   4.56635048612952e-03   2.47822181296936e+01
   9.59988860000000e+07   3.81960990125663e-06   2.49583570159945e+01
   9.63988880000000e+07   2.42596320276789e-06   2.51945432497076e+01
   9.67988910000000e+07   2.61590525951760e-06   2.49223286074429e+01
   9.71988940000000e+07   5.14115015448624e-07   2.49903822680362e+01
   9.75988960000000e+07   4.06034700972668e-07   2.48622812598455e+01
   9.79988990000000e+07   4.06418030252098e-06   2.50624390851152e+01
   9.83989010000000e+07   2.00846898223972e-06   2.49783727985210e+01
   9.87989040000000e+07   1.97192798623291e-06   2.49543538594890e+01
   9.91989070000000e+07   2.80279124353910e-07   2.49543538594890e+01
   9.95989090000000e+07   1.00872500752303e-06   2.50103980505602e+01
   9.99989120000000e+07   4.07432298743515e-06   2.48702875728593e+01
   1.00398915000000e+08   1.36466064759588e-06   2.49943854245411e+01
   1.00798917000000e+08   1.62654441737686e-06   2.49103191379245e+01
   1.01198920000000e+08   4.79219124827068e-07   2.51024706501504e+01
   1.01598922000000e+08   1.88465230621659e-06   2.50063948940555e+01
   1.01998925000000e+08   3.90928516935674e-06   2.51985464062093e+01
   1.02398928000000e+08   7.76072397457028e-07   2.49783727985210e+01
   1.02798930000000e+08   1.52310087742080e-06   2.50344169895869e+01
   1.03198933000000e+08   7.81766686941410e-07   2.50304138330826e+01
   1.03598935000000e+08   2.58355566984392e-06   2.49823759550261e+01
   1.03998938000000e+08   3.47141076417756e-06   2.49183254509368e+01
   1.04398941000000e+08   4.18585841543972e-07   2.50023917375508e+01
   1.04798943000000e+08   1.59223077389470e-06   2.51064738066536e+01
   1.05198946000000e+08   1.22335188734723e-06   2.50384201460911e+01
   1.48848940000000e+08  -4.16569970548153e-03   2.48943065118992e+01
   1.49248943000000e+08   2.58242096151662e-07   2.50144012070648e+01
   1.49648945000000e+08   9.78326852418832e-07   2.51785306237000e+01
   1.50048948000000e+08   1.67630491887394e-06   2.49343380769607e+01
   1.50448950000000e+08   3.03993101624656e-06   2.46861423734780e+01
   1.50848953000000e+08   2.55573399954301e-06   2.48863001988861e+01
   1.51248956000000e+08   1.68125808386321e-07   2.48662844163524e+01
   1.51648958000000e+08   1.67158293606917e-06   2.49063159814183e+01
   1.52048961000000e+08   2.33680748351617e-06   2.51505085281844e+01
   1.52448963000000e+08   3.03081264974026e-06   2.49183254509368e+01
   1.52848966000000e+08   2.02624505618587e-06   2.52465842842254e+01
   1.53248969000000e+08   2.45242233631870e-07   2.49943854245411e+01
   1.53648971000000e+08   2.28093722398626e-06   2.49223286074429e+01
   1.54048974000000e+08   2.61123250311357e-06   2.51064738066536e+01
   1.54448976000000e+08   2.79563732874522e-06   2.49943854245411e+01
   1.54848979000000e+08   1.45098465509363e-06   2.52585937537280e+01
   1.55248982000000e+08   5.45016973774182e-07   2.50264106765782e+01
   1.55648984000000e+08   2.72690567726386e-06   2.52265685017198e+01
   1.56048987000000e+08   2.65636936092051e-06   2.50704453981228e+01
   1.56448989000000e+08   2.33640412261593e-06   2.50784517111300e+01
   1.56848992000000e+08   1.02375520327769e-06   2.50784517111300e+01
   1.57248995000000e+08   9.34519619022467e-07   2.49943854245411e+01
   1.57648997000000e+08   3.05138905787317e-06   2.50744485546264e+01
   1.58049000000000e+08   2.32336628869234e-06   2.49223286074429e+01
   1.58449002000000e+08   1.78591596977640e-06   2.48742907293661e+01
   1.93420626000000e+08   2.34211282804608e-03   2.50384201460911e+01
   1.93820628000000e+08   5.52672304365842e-07   2.49063159814183e+01
   1.94220631000000e+08  -4.69665650371098e-07   2.49983885810460e+01
   1.94620633000000e+08   3.18882030114764e-06   2.50103980505602e+01
   1.95020636000000e+08   3.97100984628196e-06   2.49783727985210e+01
   1.95420639000000e+08   1.73745399933978e-06   2.49943854245411e+01
   1.95820641000000e+08   1.41444431278615e-07   2.49863791115312e+01
   1.96220644000000e+08   5.30917930063879e-07   2.49303349204548e+01
   1.96620647000000e+08   3.92894071410410e-06   2.49423443899722e+01
   1.97020649000000e+08   3.49974538949027e-06   2.50264106765782e+01
   1.97420652000000e+08   1.15132672817708e-06   2.49543538594890e+01
   1.97820654000000e+08   6.07347033110273e-07   2.49583570159945e+01
   1.98220657000000e+08   1.74963452082011e-06   2.49343380769607e+01
   1.98620660000000e+08   4.34386083725258e-06   2.49863791115312e+01
   1.99020662000000e+08   2.33254627346469e-06   2.50344169895869e+01
   1.99420665000000e+08   3.58844687298188e-07   2.50984674936472e+01
   1.99820667000000e+08   6.98207486493629e-07   2.50264106765782e+01
   2.00220670000000e+08   2.13464772969019e-06   2.49383412334665e+01
   2.00620673000000e+08   4.00657972932095e-06   2.49703664855106e+01
   2.01020675000000e+08   1.51151778027270e-06   2.48863001988861e+01
   2.01420678000000e+08   3.21347926046656e-07   2.50304138330826e+01
   2.01820680000000e+08   1.53754399434547e-06   2.50184043635693e+01
   2.02220683000000e+08   2.91394394480449e-06   2.49623601725000e+01
   2.02620686000000e+08   3.57121712113440e-06   2.51745274671980e+01
   2.03020688000000e+08   5.42783425316884e-07   2.50984674936472e+01
