   4.00003000000000e+05   1.84112775514222e-06   2.50184043635693e+01
   8.00005000000000e+05   1.78185064214631e-06   2.50224075200738e+01
   1.20000800000000e+06   1.81543146027252e-06   2.50984674936472e+01
   1.60001000000000e+06   2.09217591873312e-06   2.49943854245411e+01
   2.00001300000000e+06   1.98226121028711e-06   2.50264106765782e+01
   2.40001500000000e+06   2.10314215109975e-06   2.50504296156035e+01
   2.80001800000000e+06   2.13265843740373e-06   2.50704453981228e+01
   3.20002100000000e+06   2.04122784452920e-06   2.50944643371439e+01
   3.60002300000000e+06   2.13008706850815e-06   2.50224075200738e+01
   4.00002600000000e+06   1.61991101776948e-06   2.51104769631567e+01
   4.40002800000000e+06   1.67265579875675e-06   2.51465053716819e+01
   4.80003100000000e+06   1.74744297964935e-06   2.49943854245411e+01
   5.20003400000000e+06   1.64980053796171e-06   2.50704453981228e+01
   5.60003600000000e+06   1.85291207799310e-06   2.50544327721075e+01
   6.00003900000000e+06   1.89786021564942e-06   2.50224075200738e+01
   6.40004100000000e+06   1.90118237242132e-06   2.50624390851152e+01
   6.80004400000000e+06   2.11759129342681e-06   2.50544327721075e+01
   7.20004700000000e+06   1.82911628598958e-06   2.50344169895869e+01
   7.60004900000000e+06   2.13770863410900e-06   2.49823759550261e+01
   8.00005200000000e+06   2.15611112253100e-06   2.50664422416190e+01
   8.40005400000000e+06   2.15999239117082e-06   2.49903822680362e+01
   8.80005700000000e+06   2.20317019739014e-06   2.50144012070648e+01
   9.20005900000000e+06   2.12249801734288e-06   2.50184043635693e+01
   9.60006200000000e+06   2.09396193895373e-06   2.49943854245411e+01
   4.22289680000000e+07   2.38772528246045e-03   2.49423443899722e+01
   4.26289710000000e+07   3.54925600731804e-06   2.49743696420159e+01
   4.30289730000000e+07   2.34313120017760e-06   2.50224075200738e+01
   4.34289760000000e+07   2.76798232334841e-06   2.49823759550261e+01
   4.38289780000000e+07   1.81843131485948e-06   2.49783727985210e+01
   4.42289810000000e+07   1.04162870684377e-06   2.50704453981228e+01
   4.46289840000000e+07   2.76406285593112e-06   2.49503507029835e+01
   4.50289860000000e+07   1.88938793144189e-06   2.50224075200738e+01
   4.54289890000000e+07   2.11616656997649e-06   2.50144012070648e+01
   4.58289910000000e+07   1.46345155371819e-06   2.51104769631567e+01
   4.62289940000000e+07   5.43158535037946e-07   2.50704453981228e+01
   4.66289970000000e+07   2.54149449574470e-06   2.50224075200738e+01
   4.70289990000000e+07   1.44882517361111e-06   2.49903822680362e+01
   4.74290020000000e+07   1.77509411969368e-06   2.49943854245411e+01
   4.78290040000000e+07   1.23931431517121e-06   2.50224075200738e+01
   4.82290070000000e+07   5.91702473684563e-07   2.49263317639489e+01
   4.86290090000000e+07   2.18517220673675e-06   2.49983885810460e+01
   4.90290120000000e+07   1.28165549995174e-06   2.50944643371439e+01
   4.94290150000000e+07   1.60432216489426e-06   2.50144012070648e+01
   4.98290170000000e+07   1.66680922575324e-06   2.50944643371439e+01
   5.02290200000000e+07   1.13196074380539e-06   2.51344959021740e+01
   5.06290220000000e+07   2.63888159679482e-06   2.49583570159945e+01
   5.10290250000000e+07   1.97580288840982e-06   2.50344169895869e+01
   5.14290280000000e+07   2.09539803108783e-06   2.49863791115312e+01
   5.18290300000000e+07   1.88179615179251e-06   2.49943854245411e+01
   9.55358970000000e+07  -4.27439901977777e-03   2.50544327721075e+01
   9.59358990000000e+07   1.68190183558181e-06   2.50984674936472e+01
   9.63359020000000e+07   3.73982697965403e-06   2.50784517111300e+01
   9.67359040000000e+07   3.09301594825229e-06   2.50103980505602e+01
   9.71359070000000e+07   9.63811885412724e-07   2.50023917375508e+01
   9.75359100000000e+07   1.90176967862499e-06   2.50184043635693e+01
   9.79359120000000e+07   1.33205082875065e-06   2.50304138330826e+01
   9.83359150000000e+07   2.83276199297688e-06   2.51264895891685e+01
   9.87359170000000e+07   2.46796639657987e-06   2.49703664855106e+01
   9.91359200000000e+07   2.58413223264142e-07   2.51425022151793e+01
   9.95359230000000e+07   1.49179732034099e-06   2.50864580241371e+01
   9.99359250000000e+07   1.13333635454183e-06   2.51224864326656e+01
   1.00335928000000e+08   2.83107669929450e-06   2.49703664855106e+01
   1.00735930000000e+08   2.36383971241594e-06   2.49863791115312e+01
   1.01135933000000e+08   4.55828256917812e-07   2.49743696420159e+01
   1.01535935000000e+08   1.39964890877309e-06   2.50664422416190e+01
   1.01935938000000e+08   1.30110674945172e-06   2.51465053716819e+01
   1.02335941000000e+08   2.73294426733628e-06   2.49623601725000e+01
   1.02735943000000e+08   2.39921018874156e-06   2.50384201460911e+01
   1.03135946000000e+08   4.90188654111989e-07   2.51545116846868e+01
   1.03535948000000e+08   1.66486654507025e-06   2.51304927456713e+01
   1.03935951000000e+08   1.26255486065929e-06   2.51184832761627e+01
   1.04335954000000e+08   2.71027806775237e-06   2.50504296156035e+01
   1.04735956000000e+08   2.32350726037112e-06   2.50184043635693e+01
   1.05135959000000e+08   7.06161074504053e-07   2.51184832761627e+01
   1.48548964000000e+08   4.67430008575320e-03   2.49783727985210e+01
   1.48948967000000e+08   2.38595021073706e-06   2.50184043635693e+01
   1.49348969000000e+08   1.24172993309912e-06   2.50464264590994e+01
   1.49748972000000e+08   2.43617478190572e-06   2.50103980505602e+01
   1.50148975000000e+08   1.30207479287492e-06   2.49623601725000e+01
   1.50548977000000e+08   2.05107835427043e-06   2.49703664855106e+01
   1.50948980000000e+08   1.82740245691093e-06   2.49943854245411e+01
   1.51348982000000e+08   9.15257658107294e-07   2.49783727985210e+01
   1.51748985000000e+08   2.14075339499686e-06   2.50304138330826e+01
   1.52148987000000e+08   9.72236762208922e-07   2.46421076518670e+01
   1.52548990000000e+08   1.95488132703758e-06   2.41297036180085e+01
   1.52948993000000e+08   1.89042646070448e-06   2.57309662203899e+01
   1.53348995000000e+08   8.06574291800644e-07   2.45300192695499e+01
   1.53748998000000e+08   2.26216593546269e-06   2.52545905972272e+01
   1.54149000000000e+08   1.44974592330982e-06   2.49943854245411e+01
   1.54549003000000e+08   2.43595900428772e-06   2.49623601725000e+01
   1.54949006000000e+08   2.19134176404623e-06   2.48662844163524e+01
   1.55349008000000e+08   1.18929688142089e-06   2.49223286074429e+01
   1.55749011000000e+08   2.31259173233411e-06   2.50384201460911e+01
   1.56149013000000e+08   1.44121497669403e-06   2.49623601725000e+01
   1.56549016000000e+08   2.18410036723071e-06   2.50424233025953e+01
   1.56949019000000e+08   2.03119839170540e-06   2.49263317639489e+01
   1.57349021000000e+08   1.23803977203352e-06   2.50023917375508e+01
   1.57749024000000e+08   2.26055431085115e-06   2.51985464062093e+01
   1.58149026000000e+08   1.25986696275504e-06   2.48182465382651e+01
   1.93184863000000e+08  -2.07384978421032e-03   2.50624390851152e+01
   1.93584865000000e+08   2.84959378404892e-06   2.50464264590994e+01
   1.93984868000000e+08   1.18555851713609e-06   2.50264106765782e+01
   1.94384871000000e+08   2.83753820440324e-06   2.49223286074429e+01
   1.94784873000000e+08   1.47717992149410e-06   2.50264106765782e+01
   1.95184876000000e+08   2.63620836449263e-06   2.50264106765782e+01
   1.95584878000000e+08   2.74896592600271e-06   2.50384201460911e+01
   1.95984881000000e+08   4.20004653278738e-07   2.50584359286114e+01
   1.96384883000000e+08   1.96485530068458e-06   2.50824548676336e+01
   1.96784886000000e+08   5.59074521788716e-07   2.50344169895869e+01
   1.97184889000000e+08   1.66062511652854e-06   2.50744485546264e+01
   1.97584891000000e+08   1.94431254385563e-06   2.50023917375508e+01
   1.97984894000000e+08   1.71649475078084e-07   2.51304927456713e+01
   1.98384896000000e+08   1.53830058025051e-06   2.50464264590994e+01
   1.98784899000000e+08   3.26178309251191e-07   2.49943854245411e+01
   1.99184902000000e+08   1.33711182570551e-06   2.50103980505602e+01
   1.99584904000000e+08   1.77187155259162e-06   2.49703664855106e+01
   1.99984907000000e+08   6.87477324845531e-07   2.50144012070648e+01
   2.00384909000000e+08   1.98061593437160e-06   2.50103980505602e+01
   2.00784912000000e+08   9.01442433587363e-07   2.49503507029835e+01
   2.01184915000000e+08   1.76344497049286e-06   2.50023917375508e+01
   2.01584917000000e+08   2.13547878047393e-06   2.49823759550261e+01
   2.01984920000000e+08   6.48929926683195e-07   2.50344169895869e+01
   2.02384922000000e+08   2.01619786821539e-06   2.49303349204548e+01
   2.02784925000000e+08   8.26588006930251e-07   2.49503507029835e+01
