   4.00003000000000e+05   1.80830784302088e-06   2.50464264590994e+01
   8.00006000000000e+05   1.84239115696982e-06   2.50384201460911e+01
   1.20000800000000e+06   1.85291730758763e-06   2.50304138330826e+01
   1.60001100000000e+06   1.78967263764207e-06   2.50504296156035e+01
   2.00001300000000e+06   1.84203565822827e-06   2.49823759550261e+01
   2.40001600000000e+06   1.86727061191050e-06   2.49663633290053e+01
   2.80001900000000e+06   1.71155113548593e-06   2.49263317639489e+01
   3.20002100000000e+06   1.86190356998850e-06   2.50224075200738e+01
   3.60002400000000e+06   1.81017048817012e-06   2.49863791115312e+01
   4.00002600000000e+06   1.82325015884999e-06   2.49863791115312e+01
   4.40002900000000e+06   1.84063310371130e-06   2.50784517111300e+01
   4.80003200000000e+06   1.96332962332235e-06   2.49303349204548e+01
   5.20003400000000e+06   2.04436878448178e-06   2.50704453981228e+01
   5.60003700000000e+06   1.89631043667760e-06   2.50264106765782e+01
   6.00003900000000e+06   1.99397391043021e-06   2.51104769631567e+01
   6.40004200000000e+06   2.17545152736420e-06   2.50264106765782e+01
   6.80004500000000e+06   2.31237208936363e-06   2.49623601725000e+01
   7.20004700000000e+06   2.32934326049872e-06   2.50224075200738e+01
   7.60005000000000e+06   2.32448155657039e-06   2.51064738066536e+01
   8.00005200000000e+06   2.37759741139598e-06   2.50144012070648e+01
   8.40005500000000e+06   2.14594774661236e-06   2.50384201460911e+01
   8.80005800000000e+06   1.96370501726051e-06   2.49263317639489e+01
   9.20006000000000e+06   2.04300727091322e-06   2.50304138330826e+01
   9.60006300000000e+06   1.94767267203133e-06   2.50424233025953e+01
   4.19945550000000e+07  -2.05211201682687e-03   2.50744485546264e+01
   4.23945580000000e+07   8.23320647214132e-07   2.50624390851152e+01
   4.27945610000000e+07   2.71818430519488e-06   2.50584359286114e+01
   4.31945630000000e+07   1.97865392692620e-06   2.50103980505602e+01
   4.35945660000000e+07   2.80351491710462e-06   2.50904611806405e+01
   4.39945680000000e+07   1.36792334615166e-06   2.50063948940555e+01
   4.43945710000000e+07   9.87080397862883e-07   2.50144012070648e+01
   4.47945740000000e+07   2.43068461713847e-06   2.49903822680362e+01
   4.51945760000000e+07   1.54155713971704e-06   2.50264106765782e+01
   4.55945790000000e+07   2.21943741962605e-06   2.50864580241371e+01
   4.59945810000000e+07   7.28805616745376e-07   2.50184043635693e+01
   4.63945840000000e+07   1.05041635833913e-06   2.49303349204548e+01
   4.67945870000000e+07   2.52698623626202e-06   2.49903822680362e+01
   4.71945890000000e+07   1.71103420143481e-06   2.49463475464779e+01
   4.75945920000000e+07   2.11766496249766e-06   2.50023917375508e+01
   4.79945940000000e+07   9.51995900777547e-07   2.50864580241371e+01
   4.83945970000000e+07   1.17040360692044e-06   2.50103980505602e+01
   4.87946000000000e+07   2.50562766268558e-06   2.50184043635693e+01
   4.91946020000000e+07   1.14984277388430e-06   2.50384201460911e+01
   4.95946050000000e+07   1.76757100689429e-06   2.49983885810460e+01
   4.99946070000000e+07   5.07308413943974e-07   2.51064738066536e+01
   5.03946100000000e+07   1.30595401515166e-06   2.51625179976914e+01
   5.07946130000000e+07   2.18547052099893e-06   2.50264106765782e+01
   5.11946150000000e+07   1.07114931324759e-06   2.50544327721075e+01
   5.15946180000000e+07   1.42298665650742e-06   2.50384201460911e+01
   9.52382550000000e+07   4.60774963721633e-03   2.50144012070648e+01
   9.56382580000000e+07   3.87283307645703e-06   2.50023917375508e+01
   9.60382600000000e+07   5.62055220143520e-07   2.50184043635693e+01
   9.64382630000000e+07   3.19456648867344e-06   2.51224864326656e+01
   9.68382660000000e+07   1.22680671665876e-06   2.50184043635693e+01
   9.72382680000000e+07   1.67768439496285e-06   2.50144012070648e+01
   9.76382710000000e+07   3.28631426782522e-06   2.50224075200738e+01
   9.80382730000000e+07   3.39021738682277e-07   2.49263317639489e+01
   9.84382760000000e+07   3.06254241877468e-06   2.50184043635693e+01
   9.88382790000000e+07   1.16942430850031e-06   2.49663633290053e+01
   9.92382810000000e+07   1.94657172869483e-06   2.49743696420159e+01
   9.96382840000000e+07   3.05002004097332e-06   2.50504296156035e+01
   1.00038286000000e+08   4.84786426113715e-07   2.51104769631567e+01
   1.00438289000000e+08   3.18977276947408e-06   2.50264106765782e+01
   1.00838292000000e+08   1.46479271734279e-06   2.50464264590994e+01
   1.01238294000000e+08   2.25459893954394e-06   2.49623601725000e+01
   1.01638297000000e+08   3.09986762658809e-06   2.50063948940555e+01
   1.02038299000000e+08   6.77016828376509e-07   2.51024706501504e+01
   1.02438302000000e+08   3.09495499095647e-06   2.50864580241371e+01
   1.02838305000000e+08   8.93310470928554e-07   2.51064738066536e+01
   1.03238307000000e+08   1.96783844330639e-06   2.49903822680362e+01
   1.03638310000000e+08   2.41042425841442e-06   2.51024706501504e+01
   1.04038313000000e+08   3.42573912348598e-07   2.49743696420159e+01
   1.04438315000000e+08   2.92682170766057e-06   2.50023917375508e+01
   1.04838318000000e+08   1.11602696506452e-06   2.50063948940555e+01
   1.48115262000000e+08  -4.21214941889048e-03   2.50224075200738e+01
   1.48515264000000e+08   2.55807117355289e-06   2.49583570159945e+01
   1.48915267000000e+08   2.51779920290574e-06   2.49943854245411e+01
   1.49315270000000e+08   2.26935912905901e-06   2.50944643371439e+01
   1.49715272000000e+08   7.54475195208215e-07   2.49823759550261e+01
   1.50115275000000e+08   1.45541127949400e-06   2.50504296156035e+01
   1.50515277000000e+08   2.82091536973894e-06   2.49823759550261e+01
   1.50915280000000e+08   2.54106794272957e-06   2.49983885810460e+01
   1.51315283000000e+08   1.92733659787336e-06   2.50464264590994e+01
   1.51715285000000e+08   8.14496218026761e-07   2.49503507029835e+01
   1.52115288000000e+08   1.91072922461899e-06   2.49823759550261e+01
   1.52515290000000e+08   2.69685870080139e-06   2.50224075200738e+01
   1.52915293000000e+08   1.92459788195265e-06   2.49823759550261e+01
   1.53315296000000e+08   1.52559084654058e-06   2.49823759550261e+01
   1.53715298000000e+08   8.28759084470221e-07   2.49783727985210e+01
   1.54115301000000e+08   1.91468438970332e-06   2.49903822680362e+01
   1.54515303000000e+08   2.52224617725005e-06   2.49463475464779e+01
   1.54915306000000e+08   2.02195633391966e-06   2.50264106765782e+01
   1.55315309000000e+08   1.54504675720091e-06   2.50103980505602e+01
   1.55715311000000e+08   9.62537569648703e-07   2.50023917375508e+01
   1.56115314000000e+08   2.16808621189557e-06   2.50063948940555e+01
   1.56515316000000e+08   2.67613881987927e-06   2.50544327721075e+01
   1.56915319000000e+08   1.85575868272281e-06   2.49343380769607e+01
   1.57315322000000e+08   1.46167724324187e-06   2.49383412334665e+01
   1.57715324000000e+08   1.35520895128138e-06   2.50504296156035e+01
   1.92649877000000e+08   2.36455001868308e-03   2.49383412334665e+01
   1.93049879000000e+08   3.15735360345570e-06   2.49263317639489e+01
   1.93449882000000e+08   1.10725821400592e-07   2.50304138330826e+01
   1.93849885000000e+08   3.37181836584932e-06   2.50304138330826e+01
   1.94249887000000e+08   2.13527164305560e-06   2.50023917375508e+01
   1.94649890000000e+08   1.48396020449582e-06   2.50864580241371e+01
   1.95049892000000e+08   2.80520521300787e-06   2.49583570159945e+01
   1.95449895000000e+08   2.36551386478823e-07   2.50624390851152e+01
   1.95849898000000e+08   3.35476647705946e-06   2.51585148411891e+01
   1.96249900000000e+08   1.76370417648286e-06   2.51425022151793e+01
   1.96649903000000e+08   1.44415957947786e-06   2.51184832761627e+01
   1.97049905000000e+08   2.60923002315394e-06   2.51585148411891e+01
   1.97449908000000e+08   3.68161806818534e-07   2.52065527192126e+01
   1.97849911000000e+08   3.33089019477484e-06   2.50904611806405e+01
   1.98249913000000e+08   1.62128708325326e-06   2.50784517111300e+01
   1.98649916000000e+08   1.49777713431831e-06   2.50624390851152e+01
   1.99049918000000e+08   2.51872393164376e-06   2.50624390851152e+01
   1.99449921000000e+08   5.15389956490253e-07   2.50144012070648e+01
   1.99849924000000e+08   3.48932098859223e-06   2.49463475464779e+01
   2.00249926000000e+08   1.36906146508409e-06   2.49783727985210e+01
   2.00649929000000e+08   1.57842259795871e-06   2.50304138330826e+01
   2.01049931000000e+08   2.33519085668377e-06   2.50304138330826e+01
   2.01449934000000e+08   7.78609660301299e-07   2.50103980505602e+01
   2.01849937000000e+08   3.27287148138566e-06   2.49583570159945e+01
   2.02249939000000e+08   1.22814390124404e-06   2.49063159814183e+01
