   4.00002000000000e+05   2.06686831916159e-06   2.49943854245411e+01
   8.00005000000000e+05   2.07130710805359e-06   2.49583570159945e+01
   1.20000800000000e+06   1.96037649402570e-06   2.50504296156035e+01
   1.60001000000000e+06   2.36818345911161e-06   2.50344169895869e+01
   2.00001300000000e+06   1.90610728623142e-06   2.49863791115312e+01
   2.40001500000000e+06   2.18201239476912e-06   2.50544327721075e+01
   2.80001800000000e+06   1.89846366538404e-06   2.50504296156035e+01
   3.20002100000000e+06   1.63493859872688e-06   2.49703664855106e+01
   3.60002300000000e+06   2.06719505513320e-06   2.50384201460911e+01
   4.00002600000000e+06   1.55059160533710e-06   2.49743696420159e+01
   4.40002800000000e+06   1.98657426153659e-06   2.50184043635693e+01
   4.80003100000000e+06   2.11618407774949e-06   2.50704453981228e+01
   5.20003400000000e+06   1.90491448393004e-06   2.49303349204548e+01
   5.60003600000000e+06   2.45564501710760e-06   2.50063948940555e+01
   6.00003900000000e+06   1.86472459517972e-06   2.49823759550261e+01
   6.40004100000000e+06   2.30103250942193e-06   2.50224075200738e+01
   6.80004400000000e+06   2.34866411119583e-06   2.50944643371439e+01
   7.20004700000000e+06   2.22949984163279e-06   2.50544327721075e+01
   7.60004900000000e+06   2.64808159045060e-06   2.50184043635693e+01
   8.00005200000000e+06   2.13585508390679e-06   2.50664422416190e+01
   8.40005400000000e+06   2.41819361690432e-06   2.50264106765782e+01
   8.80005700000000e+06   2.09322297450854e-06   2.50224075200738e+01
   9.20006000000000e+06   1.69313318565401e-06   2.50304138330826e+01
   9.60006200000000e+06   2.19219418795547e-06   2.50304138330826e+01
   4.21930600000000e+07   2.38438765518367e-03   2.50464264590994e+01
   4.25930630000000e+07   2.18887225855724e-06   2.49823759550261e+01
   4.29930650000000e+07   7.65277206937753e-07   2.50624390851152e+01
   4.33930680000000e+07   1.81377117769443e-06   2.50584359286114e+01
   4.37930700000000e+07   7.88566467235796e-07   2.50784517111300e+01
   4.41930730000000e+07   4.72239946702757e-07   2.50664422416190e+01
   4.45930760000000e+07   2.05557444132864e-06   2.51785306237000e+01
   4.49930780000000e+07   7.07481717654446e-07   2.49943854245411e+01
   4.53930810000000e+07   1.60412162131252e-06   2.50264106765782e+01
   4.57930830000000e+07   5.89647243032232e-07   2.50624390851152e+01
   4.61930860000000e+07   4.13963675782725e-07   2.49823759550261e+01
   4.65930890000000e+07   2.14388273889199e-06   2.50624390851152e+01
   4.69930910000000e+07   1.15123998511990e-06   2.50544327721075e+01
   4.73930940000000e+07   1.98983298105304e-06   2.50063948940555e+01
   4.77930960000000e+07   1.14491467684275e-06   2.50584359286114e+01
   4.81930990000000e+07   9.60058628152183e-07   2.50624390851152e+01
   4.85931020000000e+07   2.45328669734590e-06   2.50464264590994e+01
   4.89931040000000e+07   1.49023696849326e-06   2.50063948940555e+01
   4.93931070000000e+07   2.35376705859380e-06   2.49903822680362e+01
   4.97931090000000e+07   1.52939401232288e-06   2.50744485546264e+01
   5.01931120000000e+07   1.29813190596906e-06   2.50384201460911e+01
   5.05931150000000e+07   2.37994845520006e-06   2.50184043635693e+01
   5.09931170000000e+07   1.12427858312003e-06   2.50344169895869e+01
   5.13931200000000e+07   1.90272169220407e-06   2.50063948940555e+01
   5.17931220000000e+07   1.08772269413748e-06   2.50224075200738e+01
   9.53618870000000e+07  -4.26884880289435e-03   2.49263317639489e+01
   9.57618900000000e+07   1.87334890711099e-07   2.48702875728593e+01
   9.61618920000000e+07   2.07793391382438e-06   2.49863791115312e+01
   9.65618950000000e+07   8.41307382870582e-07   2.50304138330826e+01
   9.69618970000000e+07   2.09409063245403e-06   2.51024706501504e+01
   9.73619000000000e+07   1.54102008309565e-06   2.49143222944307e+01
   9.77619030000000e+07  -3.71829031564630e-07   2.49423443899722e+01
   9.81619050000000e+07   1.50916923757904e-06   2.48582781033385e+01
   9.85619080000000e+07   5.64480160392122e-07   2.49863791115312e+01
   9.89619100000000e+07   2.24113978219975e-06   2.49863791115312e+01
   9.93619130000000e+07   1.86356260201137e-06   2.50023917375508e+01
   9.97619160000000e+07   5.68957574387241e-08   2.49703664855106e+01
   1.00161918000000e+08   1.74727961166354e-06   2.50424233025953e+01
   1.00561921000000e+08   9.51560537032492e-07   2.49023128249120e+01
   1.00961923000000e+08   2.70720124717627e-06   2.50344169895869e+01
   1.01361926000000e+08   2.27697296395490e-06   2.49463475464779e+01
   1.01761929000000e+08   5.69377561987494e-07   2.49743696420159e+01
   1.02161931000000e+08   2.19250250665937e-06   2.49423443899722e+01
   1.02561934000000e+08   1.52111192619486e-06   2.50584359286114e+01
   1.02961936000000e+08   3.00214014714584e-06   2.50384201460911e+01
   1.03361939000000e+08   2.72979787041550e-06   2.49463475464779e+01
   1.03761942000000e+08   1.09555105609616e-06   2.49903822680362e+01
   1.04161944000000e+08   2.55410236604803e-06   2.49383412334665e+01
   1.04561947000000e+08   1.63618040005531e-06   2.49863791115312e+01
   1.04961949000000e+08   2.91637275040557e-06   2.49063159814183e+01
   1.48602949000000e+08   4.67594945803285e-03   2.51144801196597e+01
   1.49002952000000e+08   2.78487436844443e-06   2.50624390851152e+01
   1.49402954000000e+08   2.10036000680702e-06   2.50464264590994e+01
   1.49802957000000e+08   2.49930235440843e-06   2.50304138330826e+01
   1.50202960000000e+08   3.95347797166323e-06   2.50824548676336e+01
   1.50602962000000e+08   1.33212381570047e-06   2.50344169895869e+01
   1.51002965000000e+08   2.67551558863488e-06   2.50023917375508e+01
   1.51402967000000e+08   1.85463170510047e-06   2.51024706501504e+01
   1.51802970000000e+08   2.31674584938446e-06   2.50184043635693e+01
   1.52202973000000e+08   3.71927467313071e-06   2.50544327721075e+01
   1.52602975000000e+08   1.39465930715232e-06   2.49383412334665e+01
   1.53002978000000e+08   2.69338283942488e-06   2.50264106765782e+01
   1.53402980000000e+08   1.96013547792973e-06   2.49703664855106e+01
   1.53802983000000e+08   2.40782651417248e-06   2.49023128249120e+01
   1.54202986000000e+08   3.67017219105037e-06   2.50184043635693e+01
   1.54602988000000e+08   1.43074430525303e-06   2.50063948940555e+01
   1.55002991000000e+08   2.64151913142996e-06   2.50304138330826e+01
   1.55402993000000e+08   1.89920274351607e-06   2.50424233025953e+01
   1.55802996000000e+08   2.33577361541393e-06   2.50344169895869e+01
   1.56202999000000e+08   3.53044424628024e-06   2.49503507029835e+01
   1.56603001000000e+08   1.56281407726055e-06   2.50304138330826e+01
   1.57003004000000e+08   2.80788412965194e-06   2.50824548676336e+01
   1.57403006000000e+08   2.14633951145515e-06   2.50784517111300e+01
   1.57803009000000e+08   2.46516560764576e-06   2.50784517111300e+01
   1.58203012000000e+08   3.67957886737713e-06   2.50304138330826e+01
   1.93143581000000e+08  -2.09107529371977e-03   2.49823759550261e+01
   1.93543584000000e+08   1.96953374143050e-06   2.49703664855106e+01
   1.93943586000000e+08   1.77802883172262e-06   2.50464264590994e+01
   1.94343589000000e+08   1.68956023571809e-06   2.50464264590994e+01
   1.94743592000000e+08   1.33006267333258e-06   2.50864580241371e+01
   1.95143594000000e+08   1.97418694369844e-06   2.50023917375508e+01
   1.95543597000000e+08   1.67560631325614e-06   2.50184043635693e+01
   1.95943599000000e+08   1.44726232065295e-06   2.49903822680362e+01
   1.96343602000000e+08   1.43337672398047e-06   2.50224075200738e+01
   1.96743605000000e+08   1.07511789337877e-06   2.49263317639489e+01
   1.97143607000000e+08   1.58759371515771e-06   2.49983885810460e+01
   1.97543610000000e+08   1.38789778247883e-06   2.49503507029835e+01
   1.97943612000000e+08   1.23131758300588e-06   2.50504296156035e+01
   1.98343615000000e+08   1.17624290396634e-06   2.50464264590994e+01
   1.98743618000000e+08   1.48944388911332e-06   2.50304138330826e+01
   1.99143620000000e+08   2.33689092965506e-06   2.50464264590994e+01
   1.99543623000000e+08   2.20898073166609e-06   2.50864580241371e+01
   1.99943625000000e+08   1.98975772036647e-06   2.50103980505602e+01
   2.00343628000000e+08   1.92029233403446e-06   2.50184043635693e+01
   2.00743631000000e+08   1.98395036932197e-06   2.50824548676336e+01
   2.01143633000000e+08   2.65738049165520e-06   2.50023917375508e+01
   2.01543636000000e+08   2.57522151514422e-06   2.50984674936472e+01
   2.01943638000000e+08   2.26448128159973e-06   2.49983885810460e+01
   2.02343641000000e+08   2.30422642744088e-06   2.50103980505602e+01
   2.02743644000000e+08   1.72794557329325e-06   2.50584359286114e+01
