   4.00003000000000e+05   1.97431540982507e-06   2.50984674936472e+01
   8.00005000000000e+05   2.00666841010388e-06   2.51585148411891e+01
   1.20000800000000e+06   1.83927340913215e-06   2.51344959021740e+01
   1.60001000000000e+06   2.05940023079165e-06   2.50464264590994e+01
   2.00001300000000e+06   1.75140326064138e-06   2.51064738066536e+01
   2.40001600000000e+06   1.87012119567953e-06   2.51264895891685e+01
   2.80001800000000e+06   1.80527536031150e-06   2.50864580241371e+01
   3.20002100000000e+06   1.74472768321721e-06   2.50584359286114e+01
   3.60002300000000e+06   1.92793913811329e-06   2.49983885810460e+01
   4.00002600000000e+06   1.65275662311615e-06   2.49983885810460e+01
   4.40002900000000e+06   1.78651350779546e-06   2.49703664855106e+01
   4.80003100000000e+06   1.67087398494914e-06   2.50304138330826e+01
   5.20003400000000e+06   1.75233776644745e-06   2.49823759550261e+01
   5.60003600000000e+06   1.72047703017597e-06   2.49703664855106e+01
   6.00003900000000e+06   1.76523792561056e-06   2.50224075200738e+01
   6.40004200000000e+06   2.00567251340544e-06   2.49783727985210e+01
   6.80004400000000e+06   1.93478695109661e-06   2.49663633290053e+01
   7.20004700000000e+06   1.89474224043806e-06   2.49343380769607e+01
   7.60004900000000e+06   2.01876969185832e-06   2.50264106765782e+01
   8.00005200000000e+06   1.80645031377935e-06   2.50584359286114e+01
   8.40005500000000e+06   1.99943201550923e-06   2.49863791115312e+01
   8.80005700000000e+06   1.76232424564660e-06   2.49983885810460e+01
   9.20006000000000e+06   1.94355925486889e-06   2.50744485546264e+01
   9.60006200000000e+06   1.85157125542901e-06   2.50304138330826e+01
   4.25905890000000e+07   1.55937726958655e-04   2.49183254509368e+01
   4.29905920000000e+07   1.91581625585968e-06   2.49583570159945e+01
   4.33905940000000e+07   1.87692455710931e-06   2.48302560077878e+01
   4.37905970000000e+07   1.84551333859417e-06   2.48422654773099e+01
   4.41905990000000e+07   1.83297231615143e-06   2.49903822680362e+01
   4.45906020000000e+07   1.56151816099737e-06   2.48422654773099e+01
   4.49906050000000e+07   1.90038463188102e-06   2.50464264590994e+01
   4.53906070000000e+07   1.64123537160776e-06   2.49303349204548e+01
   4.57906100000000e+07   1.72990155533626e-06   2.47902244427099e+01
   4.61906120000000e+07   1.80022868789820e-06   2.51264895891685e+01
   4.65906150000000e+07   1.71308863627928e-06   2.47261739385723e+01
   4.69906180000000e+07   1.83375186679768e-06   2.52345748147222e+01
   4.73906200000000e+07   1.74354511273123e-06   2.50023917375508e+01
   4.77906230000000e+07   1.76212165570178e-06   2.51745274671980e+01
   4.81906250000000e+07   1.71756016698055e-06   2.44059214176405e+01
   4.85906280000000e+07   1.55839029503113e-06   2.55027863001602e+01
   4.89906310000000e+07   1.74313879597321e-06   2.50944643371439e+01
   4.93906330000000e+07   1.64783614309272e-06   2.53346537272316e+01
   4.97906360000000e+07   1.70898647411377e-06   2.47702086601686e+01
   5.01906380000000e+07   1.74275976405625e-06   2.50984674936472e+01
   5.05906410000000e+07   1.81034977231320e-06   2.45700508346689e+01
   5.09906440000000e+07   1.82381620561500e-06   2.41737383397095e+01
   5.13906460000000e+07   1.76581102095952e-06   2.48662844163524e+01
   5.17906490000000e+07   1.75156071691163e-06   2.52065527192126e+01
   5.21906510000000e+07   1.83710187684483e-06   2.54787673611771e+01
   9.56272970000000e+07   1.89450176549144e-04   2.51064738066536e+01
   9.60273000000000e+07   1.92344032257097e-06   2.52265685017198e+01
   9.64273030000000e+07   1.63985794188193e-06   2.51184832761627e+01
   9.68273050000000e+07   1.92131278708985e-06   2.51905400932058e+01
   9.72273080000000e+07   1.71228509771026e-06   2.52145590322157e+01
   9.76273100000000e+07   1.82283781668957e-06   2.51144801196597e+01
   9.80273130000000e+07   1.71226577094785e-06   2.54267263267060e+01
   9.84273160000000e+07   1.63066385994171e-06   2.49383412334665e+01
   9.88273180000000e+07   1.70409180100251e-06   2.49583570159945e+01
   9.92273210000000e+07   1.65291385201272e-06   2.48903033553927e+01
   9.96273230000000e+07   1.68415272128186e-06   2.48462686338171e+01
   1.00027326000000e+08   1.79395601662691e-06   2.50544327721075e+01
   1.00427329000000e+08   1.47692890095641e-06   2.49103191379245e+01
   1.00827331000000e+08   1.85718215561792e-06   2.52906190057322e+01
   1.01227334000000e+08   1.59276078193216e-06   2.49183254509368e+01
   1.01627336000000e+08   1.68844997006090e-06   2.49543538594890e+01
   1.02027339000000e+08   1.64258665336092e-06   2.51585148411891e+01
   1.02427342000000e+08   1.64864741236670e-06   2.46861423734780e+01
   1.02827344000000e+08   1.88006231383042e-06   2.49583570159945e+01
   1.03227347000000e+08   1.61070340709557e-06   2.54867736741717e+01
   1.03627350000000e+08   1.72752186244907e-06   2.50264106765782e+01
   1.04027352000000e+08   1.75133004631789e-06   2.49223286074429e+01
   1.04427355000000e+08   1.57675572154403e-06   2.49223286074429e+01
   1.04827357000000e+08   1.81736425020063e-06   2.48502717903243e+01
   1.05227360000000e+08   1.54283168285474e-06   2.49383412334665e+01
   1.48948809000000e+08   2.10800266359001e-04   2.49463475464779e+01
   1.49348812000000e+08   2.02692967832263e-06   2.49663633290053e+01
   1.49748814000000e+08   1.50569405832357e-06   2.48903033553927e+01
   1.50148817000000e+08   1.80445431396947e-06   2.49383412334665e+01
   1.50548819000000e+08   1.91898084267450e-06   2.49863791115312e+01
   1.50948822000000e+08   1.42111093737185e-06   2.49623601725000e+01
   1.51348825000000e+08   2.07772268367989e-06   2.49903822680362e+01
   1.51748827000000e+08   1.55446127791947e-06   2.50464264590994e+01
   1.52148830000000e+08   1.74592912571825e-06   2.50304138330826e+01
   1.52548832000000e+08   1.91148888006865e-06   2.49703664855106e+01
   1.52948835000000e+08   1.42640863032284e-06   2.50704453981228e+01
   1.53348838000000e+08   2.07401308216504e-06   2.50544327721075e+01
   1.53748840000000e+08   1.44747241392906e-06   2.50264106765782e+01
   1.54148843000000e+08   1.97168765225797e-06   2.50424233025953e+01
   1.54548845000000e+08   2.01837679014716e-06   2.50184043635693e+01
   1.54948848000000e+08   1.62757942234748e-06   2.50544327721075e+01
   1.55348851000000e+08   2.21932305066730e-06   2.50904611806405e+01
   1.55748853000000e+08   1.72563329670083e-06   2.49903822680362e+01
   1.56148856000000e+08   2.07672201213427e-06   2.51144801196597e+01
   1.56548858000000e+08   2.06355139198422e-06   2.51224864326656e+01
   1.56948861000000e+08   1.80710287622787e-06   2.51144801196597e+01
   1.57348864000000e+08   2.31134595196636e-06   2.50264106765782e+01
   1.57748866000000e+08   1.66936513323890e-06   2.50584359286114e+01
   1.58148869000000e+08   2.06510731004528e-06   2.50184043635693e+01
   1.58548871000000e+08   1.95643247025146e-06   2.50144012070648e+01
   1.93118564000000e+08   1.53325250721537e-04   2.50904611806405e+01
   1.93518567000000e+08   1.81364316631516e-06   2.49903822680362e+01
   1.93918570000000e+08   1.56132193751546e-06   2.50944643371439e+01
   1.94318572000000e+08   2.03611216420541e-06   2.50144012070648e+01
   1.94718575000000e+08   1.82658527592139e-06   2.52065527192126e+01
   1.95118577000000e+08   1.77437527781876e-06   2.52225653452185e+01
   1.95518580000000e+08   2.01426246349001e-06   2.50103980505602e+01
   1.95918583000000e+08   1.76329513124074e-06   2.51665211541937e+01
   1.96318585000000e+08   1.87947284757684e-06   2.51425022151793e+01
   1.96718588000000e+08   1.72087732153159e-06   2.49863791115312e+01
   1.97118590000000e+08   1.77929155142920e-06   2.48943065118992e+01
   1.97518593000000e+08   1.93882760868291e-06   2.49143222944307e+01
   1.97918595000000e+08   1.58203397404577e-06   2.49783727985210e+01
   1.98318598000000e+08   1.98417069441348e-06   2.49463475464779e+01
   1.98718601000000e+08   1.76346475200262e-06   2.50944643371439e+01
   1.99118603000000e+08   1.85699798294081e-06   2.49343380769607e+01
   1.99518606000000e+08   1.91307753993897e-06   2.49223286074429e+01
   1.99918608000000e+08   1.73811940840096e-06   2.45580413651338e+01
   2.00318611000000e+08   1.98809766516206e-06   2.51064738066536e+01
   2.00718614000000e+08   1.82618714461569e-06   2.49303349204548e+01
   2.01118616000000e+08   1.83255917818315e-06   2.48422654773099e+01
   2.01518619000000e+08   1.99941041501006e-06   2.48102402252496e+01
   2.01918621000000e+08   1.74160993537953e-06   2.49903822680362e+01
   2.02318624000000e+08   2.07520952244522e-06   2.50664422416190e+01
   2.02718627000000e+08   1.83263045983040e-06   2.47341802515904e+01
