   4.00003000000000e+05   1.70946543676109e-06   2.50144012070648e+01
   8.00005000000000e+05   1.81627046913491e-06   2.50424233025953e+01
   1.20000800000000e+06   2.10419284485397e-06   2.50784517111300e+01
   1.60001100000000e+06   1.97719714378763e-06   2.50304138330826e+01
   2.00001300000000e+06   1.75096499788197e-06   2.50464264590994e+01
   2.40001600000000e+06   2.07680682251521e-06   2.49343380769607e+01
   2.80001800000000e+06   2.06972958949336e-06   2.49623601725000e+01
   3.20002100000000e+06   1.83419695076736e-06   2.50184043635693e+01
   3.60002400000000e+06   1.85275007424934e-06   2.49743696420159e+01
   4.00002600000000e+06   2.09123277272738e-06   2.49743696420159e+01
   4.40002900000000e+06   1.84242037448712e-06   2.48502717903243e+01
   4.80003100000000e+06   1.54003703300987e-06   2.50264106765782e+01
   5.20003400000000e+06   1.80137544703030e-06   2.49703664855106e+01
   5.60003700000000e+06   1.67559380770399e-06   2.49143222944307e+01
   6.00003900000000e+06   1.76735318291321e-06   2.50103980505602e+01
   6.40004200000000e+06   1.46582010529528e-06   2.50264106765782e+01
   6.80004400000000e+06   2.12053419090807e-06   2.50103980505602e+01
   7.20004700000000e+06   1.74396416241507e-06   2.49623601725000e+01
   7.60005000000000e+06   1.75526758994238e-06   2.50224075200738e+01
   8.00005200000000e+06   1.85525948381837e-06   2.50224075200738e+01
   8.40005500000000e+06   1.84279235782014e-06   2.50864580241371e+01
   8.80005800000000e+06   1.87635282600240e-06   2.50544327721075e+01
   9.20006000000000e+06   1.81782002073305e-06   2.50464264590994e+01
   9.60006300000000e+06   1.88946830803616e-06   2.50504296156035e+01
   4.21513030000000e+07   1.56662659719586e-04   2.50824548676336e+01
   4.25513060000000e+07   1.87104114957037e-06   2.49703664855106e+01
   4.29513080000000e+07   1.92322931980016e-06   2.50584359286114e+01
   4.33513110000000e+07   1.76412902419543e-06   2.49183254509368e+01
   4.37513130000000e+07   1.94672520592576e-06   2.50904611806405e+01
   4.41513160000000e+07   1.65330345680559e-06   2.51665211541937e+01
   4.45513190000000e+07   1.95955612980470e-06   2.50464264590994e+01
   4.49513210000000e+07   1.84861619345611e-06   2.51505085281844e+01
   4.53513240000000e+07   1.80723736775690e-06   2.50944643371439e+01
   4.57513260000000e+07   1.91425624507247e-06   2.50023917375508e+01
   4.61513290000000e+07   1.94982840184821e-06   2.50824548676336e+01
   4.65513320000000e+07   1.94120252672292e-06   2.50023917375508e+01
   4.69513340000000e+07   2.01310444936098e-06   2.50304138330826e+01
   4.73513370000000e+07   1.75587069861649e-06   2.50103980505602e+01
   4.77513390000000e+07   2.36350069826585e-06   2.49663633290053e+01
   4.81513420000000e+07   1.49376558056247e-06   2.50864580241371e+01
   4.85513450000000e+07   2.21110462916840e-06   2.49903822680362e+01
   4.89513470000000e+07   1.84279429049639e-06   2.49983885810460e+01
   4.93513500000000e+07   2.03009381039010e-06   2.50944643371439e+01
   4.97513520000000e+07   1.80954634743102e-06   2.50464264590994e+01
   5.01513550000000e+07   2.03225499717519e-06   2.50304138330826e+01
   5.05513580000000e+07   2.16017815546365e-06   2.50224075200738e+01
   5.09513600000000e+07   1.75314357875322e-06   2.50944643371439e+01
   5.13513630000000e+07   2.12539339372597e-06   2.50704453981228e+01
   5.17513650000000e+07   2.02207752408867e-06   2.50984674936472e+01
   9.57172170000000e+07   1.82125193532556e-04   2.51745274671980e+01
   9.61172200000000e+07   1.93321670849400e-06   2.49783727985210e+01
   9.65172230000000e+07   1.71817782756989e-06   2.50624390851152e+01
   9.69172250000000e+07   2.13689622796664e-06   2.50023917375508e+01
   9.73172280000000e+07   1.68654821663949e-06   2.50304138330826e+01
   9.77172300000000e+07   1.88069213891140e-06   2.49503507029835e+01
   9.81172330000000e+07   1.91077060662792e-06   2.51104769631567e+01
   9.85172360000000e+07   1.76623905190354e-06   2.49423443899722e+01
   9.89172380000000e+07   2.01385978471080e-06   2.50384201460911e+01
   9.93172410000000e+07   1.72345244209282e-06   2.50984674936472e+01
   9.97172430000000e+07   2.07111111194536e-06   2.50224075200738e+01
   1.00117246000000e+08   1.85274393516011e-06   2.51425022151793e+01
   1.00517249000000e+08   1.83261317943106e-06   2.50184043635693e+01
   1.00917251000000e+08   1.89902129932307e-06   2.49263317639489e+01
   1.01317254000000e+08   1.79788321474916e-06   2.50184043635693e+01
   1.01717256000000e+08   1.87050125077803e-06   2.50624390851152e+01
   1.02117259000000e+08   1.83068982551049e-06   2.50784517111300e+01
   1.02517262000000e+08   1.81582038294437e-06   2.51064738066536e+01
   1.02917264000000e+08   1.93399250747461e-06   2.50264106765782e+01
   1.03317267000000e+08   1.66329061812576e-06   2.50063948940555e+01
   1.03717269000000e+08   1.94668314179580e-06   2.49903822680362e+01
   1.04117272000000e+08   1.77441063442529e-06   2.49863791115312e+01
   1.04517275000000e+08   2.00079625756189e-06   2.50784517111300e+01
   1.04917277000000e+08   1.97442773242074e-06   2.50464264590994e+01
   1.05317280000000e+08   1.96270093510975e-06   2.50864580241371e+01
   1.49190723000000e+08   2.16625179746188e-04   2.50544327721075e+01
   1.49590725000000e+08   1.97302392734855e-06   2.51585148411891e+01
   1.49990728000000e+08   1.75298066551477e-06   2.50944643371439e+01
   1.50390731000000e+08   2.03144168153813e-06   2.51264895891685e+01
   1.50790733000000e+08   1.83615668447601e-06   2.50984674936472e+01
   1.51190736000000e+08   1.83220629423886e-06   2.51905400932058e+01
   1.51590738000000e+08   2.15999762076535e-06   2.52105558757142e+01
   1.51990741000000e+08   1.59088051532308e-06   2.48542749468314e+01
   1.52390744000000e+08   2.02091064238630e-06   2.50824548676336e+01
   1.52790746000000e+08   1.68334747741028e-06   2.50664422416190e+01
   1.53190749000000e+08   1.78243772097630e-06   2.50103980505602e+01
   1.53590751000000e+08   1.88120793609414e-06   2.53266474142322e+01
   1.53990754000000e+08   1.43146382924897e-06   2.48582781033385e+01
   1.54390757000000e+08   2.05918308893160e-06   2.50704453981228e+01
   1.54790759000000e+08   1.81462496584572e-06   2.53306505707319e+01
   1.55190762000000e+08   1.77637411979958e-06   2.49903822680362e+01
   1.55590764000000e+08   2.08457458938938e-06   2.54347326397022e+01
   1.55990767000000e+08   1.65531218954129e-06   2.51144801196597e+01
   1.56390770000000e+08   2.10483631235547e-06   2.49023128249120e+01
   1.56790772000000e+08   1.75921445588756e-06   2.51024706501504e+01
   1.57190775000000e+08   1.89239358405757e-06   2.49503507029835e+01
   1.57590777000000e+08   2.09633094527817e-06   2.50144012070648e+01
   1.57990780000000e+08   1.58653324433544e-06   2.50184043635693e+01
   1.58390783000000e+08   2.16798230212589e-06   2.50023917375508e+01
   1.58790785000000e+08   1.95956090465188e-06   2.46541171213981e+01
   1.94042457000000e+08   1.52162887388840e-04   2.50304138330826e+01
   1.94442460000000e+08   1.83711858880997e-06   2.49743696420159e+01
   1.94842462000000e+08   1.82149403826770e-06   2.49983885810460e+01
   1.95242465000000e+08   1.96620021597482e-06   2.50944643371439e+01
   1.95642467000000e+08   1.71291401329654e-06   2.49543538594890e+01
   1.96042470000000e+08   1.91351273315377e-06   2.50864580241371e+01
   1.96442472000000e+08   1.82480766852677e-06   2.49783727985210e+01
   1.96842475000000e+08   1.60020033490582e-06   2.50264106765782e+01
   1.97242478000000e+08   1.82673386461829e-06   2.49623601725000e+01
   1.97642480000000e+08   1.56757619151904e-06   2.50424233025953e+01
   1.98042483000000e+08   1.77792821887124e-06   2.49503507029835e+01
   1.98442485000000e+08   1.72284990185290e-06   2.50103980505602e+01
   1.98842488000000e+08   1.72108821061556e-06   2.49303349204548e+01
   1.99242491000000e+08   1.86230136023369e-06   2.50864580241371e+01
   1.99642493000000e+08   1.74630292804068e-06   2.50624390851152e+01
   2.00042496000000e+08   1.84471491593285e-06   2.50344169895869e+01
   2.00442498000000e+08   1.91743083632900e-06   2.50584359286114e+01
   2.00842501000000e+08   1.88732781225553e-06   2.50784517111300e+01
   2.01242504000000e+08   2.15450677387707e-06   2.50344169895869e+01
   2.01642506000000e+08   1.78184507149126e-06   2.51384990586767e+01
   2.02042509000000e+08   2.03576405510830e-06   2.50624390851152e+01
   2.02442511000000e+08   1.89239631254168e-06   2.51184832761627e+01
   2.02842514000000e+08   1.89125819360925e-06   2.50544327721075e+01
   2.03242517000000e+08   2.00861995836021e-06   2.50704453981228e+01
   2.03642519000000e+08   1.78655056970456e-06   2.50864580241371e+01
