   4.00003000000000e+05   2.39037080973503e-06   2.49743696420159e+01
   8.00005000000000e+05   2.66355641542759e-06   2.49863791115312e+01
   1.20000800000000e+06   2.64640448222053e-06   2.50184043635693e+01
   1.60001100000000e+06   2.65361563833721e-06   2.50103980505602e+01
   2.00001300000000e+06   2.64872460320476e-06   2.50984674936472e+01
   2.40001600000000e+06   2.32178808801109e-06   2.50304138330826e+01
   2.80001800000000e+06   2.70964369519788e-06   2.50704453981228e+01
   3.20002100000000e+06   2.43896010942990e-06   2.50624390851152e+01
   3.60002400000000e+06   2.43595695792465e-06   2.50184043635693e+01
   4.00002600000000e+06   2.41040834225714e-06   2.50063948940555e+01
   4.40002900000000e+06   1.68304768521921e-06   2.50063948940555e+01
   4.80003100000000e+06   1.60057811626757e-06   2.49423443899722e+01
   5.20003400000000e+06   1.55134557644487e-06   2.49983885810460e+01
   5.60003700000000e+06   1.48045683090459e-06   2.49823759550261e+01
   6.00003900000000e+06   1.62789967816934e-06   2.50424233025953e+01
   6.40004200000000e+06   1.22283267955936e-06   2.50904611806405e+01
   6.80004400000000e+06   1.36303629005852e-06   2.49823759550261e+01
   7.20004700000000e+06   1.23452832667681e-06   2.49983885810460e+01
   7.60005000000000e+06   1.28570036395104e-06   2.50384201460911e+01
   8.00005200000000e+06   1.38062489440927e-06   2.49583570159945e+01
   8.40005500000000e+06   1.28923227293853e-06   2.50304138330826e+01
   8.80005700000000e+06   1.49547634009650e-06   2.50584359286114e+01
   9.20006000000000e+06   1.47870218825119e-06   2.50624390851152e+01
   9.60006300000000e+06   1.36173093778780e-06   2.50224075200738e+01
   4.20062780000000e+07   1.43137702252716e-04   2.50664422416190e+01
   4.24062810000000e+07   2.11488645618374e-06   2.49783727985210e+01
   4.28062840000000e+07   2.28776161748101e-06   2.50144012070648e+01
   4.32062860000000e+07   2.17584533857007e-06   2.50784517111300e+01
   4.36062890000000e+07   2.03405579668470e-06   2.50704453981228e+01
   4.40062910000000e+07   2.39358041653759e-06   2.50704453981228e+01
   4.44062940000000e+07   1.90258185739367e-06   2.49903822680362e+01
   4.48062970000000e+07   1.87089369774185e-06   2.50384201460911e+01
   4.52062990000000e+07   2.11645124181814e-06   2.49863791115312e+01
   4.56063020000000e+07   1.83126826414082e-06   2.50264106765782e+01
   4.60063040000000e+07   2.12930171983317e-06   2.50304138330826e+01
   4.64063070000000e+07   1.65429707976728e-06   2.50144012070648e+01
   4.68063100000000e+07   2.03384342967183e-06   2.50023917375508e+01
   4.72063120000000e+07   2.15078512155742e-06   2.50664422416190e+01
   4.76063150000000e+07   1.71642443547171e-06   2.50224075200738e+01
   4.80063180000000e+07   2.01485431716719e-06   2.49583570159945e+01
   4.84063200000000e+07   1.79748428763560e-06   2.50184043635693e+01
   4.88063230000000e+07   1.89162062724790e-06   2.50864580241371e+01
   4.92063250000000e+07   1.85370117833372e-06   2.49583570159945e+01
   4.96063280000000e+07   1.47676109918393e-06   2.49463475464779e+01
   5.00063310000000e+07   2.10644839171437e-06   2.49663633290053e+01
   5.04063330000000e+07   1.59161004376074e-06   2.49743696420159e+01
   5.08063360000000e+07   1.70171983882028e-06   2.50023917375508e+01
   5.12063380000000e+07   1.74823708221084e-06   2.50144012070648e+01
   5.16063410000000e+07   1.72403213127836e-06   2.49663633290053e+01
   9.50677760000000e+07   1.99700123630464e-04   2.49743696420159e+01
   9.54677780000000e+07   1.43329816637561e-06   2.49863791115312e+01
   9.58677810000000e+07   1.35483628582733e-06   2.49463475464779e+01
   9.62677840000000e+07   1.03672675777489e-06   2.49503507029835e+01
   9.66677860000000e+07   1.22274241221021e-06   2.49023128249120e+01
   9.70677890000000e+07   1.07432890672499e-06   2.49783727985210e+01
   9.74677910000000e+07   1.07433095308807e-06   2.50504296156035e+01
   9.78677940000000e+07   1.09752727439627e-06   2.50103980505602e+01
   9.82677970000000e+07   1.42358214816340e-06   2.49983885810460e+01
   9.86677990000000e+07   1.73960609117785e-06   2.50944643371439e+01
   9.90678020000000e+07   1.37632764563023e-06   2.51264895891685e+01
   9.94678040000000e+07   1.65522180850530e-06   2.51144801196597e+01
   9.98678070000000e+07   1.74821013843030e-06   2.50784517111300e+01
   1.00267810000000e+08   1.82948872406996e-06   2.51144801196597e+01
   1.00667812000000e+08   2.22715539166529e-06   2.49343380769607e+01
   1.01067815000000e+08   2.16099715544260e-06   2.50264106765782e+01
   1.01467817000000e+08   2.38885581893555e-06   2.50023917375508e+01
   1.01867820000000e+08   2.14709871215746e-06   2.49943854245411e+01
   1.02267823000000e+08   1.74884348780324e-06   2.50224075200738e+01
   1.02667825000000e+08   2.25019380195590e-06   2.49263317639489e+01
   1.03067828000000e+08   1.77519768840284e-06   2.49743696420159e+01
   1.03467830000000e+08   1.79490962182172e-06   2.49663633290053e+01
   1.03867833000000e+08   1.96148266695673e-06   2.50103980505602e+01
   1.04267836000000e+08   2.47603452407930e-06   2.49383412334665e+01
   1.04667838000000e+08   2.87195052806055e-06   2.49743696420159e+01
   1.48505770000000e+08   2.03625255380757e-04   2.49663633290053e+01
   1.48905773000000e+08   1.61268098963774e-06   2.50144012070648e+01
   1.49305775000000e+08   1.54253450546094e-06   2.51024706501504e+01
   1.49705778000000e+08   1.45738692935993e-06   2.50063948940555e+01
   1.50105781000000e+08   1.34432332288270e-06   2.49823759550261e+01
   1.50505783000000e+08   1.35821107960510e-06   2.50384201460911e+01
   1.50905786000000e+08   1.32028537791484e-06   2.49783727985210e+01
   1.51305788000000e+08   1.21341565773037e-06   2.50984674936472e+01
   1.51705791000000e+08   1.23470147173066e-06   2.50384201460911e+01
   1.52105794000000e+08   1.46187926475250e-06   2.50304138330826e+01
   1.52505796000000e+08   1.58419834406232e-06   2.50144012070648e+01
   1.52905799000000e+08   1.67011626217572e-06   2.50744485546264e+01
   1.53305802000000e+08   1.61581613156159e-06   2.50544327721075e+01
   1.53705804000000e+08   1.78924642568745e-06   2.50784517111300e+01
   1.54105807000000e+08   1.79786741227872e-06   2.50344169895869e+01
   1.54505809000000e+08   1.72014529198350e-06   2.51024706501504e+01
   1.54905812000000e+08   1.96310543287836e-06   2.50544327721075e+01
   1.55305815000000e+08   1.86896920695290e-06   2.50344169895869e+01
   1.55705817000000e+08   1.90525895504834e-06   2.49943854245411e+01
   1.56105820000000e+08   1.71466831488942e-06   2.49343380769607e+01
   1.56505822000000e+08   1.54883798586525e-06   2.50304138330826e+01
   1.56905825000000e+08   1.55020484271517e-06   2.49783727985210e+01
   1.57305828000000e+08   1.51111362356460e-06   2.50424233025953e+01
   1.57705830000000e+08   1.41676059683959e-06   2.51625179976914e+01
   1.58105833000000e+08   1.75468028373871e-06   2.50704453981228e+01
   1.93351349000000e+08   1.69612685567699e-04   2.50144012070648e+01
   1.93751352000000e+08   1.25957808450039e-06   2.50624390851152e+01
   1.94151354000000e+08   1.61231071160728e-06   2.49703664855106e+01
   1.94551357000000e+08   1.50076732552407e-06   2.50504296156035e+01
   1.94951359000000e+08   1.21031075650535e-06   2.50904611806405e+01
   1.95351362000000e+08   1.58333887156914e-06   2.50264106765782e+01
   1.95751365000000e+08   1.37518975407147e-06   2.49383412334665e+01
   1.96151367000000e+08   1.64449193107430e-06   2.50464264590994e+01
   1.96551370000000e+08   1.26773352349119e-06   2.50504296156035e+01
   1.96951372000000e+08   1.37710333092400e-06   2.49823759550261e+01
   1.97351375000000e+08   1.63357890414773e-06   2.49663633290053e+01
   1.97751378000000e+08   1.30623777749861e-06   2.50424233025953e+01
   1.98151380000000e+08   1.39192661663401e-06   2.51024706501504e+01
   1.98551383000000e+08   1.51133929193747e-06   2.50304138330826e+01
   1.98951386000000e+08   1.44707803428901e-06   2.49343380769607e+01
   1.99351388000000e+08   1.61108027896262e-06   2.50544327721075e+01
   1.99751391000000e+08   1.22244466638222e-06   2.50304138330826e+01
   2.00151393000000e+08   1.81424093170790e-06   2.49703664855106e+01
   2.00551396000000e+08   1.99084206542466e-06   2.49903822680362e+01
   2.00951399000000e+08   1.90276853118121e-06   2.49823759550261e+01
   2.01351401000000e+08   2.05255742002919e-06   2.50184043635693e+01
   2.01751404000000e+08   1.92484935723769e-06   2.50624390851152e+01
   2.02151406000000e+08   2.20920014726289e-06   2.48782938858728e+01
   2.02551409000000e+08   2.06312620321114e-06   2.49183254509368e+01
   2.02951412000000e+08   2.01254965759290e-06   2.50664422416190e+01
