   4.00003000000000e+05   1.35458219574502e-06   2.50344169895869e+01
   8.00005000000000e+05   1.48782521591784e-06   2.44779782348857e+01
   1.20000800000000e+06   1.47709897646564e-06   2.50304138330826e+01
   1.60001000000000e+06   1.42925694035512e-06   2.51585148411891e+01
   2.00001300000000e+06   1.69331804045214e-06   2.51384990586767e+01
   2.40001600000000e+06   1.70193754911452e-06   2.48622812598455e+01
   2.80001800000000e+06   1.85128328666906e-06   2.50544327721075e+01
   3.20002100000000e+06   1.96155065168568e-06   2.51304927456713e+01
   3.60002300000000e+06   1.61368245699123e-06   2.49023128249120e+01
   4.00002600000000e+06   1.97151257452788e-06   2.54187200137095e+01
   4.40002900000000e+06   1.59124510901165e-06   2.48582781033385e+01
   4.80003100000000e+06   1.86247996225575e-06   2.51665211541937e+01
   5.20003400000000e+06   1.71673809745698e-06   2.46661265909285e+01
   5.60003600000000e+06   1.70017369782727e-06   2.50664422416190e+01
   6.00003900000000e+06   1.88534409062413e-06   2.51384990586767e+01
   6.40004200000000e+06   1.79708263203793e-06   2.51024706501504e+01
   6.80004400000000e+06   1.86307613603276e-06   2.50784517111300e+01
   7.20004700000000e+06   1.93827804650937e-06   2.49463475464779e+01
   7.60004900000000e+06   1.77127276401734e-06   2.49703664855106e+01
   8.00005200000000e+06   1.98846964849508e-06   2.51865369367039e+01
   8.40005500000000e+06   1.89161755770328e-06   2.51985464062093e+01
   8.80005700000000e+06   2.06562867788307e-06   2.48702875728593e+01
   9.20006000000000e+06   2.03927970687801e-06   2.51705243106959e+01
   9.60006200000000e+06   1.92813490684784e-06   2.50784517111300e+01
   4.24395090000000e+07   1.44650213769637e-04   2.51705243106959e+01
   4.28395110000000e+07   1.82325834430230e-06   2.51344959021740e+01
   4.32395140000000e+07   2.06461822926940e-06   2.51344959021740e+01
   4.36395170000000e+07   1.72365298567456e-06   2.51304927456713e+01
   4.40395190000000e+07   2.09746576729231e-06   2.48382623208026e+01
   4.44395220000000e+07   1.92442598745401e-06   2.49943854245411e+01
   4.48395240000000e+07   2.01855323211930e-06   2.52145590322157e+01
   4.52395270000000e+07   2.15213617593690e-06   2.49223286074429e+01
   4.56395300000000e+07   1.88460205663432e-06   2.50824548676336e+01
   4.60395320000000e+07   2.25842177314917e-06   2.52385779712233e+01
   4.64395350000000e+07   2.15318345908599e-06   2.50984674936472e+01
   4.68395370000000e+07   2.24024051931337e-06   2.47782149731853e+01
   4.72395400000000e+07   2.33283640227455e-06   2.51745274671980e+01
   4.76395430000000e+07   2.06368758881581e-06   2.52025495627110e+01
   4.80395450000000e+07   2.23773236029956e-06   2.49583570159945e+01
   4.84395480000000e+07   1.78768380010297e-06   2.51505085281844e+01
   4.88395500000000e+07   1.92091579265252e-06   2.49663633290053e+01
   4.92395530000000e+07   1.87791090411338e-06   2.53026284752328e+01
   4.96395560000000e+07   1.80098629698477e-06   2.50304138330826e+01
   5.00395580000000e+07   1.86110014510632e-06   2.50384201460911e+01
   5.04395610000000e+07   1.59000694566203e-06   2.51945432497076e+01
   5.08395630000000e+07   1.66050949701457e-06   2.50904611806405e+01
   5.12395660000000e+07   1.68846304404724e-06   2.51705243106959e+01
   5.16395690000000e+07   1.53591440721357e-06   2.50544327721075e+01
   5.20395710000000e+07   1.81304153556994e-06   2.50424233025953e+01
   9.54937210000000e+07   2.03200121177360e-04   2.49863791115312e+01
   9.58937240000000e+07   2.10058647098776e-06   2.50704453981228e+01
   9.62937270000000e+07   1.90688922430127e-06   2.50984674936472e+01
   9.66937290000000e+07   2.02640421775868e-06   2.50744485546264e+01
   9.70937320000000e+07   2.04983371077105e-06   2.50904611806405e+01
   9.74937340000000e+07   2.00999306798622e-06   2.50544327721075e+01
   9.78937370000000e+07   2.10257326216379e-06   2.51505085281844e+01
   9.82937390000000e+07   1.84752605036920e-06   2.50264106765782e+01
   9.86937420000000e+07   1.96329960999719e-06   2.50224075200738e+01
   9.90937450000000e+07   2.05684455067967e-06   2.50224075200738e+01
   9.94937470000000e+07   1.85116584816569e-06   2.50824548676336e+01
   9.98937500000000e+07   2.04860975827614e-06   2.50704453981228e+01
   1.00293752000000e+08   1.93931759895349e-06   2.50103980505602e+01
   1.00693755000000e+08   2.06258118851110e-06   2.50103980505602e+01
   1.01093758000000e+08   1.96156588572194e-06   2.51585148411891e+01
   1.01493760000000e+08   2.03752574634564e-06   2.50304138330826e+01
   1.01893763000000e+08   2.10530720323732e-06   2.50144012070648e+01
   1.02293765000000e+08   1.97288568415388e-06   2.49743696420159e+01
   1.02693768000000e+08   2.05921492124617e-06   2.50304138330826e+01
   1.03093771000000e+08   2.09632889891509e-06   2.49983885810460e+01
   1.03493773000000e+08   2.01800071408798e-06   2.49303349204548e+01
   1.03893776000000e+08   2.04123148250801e-06   2.50544327721075e+01
   1.04293778000000e+08   1.71348915500857e-06   2.50384201460911e+01
   1.04693781000000e+08   1.83181634838547e-06   2.50264106765782e+01
   1.05093784000000e+08   1.80587301201740e-06   2.49703664855106e+01
   1.48915535000000e+08   1.91475293831900e-04   2.49823759550261e+01
   1.49315538000000e+08   1.84978568995575e-06   2.51465053716819e+01
   1.49715540000000e+08   1.77754270680452e-06   2.51264895891685e+01
   1.50115543000000e+08   1.91407661986887e-06   2.49663633290053e+01
   1.50515545000000e+08   1.84002851710829e-06   2.51144801196597e+01
   1.50915548000000e+08   1.91659250958764e-06   2.51705243106959e+01
   1.51315550000000e+08   1.92479956240277e-06   2.51425022151793e+01
   1.51715553000000e+08   1.82909514023777e-06   2.51184832761627e+01
   1.52115556000000e+08   1.85877547664859e-06   2.50664422416190e+01
   1.52515558000000e+08   1.86306681371207e-06   2.52666000667294e+01
   1.52915561000000e+08   1.86387330813886e-06   2.50264106765782e+01
   1.53315563000000e+08   1.83611075499357e-06   2.52185621887171e+01
   1.53715566000000e+08   1.80838992491772e-06   2.50904611806405e+01
   1.54115569000000e+08   1.86306510840950e-06   2.51264895891685e+01
   1.54515571000000e+08   1.79705614300474e-06   2.52706032232300e+01
   1.54915574000000e+08   1.72556224242726e-06   2.50704453981228e+01
   1.55315576000000e+08   1.78475113443710e-06   2.51465053716819e+01
   1.55715579000000e+08   1.73436296790896e-06   2.50944643371439e+01
   1.56115582000000e+08   1.88139745205262e-06   2.50344169895869e+01
   1.56515584000000e+08   1.75938612301252e-06   2.49783727985210e+01
   1.56915587000000e+08   1.89552838492091e-06   2.50744485546264e+01
   1.57315589000000e+08   1.86542933988676e-06   2.50304138330826e+01
   1.57715592000000e+08   1.85057081125706e-06   2.49863791115312e+01
   1.58115595000000e+08   1.83690019639471e-06   2.47501928776258e+01
   1.58515597000000e+08   1.76423532138870e-06   2.50344169895869e+01
   1.93639919000000e+08   1.66375160915777e-04   2.50984674936472e+01
   1.94039921000000e+08   1.65841504440323e-06   2.50824548676336e+01
   1.94439924000000e+08   1.83338443093817e-06   2.52225653452185e+01
   1.94839927000000e+08   1.57503518494195e-06   2.53026284752328e+01
   1.95239929000000e+08   1.77870572315442e-06   2.47982307557260e+01
   1.95639932000000e+08   1.73517162238568e-06   2.52225653452185e+01
   1.96039934000000e+08   1.65858580203349e-06   2.50784517111300e+01
   1.96439937000000e+08   1.84197324415436e-06   2.49343380769607e+01
   1.96839940000000e+08   1.69906002156495e-06   2.54147168572112e+01
   1.97239942000000e+08   1.78711889020633e-06   2.46501139648878e+01
   1.97639945000000e+08   1.78456286903383e-06   2.47301770950813e+01
   1.98039947000000e+08   1.61702678269648e-06   2.50824548676336e+01
   1.98439950000000e+08   1.94627205019060e-06   2.46781360604584e+01
   1.98839953000000e+08   1.45017031627503e-06   2.51064738066536e+01
   1.99239955000000e+08   1.84276905201841e-06   2.47742118166770e+01
   1.99639958000000e+08   1.63474499004224e-06   2.52986253187327e+01
   2.00039960000000e+08   1.66111954058579e-06   2.48222496947727e+01
   2.00439963000000e+08   1.70387886555545e-06   2.49063159814183e+01
   2.00839965000000e+08   1.53261055402254e-06   2.50584359286114e+01
   2.01239968000000e+08   1.69040197306458e-06   2.48022339122339e+01
   2.01639971000000e+08   1.71484350630635e-06   2.51505085281844e+01
   2.02039973000000e+08   1.46814033996634e-06   2.48222496947727e+01
   2.02439976000000e+08   1.84511713996471e-06   2.49863791115312e+01
   2.02839978000000e+08   1.43104705330188e-06   2.50784517111300e+01
   2.03239981000000e+08   1.80093979906815e-06   2.50824548676336e+01
