   4.00002000000000e+05   1.57546935497521e-06   2.49423443899722e+01
   8.00005000000000e+05   1.62730168540293e-06   2.49903822680362e+01
   1.20000800000000e+06   1.73102307599038e-06   2.50664422416190e+01
   1.60001000000000e+06   1.54997337631357e-06   2.50544327721075e+01
   2.00001300000000e+06   1.71872591181454e-06   2.49463475464779e+01
   2.40001500000000e+06   1.63886647897016e-06   2.49463475464779e+01
   2.80001800000000e+06   1.68726683114073e-06   2.49623601725000e+01
   3.20002100000000e+06   1.70173791502748e-06   2.50224075200738e+01
   3.60002300000000e+06   1.61563445999491e-06   2.50184043635693e+01
   4.00002600000000e+06   1.96352425518853e-06   2.50103980505602e+01
   4.40002800000000e+06   2.13504222301708e-06   2.49863791115312e+01
   4.80003100000000e+06   2.20334641198860e-06   2.49983885810460e+01
   5.20003300000000e+06   2.21404502553924e-06   2.50704453981228e+01
   5.60003600000000e+06   2.13303201235249e-06   2.50504296156035e+01
   6.00003900000000e+06   2.20416040974669e-06   2.48863001988861e+01
   6.40004100000000e+06   2.06530035029573e-06   2.49383412334665e+01
   6.80004400000000e+06   2.24397194870107e-06   2.50344169895869e+01
   7.20004600000000e+06   2.04962270800024e-06   2.50224075200738e+01
   7.60004900000000e+06   2.25139456233592e-06   2.49903822680362e+01
   8.00005200000000e+06   2.15999716601800e-06   2.50063948940555e+01
   8.40005400000000e+06   2.20060496758379e-06   2.49543538594890e+01
   8.80005700000000e+06   2.19865660255891e-06   2.49183254509368e+01
   9.20005900000000e+06   2.08027631742880e-06   2.50464264590994e+01
   9.60006200000000e+06   2.17286492443236e-06   2.50144012070648e+01
   4.19816070000000e+07  -2.06331163644791e-03   2.49703664855106e+01
   4.23816090000000e+07   4.62122955013911e-07   2.50063948940555e+01
   4.27816120000000e+07   2.41533825828810e-06   2.50063948940555e+01
   4.31816150000000e+07   2.21650702769693e-06   2.50664422416190e+01
   4.35816170000000e+07   2.53117059401120e-06   2.49903822680362e+01
   4.39816200000000e+07   1.94694121091743e-06   2.50824548676336e+01
   4.43816220000000e+07   6.01607439421059e-07   2.50504296156035e+01
   4.47816250000000e+07   2.62748221757647e-06   2.51745274671980e+01
   4.51816280000000e+07   2.12022928280931e-06   2.51585148411891e+01
   4.55816300000000e+07   2.44432294493890e-06   2.51344959021740e+01
   4.59816330000000e+07   1.71051351571805e-06   2.49983885810460e+01
   4.63816350000000e+07   6.39051108919375e-07   2.51585148411891e+01
   4.67816380000000e+07   2.50130938184157e-06   2.50424233025953e+01
   4.71816410000000e+07   1.92997549675056e-06   2.51505085281844e+01
   4.75816430000000e+07   2.21408049583260e-06   2.51344959021740e+01
   4.79816460000000e+07   1.50024868617038e-06   2.50023917375508e+01
   4.83816480000000e+07   9.31392492020677e-07   2.51184832761627e+01
   4.87816510000000e+07   2.70648388323025e-06   2.51104769631567e+01
   4.91816530000000e+07   1.96366886484611e-06   2.50624390851152e+01
   4.95816560000000e+07   2.15299883166153e-06   2.50023917375508e+01
   4.99816590000000e+07   1.35156744818232e-06   2.50944643371439e+01
   5.03816610000000e+07   8.63130708239623e-07   2.50264106765782e+01
   5.07816640000000e+07   2.49549771069724e-06   2.51144801196597e+01
   5.11816660000000e+07   1.56897101533104e-06   2.49463475464779e+01
   5.15816690000000e+07   1.89061631772347e-06   2.50904611806405e+01
   9.52909900000000e+07   4.62492508813739e-03   2.49543538594890e+01
   9.56909920000000e+07   3.78667050426884e-06   2.49863791115312e+01
   9.60909950000000e+07   1.80699271368212e-06   2.50023917375508e+01
   9.64909970000000e+07   1.99864780370262e-06   2.49303349204548e+01
   9.68910000000000e+07   1.75751767983456e-06   2.50184043635693e+01
   9.72910030000000e+07   6.61043998206878e-07   2.50624390851152e+01
   9.76910050000000e+07   3.71334726878558e-06   2.50864580241371e+01
   9.80910080000000e+07   1.71513499935827e-06   2.49743696420159e+01
   9.84910100000000e+07   2.14769738704490e-06   2.50624390851152e+01
   9.88910130000000e+07   1.64218329246069e-06   2.50584359286114e+01
   9.92910160000000e+07   1.09617315047217e-06   2.50144012070648e+01
   9.96910180000000e+07   3.73784382645681e-06   2.51024706501504e+01
   1.00091021000000e+08   1.58795592142269e-06   2.51184832761627e+01
   1.00491023000000e+08   2.15041177398234e-06   2.51104769631567e+01
   1.00891026000000e+08   1.64590937856701e-06   2.50304138330826e+01
   1.01291028000000e+08   1.42910744216351e-06   2.51064738066536e+01
   1.01691031000000e+08   3.65381401934428e-06   2.51344959021740e+01
   1.02091034000000e+08   1.51626181832398e-06   2.49943854245411e+01
   1.02491036000000e+08   2.25516896534828e-06   2.49983885810460e+01
   1.02891039000000e+08   1.65472351909557e-06   2.49583570159945e+01
   1.03291041000000e+08   1.64940911417943e-06   2.50384201460911e+01
   1.03691044000000e+08   3.63916706191958e-06   2.49463475464779e+01
   1.04091047000000e+08   1.34080949010240e-06   2.49023128249120e+01
   1.04491049000000e+08   2.07669472729322e-06   2.48782938858728e+01
   1.04891052000000e+08   1.43840759392333e-06   2.48903033553927e+01
   1.48622770000000e+08  -4.23589954152703e-03   2.50424233025953e+01
   1.49022773000000e+08   1.10705423139734e-06   2.50504296156035e+01
   1.49422775000000e+08   1.45011722452182e-06   2.50624390851152e+01
   1.49822778000000e+08   2.34382355301932e-06   2.51024706501504e+01
   1.50222780000000e+08   1.21371726891084e-06   2.49503507029835e+01
   1.50622783000000e+08   2.10588427762559e-06   2.49543538594890e+01
   1.51022786000000e+08   1.39594078518712e-06   2.50544327721075e+01
   1.51422788000000e+08   1.76863284195861e-06   2.49823759550261e+01
   1.51822791000000e+08   2.54126848631131e-06   2.50063948940555e+01
   1.52222793000000e+08   1.06608297301136e-06   2.49423443899722e+01
   1.52622796000000e+08   1.82337851128977e-06   2.49103191379245e+01
   1.53022799000000e+08   1.28998681248049e-06   2.50023917375508e+01
   1.53422801000000e+08   1.75322179529758e-06   2.50144012070648e+01
   1.53822804000000e+08   2.35425022765412e-06   2.49463475464779e+01
   1.54222806000000e+08   1.33500486754201e-06   2.49663633290053e+01
   1.54622809000000e+08   2.18707077692670e-06   2.49903822680362e+01
   1.55022811000000e+08   1.65812014074618e-06   2.50584359286114e+01
   1.55422814000000e+08   2.14158762901207e-06   2.49703664855106e+01
   1.55822817000000e+08   2.61689001490595e-06   2.50464264590994e+01
   1.56222819000000e+08   1.46635727560351e-06   2.49743696420159e+01
   1.56622822000000e+08   2.40354233937978e-06   2.50384201460911e+01
   1.57022824000000e+08   1.96477390090877e-06   2.50504296156035e+01
   1.57422827000000e+08   2.30646423915459e-06   2.49503507029835e+01
   1.57822830000000e+08   2.66033748630434e-06   2.49983885810460e+01
   1.58222832000000e+08   1.56686508034909e-06   2.50384201460911e+01
   1.93060953000000e+08   2.38432525657117e-03   2.50264106765782e+01
   1.93460955000000e+08   1.40653685321013e-06   2.50424233025953e+01
   1.93860958000000e+08   8.23981508801808e-07   2.49423443899722e+01
   1.94260960000000e+08   1.93241885426687e-06   2.50344169895869e+01
   1.94660963000000e+08   1.81726761638856e-06   2.49503507029835e+01
   1.95060966000000e+08   2.22528410631639e-06   2.50504296156035e+01
   1.95460968000000e+08   1.01522027762257e-06   2.49903822680362e+01
   1.95860971000000e+08   8.73558292369125e-07   2.51144801196597e+01
   1.96260973000000e+08   1.79011510681448e-06   2.41537225571191e+01
   1.96660976000000e+08   1.47543653383764e-06   2.54907768306689e+01
   1.97060979000000e+08   1.77086735675402e-06   2.45780571476919e+01
   1.97460981000000e+08   8.12280404716148e-07   2.49983885810460e+01
   1.97860984000000e+08   7.31279726551293e-07   2.50224075200738e+01
   1.98260986000000e+08   2.00877957468037e-06   2.47101613125353e+01
   1.98660989000000e+08   1.54226938775537e-06   2.50264106765782e+01
   1.99060991000000e+08   2.00805015992955e-06   2.50464264590994e+01
   1.99460994000000e+08   8.21332264422381e-07   2.49383412334665e+01
   1.99860997000000e+08   9.89237378234975e-07   2.50784517111300e+01
   2.00260999000000e+08   2.28903718380025e-06   2.50624390851152e+01
   2.00661002000000e+08   1.79704409219994e-06   2.50464264590994e+01
   2.01061004000000e+08   1.84697944405343e-06   2.49943854245411e+01
   2.01461007000000e+08   1.02616638741893e-06   2.51064738066536e+01
   2.01861010000000e+08   1.47650132475974e-06   2.49703664855106e+01
   2.02261012000000e+08   2.78698598776828e-06   2.49783727985210e+01
   2.02661015000000e+08   2.03861259251426e-06   2.49823759550261e+01
