   4.00003000000000e+05   1.96142354980111e-06   2.49343380769607e+01
   8.00006000000000e+05   1.78008360762760e-06   2.51144801196597e+01
   1.20000800000000e+06   1.88026001524122e-06   2.50904611806405e+01
   1.60001100000000e+06   1.67909377069009e-06   2.49343380769607e+01
   2.00001300000000e+06   1.28822978240350e-06   2.49703664855106e+01
   2.40001600000000e+06   1.33118896883389e-06   2.50624390851152e+01
   2.80001800000000e+06   1.28605347526900e-06   2.50304138330826e+01
   3.20002100000000e+06   1.29815612126549e-06   2.50624390851152e+01
   3.60002400000000e+06   1.30899263695028e-06   2.49943854245411e+01
   4.00002600000000e+06   1.22063943308603e-06   2.49543538594890e+01
   4.40002900000000e+06   1.37630468088901e-06   2.49223286074429e+01
   4.80003100000000e+06   1.22709343486349e-06   2.50744485546264e+01
   5.20003400000000e+06   1.32648881390196e-06   2.50224075200738e+01
   5.60003700000000e+06   1.43021009080257e-06   2.50464264590994e+01
   6.00003900000000e+06   1.49527522808057e-06   2.50023917375508e+01
   6.40004200000000e+06   1.58199270572368e-06   2.50103980505602e+01
   6.80004400000000e+06   1.46109243814863e-06   2.49303349204548e+01
   7.20004700000000e+06   1.60404874804954e-06   2.50584359286114e+01
   7.60005000000000e+06   1.59353396611550e-06   2.50023917375508e+01
   8.00005200000000e+06   1.55388579514693e-06   2.50544327721075e+01
   8.40005500000000e+06   1.73611840637022e-06   2.50344169895869e+01
   8.80005700000000e+06   1.59118519604817e-06   2.50504296156035e+01
   9.20006000000000e+06   1.71439558016573e-06   2.50464264590994e+01
   9.60006200000000e+06   1.78281857188267e-06   2.50224075200738e+01
   4.24441690000000e+07   2.38146260380745e-03   2.50664422416190e+01
   4.28441720000000e+07   2.39557584791328e-06   2.50544327721075e+01
   4.32441750000000e+07   1.64565062732436e-06   2.50464264590994e+01
   4.36441770000000e+07   1.22637766253320e-06   2.50504296156035e+01
   4.40441800000000e+07   1.86280692560103e-06   2.50063948940555e+01
   4.44441820000000e+07   1.49374443481065e-06   2.50224075200738e+01
   4.48441850000000e+07   1.76463663592585e-06   2.49663633290053e+01
   4.52441880000000e+07   1.03313811905537e-06   2.49743696420159e+01
   4.56441900000000e+07   1.24142047752684e-06   2.49743696420159e+01
   4.60441930000000e+07   2.08326014217164e-06   2.49703664855106e+01
   4.64441950000000e+07   1.91383946912538e-06   2.49223286074429e+01
   4.68441980000000e+07   2.07284028874710e-06   2.50584359286114e+01
   4.72442000000000e+07   1.45434501064301e-06   2.50224075200738e+01
   4.76442030000000e+07   1.39287737965788e-06   2.50504296156035e+01
   4.80442060000000e+07   2.16520265894360e-06   2.50264106765782e+01
   4.84442080000000e+07   1.83633073902456e-06   2.49703664855106e+01
   4.88442110000000e+07   1.98839552467689e-06   2.50063948940555e+01
   4.92442130000000e+07   1.34851381972112e-06   2.49703664855106e+01
   4.96442160000000e+07   1.57339047746063e-06   2.50544327721075e+01
   5.00442190000000e+07   2.21710683945275e-06   2.50224075200738e+01
   5.04442210000000e+07   1.92273228094564e-06   2.49863791115312e+01
   5.08442240000000e+07   2.06779600375739e-06   2.50344169895869e+01
   5.12442260000000e+07   1.58343289058394e-06   2.51304927456713e+01
   5.16442290000000e+07   1.41583791446465e-06   2.50624390851152e+01
   5.20442320000000e+07   1.61361560913065e-06   2.49583570159945e+01
   9.53714840000000e+07  -4.24329936504364e-03   2.50704453981228e+01
   9.57714870000000e+07   2.38312236433558e-06   2.50063948940555e+01
   9.61714900000000e+07   1.47658442983811e-06   2.49543538594890e+01
   9.65714920000000e+07   3.01469549413014e-06   2.49543538594890e+01
   9.69714950000000e+07   1.14517251859070e-06   2.50624390851152e+01
   9.73714970000000e+07   1.23139045626885e-06   2.50344169895869e+01
   9.77715000000000e+07   2.47279444920423e-06   2.49343380769607e+01
   9.81715020000000e+07   1.53809071434807e-06   2.49463475464779e+01
   9.85715050000000e+07   3.02315834233013e-06   2.48502717903243e+01
   9.89715080000000e+07   1.16728688226431e-06   2.49543538594890e+01
   9.93715100000000e+07   1.52304141920467e-06   2.49903822680362e+01
   9.97715130000000e+07   2.22320090870198e-06   2.49823759550261e+01
   1.00171515000000e+08   1.48396350141411e-06   2.48422654773099e+01
   1.00571518000000e+08   2.74710373560083e-06   2.49863791115312e+01
   1.00971521000000e+08   1.02770229659654e-06   2.50184043635693e+01
   1.01371523000000e+08   1.28295312151749e-06   2.50504296156035e+01
   1.01771526000000e+08   2.20838160203130e-06   2.50544327721075e+01
   1.02171528000000e+08   1.27841462926881e-06   2.51264895891685e+01
   1.02571531000000e+08   2.61913601207198e-06   2.50664422416190e+01
   1.02971534000000e+08   7.49382820686151e-07   2.50664422416190e+01
   1.03371536000000e+08   1.40928329983581e-06   2.51184832761627e+01
   1.03771539000000e+08   1.97193867279566e-06   2.50784517111300e+01
   1.04171541000000e+08   1.36314383780700e-06   2.50424233025953e+01
   1.04571544000000e+08   2.46367608269793e-06   2.50824548676336e+01
   1.04971546000000e+08   7.72087787481723e-07   2.50224075200738e+01
   1.48600699000000e+08   4.64662583544850e-03   2.50304138330826e+01
   1.49000701000000e+08   1.63475976933114e-06   2.50144012070648e+01
   1.49400704000000e+08   1.81642167262908e-06   2.49983885810460e+01
   1.49800706000000e+08   2.15009890780493e-06   2.50063948940555e+01
   1.50200709000000e+08   2.01864577320521e-06   2.50264106765782e+01
   1.50600712000000e+08   1.16452395104716e-06   2.50144012070648e+01
   1.51000714000000e+08   1.68850510817720e-06   2.49703664855106e+01
   1.51400717000000e+08   1.74165688804351e-06   2.49783727985210e+01
   1.51800719000000e+08   2.38323536905227e-06   2.49583570159945e+01
   1.52200722000000e+08   2.29053421207936e-06   2.49663633290053e+01
   1.52600725000000e+08   1.57696058522561e-06   2.49823759550261e+01
   1.53000727000000e+08   1.91833305507316e-06   2.49903822680362e+01
   1.53400730000000e+08   1.99664532374300e-06   2.49383412334665e+01
   1.53800732000000e+08   2.47346179094166e-06   2.50464264590994e+01
   1.54200735000000e+08   2.18500190385384e-06   2.50344169895869e+01
   1.54600737000000e+08   1.46213847074250e-06   2.49663633290053e+01
   1.55000740000000e+08   1.88936451195332e-06   2.50344169895869e+01
   1.55400743000000e+08   2.16563989852148e-06   2.50864580241371e+01
   1.55800745000000e+08   2.33833929996763e-06   2.49983885810460e+01
   1.56200748000000e+08   2.15242857848352e-06   2.50304138330826e+01
   1.56600750000000e+08   1.57614499585179e-06   2.50144012070648e+01
   1.57000753000000e+08   2.04982643481344e-06   2.49943854245411e+01
   1.57400756000000e+08   1.99527744371153e-06   2.50864580241371e+01
   1.57800758000000e+08   2.14652254726388e-06   2.49943854245411e+01
   1.58200761000000e+08   1.87206399004936e-06   2.50304138330826e+01
   1.93371889000000e+08  -2.07227445207536e-03   2.49823759550261e+01
   1.93771891000000e+08   2.97803489957005e-06   2.50144012070648e+01
   1.94171894000000e+08   7.84900521466625e-07   2.49623601725000e+01
   1.94571896000000e+08   3.10396944769309e-06   2.49663633290053e+01
   1.94971899000000e+08   2.71761700787465e-06   2.50063948940555e+01
   1.95371902000000e+08   1.50938501519704e-06   2.49223286074429e+01
   1.95771904000000e+08   2.83128201772342e-06   2.50384201460911e+01
   1.96171907000000e+08   8.59279737142060e-07   2.50744485546264e+01
   1.96571909000000e+08   3.01541626868129e-06   2.49743696420159e+01
   1.96971912000000e+08   2.40279132412979e-06   2.50464264590994e+01
   1.97371915000000e+08   1.38304835672898e-06   2.49783727985210e+01
   1.97771917000000e+08   2.59072794506210e-06   2.50864580241371e+01
   1.98171920000000e+08   7.30193391973444e-07   2.50704453981228e+01
   1.98571922000000e+08   2.70968780569092e-06   2.50144012070648e+01
   1.98971925000000e+08   2.19070807361277e-06   2.50544327721075e+01
   1.99371928000000e+08   1.27297562357853e-06   2.50624390851152e+01
   1.99771930000000e+08   2.65992730419384e-06   2.50464264590994e+01
   2.00171933000000e+08   9.42946201121231e-07   2.50624390851152e+01
   2.00571935000000e+08   3.01050886264420e-06   2.50504296156035e+01
   2.00971938000000e+08   2.25209032578277e-06   2.49623601725000e+01
   2.01371941000000e+08   1.42577607675776e-06   2.50224075200738e+01
   2.01771943000000e+08   2.50099833465356e-06   2.49343380769607e+01
   2.02171946000000e+08   9.27489963942207e-07   2.49743696420159e+01
   2.02571948000000e+08   2.86185468212352e-06   2.49303349204548e+01
   2.02971951000000e+08   2.12671284316457e-06   2.50224075200738e+01
