   4.00002000000000e+05   2.07588004741410e-06   2.49823759550261e+01
   8.00005000000000e+05   1.89397826488857e-06   2.50544327721075e+01
   1.20000700000000e+06   2.07089829018514e-06   2.50544327721075e+01
   1.60001000000000e+06   2.14689634958631e-06   2.50464264590994e+01
   2.00001300000000e+06   1.93730193132069e-06   2.49903822680362e+01
   2.40001500000000e+06   2.16895136873063e-06   2.50224075200738e+01
   2.80001800000000e+06   1.97327926798607e-06   2.50144012070648e+01
   3.20002000000000e+06   2.06522122425667e-06   2.50023917375508e+01
   3.60002300000000e+06   2.08536471291154e-06   2.51585148411891e+01
   4.00002500000000e+06   1.88088290542510e-06   2.50103980505602e+01
   4.40002800000000e+06   2.13593170883541e-06   2.49823759550261e+01
   4.80003100000000e+06   1.80761446699762e-06   2.50224075200738e+01
   5.20003300000000e+06   2.13027146855893e-06   2.50784517111300e+01
   5.60003600000000e+06   1.90057016880019e-06   2.50504296156035e+01
   6.00003800000000e+06   1.97503072740801e-06   2.49583570159945e+01
   6.40004100000000e+06   2.00510521608521e-06   2.49663633290053e+01
   6.80004400000000e+06   1.93695996131282e-06   2.50224075200738e+01
   7.20004600000000e+06   2.00841350306291e-06   2.49823759550261e+01
   7.60004900000000e+06   1.97831241166568e-06   2.51144801196597e+01
   8.00005100000000e+06   1.81167661139625e-06   2.50103980505602e+01
   8.40005400000000e+06   1.80816175543441e-06   2.50304138330826e+01
   8.80005700000000e+06   1.44276395985798e-06   2.51064738066536e+01
   9.20005900000000e+06   1.69430416008254e-06   2.50304138330826e+01
   9.60006200000000e+06   1.54610472691274e-06   2.50144012070648e+01
   4.23681460000000e+07   2.37384997308254e-03   2.50304138330826e+01
   4.27681480000000e+07   2.29446641242248e-06   2.50063948940555e+01
   4.31681510000000e+07   1.07119240055908e-06   2.50864580241371e+01
   4.35681530000000e+07   1.54542340169428e-06   2.50864580241371e+01
   4.39681560000000e+07   1.42803935432312e-06   2.50144012070648e+01
   4.43681590000000e+07   1.42105488976085e-06   2.49943854245411e+01
   4.47681610000000e+07   2.27445707423612e-06   2.50544327721075e+01
   4.51681640000000e+07   1.09071072529332e-06   2.50344169895869e+01
   4.55681660000000e+07   1.66879613061610e-06   2.50824548676336e+01
   4.59681690000000e+07   1.42328121910396e-06   2.49983885810460e+01
   4.63681720000000e+07   2.12412851396948e-06   2.50664422416190e+01
   4.67681740000000e+07   2.84106795334083e-06   2.50944643371439e+01
   4.71681770000000e+07   1.84307521067240e-06   2.50744485546264e+01
   4.75681790000000e+07   2.26256383939472e-06   2.49983885810460e+01
   4.79681820000000e+07   2.14924966712715e-06   2.49623601725000e+01
   4.83681850000000e+07   1.71184433384042e-06   2.49943854245411e+01
   4.87681870000000e+07   2.31427748076385e-06   2.50544327721075e+01
   4.91681900000000e+07   1.15718444249069e-06   2.49663633290053e+01
   4.95681920000000e+07   1.78405787210068e-06   2.50544327721075e+01
   4.99681950000000e+07   1.49364257140405e-06   2.50504296156035e+01
   5.03681970000000e+07   1.34606545998395e-06   2.50224075200738e+01
   5.07682000000000e+07   1.80770450697310e-06   2.49543538594890e+01
   5.11682030000000e+07   7.97126233464951e-07   2.50424233025953e+01
   5.15682050000000e+07   1.39820213007624e-06   2.50584359286114e+01
   5.19682080000000e+07   1.28533235965733e-06   2.49823759550261e+01
   9.57083570000000e+07  -4.24119969829917e-03   2.52185621887171e+01
   9.61083590000000e+07   1.73426883520733e-06   2.50944643371439e+01
   9.65083620000000e+07   1.64782636602467e-06   2.51184832761627e+01
   9.69083650000000e+07   1.92309585145267e-06   2.51825337802020e+01
   9.73083670000000e+07   9.37614288432087e-07   2.51705243106959e+01
   9.77083700000000e+07   1.43475040204066e-06   2.51024706501504e+01
   9.81083720000000e+07   1.68802034750115e-06   2.50424233025953e+01
   9.85083750000000e+07   1.88025671832293e-06   2.50624390851152e+01
   9.89083770000000e+07   1.87365276360651e-06   2.50344169895869e+01
   9.93083800000000e+07   1.10703820155322e-06   2.49983885810460e+01
   9.97083830000000e+07   1.46839488479600e-06   2.50784517111300e+01
   1.00108385000000e+08   1.79474398009916e-06   2.50624390851152e+01
   1.00508388000000e+08   1.43519764606026e-06   2.50464264590994e+01
   1.00908390000000e+08   1.59168564550782e-06   2.49743696420159e+01
   1.01308393000000e+08   7.46039916066366e-07   2.50384201460911e+01
   1.01708396000000e+08   1.32931859297969e-06   2.50464264590994e+01
   1.02108398000000e+08   1.47268531236477e-06   2.50784517111300e+01
   1.02508401000000e+08   1.50943344578991e-06   2.50784517111300e+01
   1.02908403000000e+08   1.57508702613995e-06   2.50744485546264e+01
   1.03308406000000e+08   8.78733260378795e-07   2.50464264590994e+01
   1.03708409000000e+08   1.33658329559694e-06   2.50704453981228e+01
   1.04108411000000e+08   1.63160768806847e-06   2.50344169895869e+01
   1.04508414000000e+08   1.51631070366420e-06   2.51465053716819e+01
   1.04908416000000e+08   1.54299937094038e-06   2.51425022151793e+01
   1.05308419000000e+08   8.31286115499097e-07   2.51745274671980e+01
   1.48841032000000e+08   4.65247454121709e-03   2.50304138330826e+01
   1.49241035000000e+08   1.68534643307794e-06   2.49823759550261e+01
   1.49641038000000e+08   9.77082095232618e-07   2.49903822680362e+01
   1.50041040000000e+08   2.43164095081738e-06   2.49623601725000e+01
   1.50441043000000e+08   1.14749320800911e-06   2.50063948940555e+01
   1.50841045000000e+08   1.86727288564725e-06   2.50464264590994e+01
   1.51241048000000e+08   1.82210385446524e-06   2.50424233025953e+01
   1.51641051000000e+08   9.34031845645222e-07   2.50424233025953e+01
   1.52041053000000e+08   2.49027698373538e-06   2.50103980505602e+01
   1.52441056000000e+08   1.20658819469099e-06   2.51184832761627e+01
   1.52841058000000e+08   2.30668888434593e-06   2.50824548676336e+01
   1.53241061000000e+08   1.85068290647905e-06   2.51425022151793e+01
   1.53641064000000e+08   1.30469254600030e-06   2.50744485546264e+01
   1.54041066000000e+08   2.60915726357780e-06   2.51064738066536e+01
   1.54441069000000e+08   1.49451227571262e-06   2.50424233025953e+01
   1.54841071000000e+08   2.33200034926995e-06   2.50584359286114e+01
   1.55241074000000e+08   2.04460752684099e-06   2.50624390851152e+01
   1.55641077000000e+08   1.51700646711106e-06   2.50384201460911e+01
   1.56041079000000e+08   2.60978708865878e-06   2.50023917375508e+01
   1.56441082000000e+08   1.12578743483027e-06   2.51184832761627e+01
   1.56841084000000e+08   2.05924675356073e-06   2.50023917375508e+01
   1.57241087000000e+08   1.66960478509282e-06   2.50144012070648e+01
   1.57641090000000e+08   1.27037606034719e-06   2.50744485546264e+01
   1.58041092000000e+08   2.28401563617808e-06   2.49783727985210e+01
   1.58441095000000e+08   1.16491094104276e-06   2.49823759550261e+01
   1.93190070000000e+08  -2.06644996069372e-03   2.50544327721075e+01
   1.93590073000000e+08   1.70119960785087e-06   2.49983885810460e+01
   1.93990075000000e+08   1.61515708896331e-06   2.50904611806405e+01
   1.94390078000000e+08  -7.34577767502742e-08   2.50504296156035e+01
   1.94790080000000e+08   2.40861118072644e-06   2.50784517111300e+01
   1.95190083000000e+08   1.52541906572878e-06   2.49263317639489e+01
   1.95590086000000e+08   1.52901702676900e-06   2.50824548676336e+01
   1.95990088000000e+08   1.53528060309327e-06   2.50344169895869e+01
   1.96390091000000e+08   5.24650317856867e-07   2.49743696420159e+01
   1.96790093000000e+08   2.95686822937569e-06   2.50023917375508e+01
   1.97190096000000e+08   1.83987037871702e-06   2.50344169895869e+01
   1.97590099000000e+08   2.06178901862586e-06   2.49743696420159e+01
   1.97990101000000e+08   1.96671112462354e-06   2.51024706501504e+01
   1.98390104000000e+08   9.60184365794703e-07   2.50103980505602e+01
   1.98790106000000e+08   3.21111406265118e-06   2.49983885810460e+01
   1.99190109000000e+08   2.12440136238001e-06   2.50984674936472e+01
   1.99590112000000e+08   2.34982303481956e-06   2.50063948940555e+01
   1.99990114000000e+08   2.07232619686692e-06   2.50544327721075e+01
   2.00390117000000e+08   9.54045617618249e-07   2.50904611806405e+01
   2.00790119000000e+08   3.02010084851645e-06   2.50944643371439e+01
   2.01190122000000e+08   1.88743808848812e-06   2.50384201460911e+01
   2.01590125000000e+08   2.14717033486522e-06   2.49583570159945e+01
   2.01990127000000e+08   1.89313152532122e-06   2.51184832761627e+01
   2.02390130000000e+08   1.07141647731623e-06   2.50984674936472e+01
   2.02790132000000e+08   2.93460288958158e-06   2.50224075200738e+01
