   4.00003000000000e+05   2.13641556001676e-06   2.50184043635693e+01
   8.00005000000000e+05   1.93517894331308e-06   2.49583570159945e+01
   1.20000800000000e+06   2.04122670766083e-06   2.49823759550261e+01
   1.60001100000000e+06   2.12540771826752e-06   2.50864580241371e+01
   2.00001300000000e+06   1.95820507542521e-06   2.50144012070648e+01
   2.40001600000000e+06   2.08066512641381e-06   2.50544327721075e+01
   2.80001800000000e+06   1.98224302039307e-06   2.50784517111300e+01
   3.20002100000000e+06   1.96796622731199e-06   2.50424233025953e+01
   3.60002400000000e+06   2.03165518541937e-06   2.51104769631567e+01
   4.00002600000000e+06   1.89005686479504e-06   2.50864580241371e+01
   4.40002900000000e+06   2.12618078876403e-06   2.50864580241371e+01
   4.80003100000000e+06   1.95937059288553e-06   2.50304138330826e+01
   5.20003400000000e+06   2.01056673176936e-06   2.50344169895869e+01
   5.60003700000000e+06   2.10293706004450e-06   2.49823759550261e+01
   6.00003900000000e+06   1.72129023212619e-06   2.50264106765782e+01
   6.40004200000000e+06   1.54467181801010e-06   2.50464264590994e+01
   6.80004400000000e+06   1.37299252855883e-06   2.50103980505602e+01
   7.20004700000000e+06   1.48534229538200e-06   2.50384201460911e+01
   7.60004900000000e+06   1.47478942835733e-06   2.50744485546264e+01
   8.00005200000000e+06   1.49959589634818e-06   2.50704453981228e+01
   8.40005500000000e+06   1.85931128271477e-06   2.50023917375508e+01
   8.80005700000000e+06   1.75720958850434e-06   2.50063948940555e+01
   9.20006000000000e+06   1.81233315288409e-06   2.50664422416190e+01
   9.60006200000000e+06   1.78419190888235e-06   2.50063948940555e+01
   4.21593810000000e+07   1.58237889991142e-04   2.49903822680362e+01
   4.25593840000000e+07   2.06680851988494e-06   2.49703664855106e+01
   4.29593860000000e+07   2.00642011805030e-06   2.49903822680362e+01
   4.33593890000000e+07   1.86175327598903e-06   2.50264106765782e+01
   4.37593920000000e+07   2.05565493160975e-06   2.50904611806405e+01
   4.41593940000000e+07   1.23767517834494e-06   2.49983885810460e+01
   4.45593970000000e+07   1.42472674724559e-06   2.51024706501504e+01
   4.49593990000000e+07   1.07961625417374e-06   2.50664422416190e+01
   4.53594020000000e+07   1.26262887079065e-06   2.50944643371439e+01
   4.57594050000000e+07   1.31067361053283e-06   2.50464264590994e+01
   4.61594070000000e+07   1.33257628931460e-06   2.50784517111300e+01
   4.65594100000000e+07   1.67944347140292e-06   2.49623601725000e+01
   4.69594120000000e+07   1.49294021412061e-06   2.49983885810460e+01
   4.73594150000000e+07   1.55874681695423e-06   2.50144012070648e+01
   4.77594170000000e+07   1.62499486577872e-06   2.48302560077878e+01
   4.81594200000000e+07   1.52538120801182e-06   2.50504296156035e+01
   4.85594230000000e+07   1.94239487427694e-06   2.49543538594890e+01
   4.89594250000000e+07   1.71578699337260e-06   2.49423443899722e+01
   4.93594280000000e+07   1.71776957813563e-06   2.49263317639489e+01
   4.97594300000000e+07   1.91070785149350e-06   2.49543538594890e+01
   5.01594330000000e+07   1.54393842421996e-06   2.49463475464779e+01
   5.05594360000000e+07   1.91638196156418e-06   2.49543538594890e+01
   5.09594380000000e+07   1.62830167482753e-06   2.49303349204548e+01
   5.13594410000000e+07   1.74237561623158e-06   2.49663633290053e+01
   5.17594430000000e+07   1.79469770955620e-06   2.50103980505602e+01
   9.55167680000000e+07   1.93275234778412e-04   2.50664422416190e+01
   9.59167700000000e+07   1.90855325854500e-06   2.49943854245411e+01
   9.63167730000000e+07   1.29746399579744e-06   2.49503507029835e+01
   9.67167760000000e+07   1.18859998110565e-06   2.49423443899722e+01
   9.71167780000000e+07   1.45833212172874e-06   2.49783727985210e+01
   9.75167810000000e+07   1.08924166397628e-06   2.49183254509368e+01
   9.79167830000000e+07   1.60879642407963e-06   2.49783727985210e+01
   9.83167860000000e+07   1.82672226856084e-06   2.49223286074429e+01
   9.87167890000000e+07   1.74047852397052e-06   2.49383412334665e+01
   9.91167910000000e+07   2.18396394302545e-06   2.49343380769607e+01
   9.95167940000000e+07   1.65998267220857e-06   2.49143222944307e+01
   9.99167960000000e+07   2.30589444072393e-06   2.50384201460911e+01
   1.00316799000000e+08   2.50282482738839e-06   2.50624390851152e+01
   1.00716801000000e+08   2.55500572166056e-06   2.50184043635693e+01
   1.01116804000000e+08   2.77120966529765e-06   2.51705243106959e+01
   1.01516807000000e+08   2.49407071351015e-06   2.51304927456713e+01
   1.01916809000000e+08   2.42558894569811e-06   2.50944643371439e+01
   1.02316812000000e+08   1.63219601745368e-06   2.51264895891685e+01
   1.02716814000000e+08   1.38979703478981e-06   2.50864580241371e+01
   1.03116817000000e+08   1.68633846442390e-06   2.51384990586767e+01
   1.03516820000000e+08   1.33751711928198e-06   2.50264106765782e+01
   1.03916822000000e+08   1.47071330047766e-06   2.50944643371439e+01
   1.04316825000000e+08   9.86809709502268e-07   2.50784517111300e+01
   1.04716827000000e+08   8.58726423302869e-07   2.49703664855106e+01
   1.05116830000000e+08   1.13798569145729e-06   2.50384201460911e+01
   1.48779082000000e+08   2.05300180823542e-04   2.50504296156035e+01
   1.49179085000000e+08   2.02855972020188e-06   2.49983885810460e+01
   1.49579088000000e+08   2.30882596952142e-06   2.51104769631567e+01
   1.49979090000000e+08   1.79184621629247e-06   2.49743696420159e+01
   1.50379093000000e+08   2.00490967472433e-06   2.50504296156035e+01
   1.50779095000000e+08   1.82834446604829e-06   2.51425022151793e+01
   1.51179098000000e+08   1.82148096428136e-06   2.51304927456713e+01
   1.51579101000000e+08   1.86115482847526e-06   2.50864580241371e+01
   1.51979103000000e+08   1.72579120771843e-06   2.50544327721075e+01
   1.52379106000000e+08   1.56525129568763e-06   2.50304138330826e+01
   1.52779108000000e+08   1.55094380716037e-06   2.50344169895869e+01
   1.53179111000000e+08   1.52049688040279e-06   2.50784517111300e+01
   1.53579113000000e+08   1.68473388839629e-06   2.50584359286114e+01
   1.53979116000000e+08   1.77559400071914e-06   2.51184832761627e+01
   1.54379119000000e+08   2.34891194850206e-06   2.50704453981228e+01
   1.54779121000000e+08   2.37019003179739e-06   2.50144012070648e+01
   1.55179124000000e+08   2.34322487813188e-06   2.50664422416190e+01
   1.55579126000000e+08   2.35551374316856e-06   2.50864580241371e+01
   1.55979129000000e+08   2.07152515940834e-06   2.50103980505602e+01
   1.56379132000000e+08   1.65645292327099e-06   2.50184043635693e+01
   1.56779134000000e+08   1.69903432833962e-06   2.49863791115312e+01
   1.57179137000000e+08   1.57615249918308e-06   2.50744485546264e+01
   1.57579139000000e+08   1.72634668160754e-06   2.50424233025953e+01
   1.57979142000000e+08   1.62735648245871e-06   2.49503507029835e+01
   1.58379145000000e+08   1.55473128415906e-06   2.50063948940555e+01
   1.93397456000000e+08   1.59225251991302e-04   2.49743696420159e+01
   1.93797459000000e+08   1.58000648298184e-06   2.50344169895869e+01
   1.94197461000000e+08   1.39742417104571e-06   2.50023917375508e+01
   1.94597464000000e+08   1.78282266460883e-06   2.49903822680362e+01
   1.94997467000000e+08   1.51322421970690e-06   2.50784517111300e+01
   1.95397469000000e+08   1.45347587476863e-06   2.50504296156035e+01
   1.95797472000000e+08   1.65988865319378e-06   2.50944643371439e+01
   1.96197474000000e+08   1.51814788296178e-06   2.50824548676336e+01
   1.96597477000000e+08   1.72808131537749e-06   2.50504296156035e+01
   1.96997480000000e+08   1.56929218064761e-06   2.50544327721075e+01
   1.97397482000000e+08   1.62244418788760e-06   2.51104769631567e+01
   1.97797485000000e+08   1.90115758869069e-06   2.50384201460911e+01
   1.98197487000000e+08   1.90723847026675e-06   2.50224075200738e+01
   1.98597490000000e+08   2.41913539866800e-06   2.49983885810460e+01
   1.98997492000000e+08   2.10923622034898e-06   2.50664422416190e+01
   1.99397495000000e+08   2.26371867029229e-06   2.49583570159945e+01
   1.99797498000000e+08   2.23891515815922e-06   2.49503507029835e+01
   2.00197500000000e+08   2.01738066607504e-06   2.50144012070648e+01
   2.00597503000000e+08   2.36173104894988e-06   2.49823759550261e+01
   2.00997505000000e+08   1.98942802853708e-06   2.49903822680362e+01
   2.01397508000000e+08   2.10260986932553e-06   2.49823759550261e+01
   2.01797511000000e+08   2.29823808695073e-06   2.50224075200738e+01
   2.02197513000000e+08   1.69727093179972e-06   2.50784517111300e+01
   2.02597516000000e+08   1.97592703443661e-06   2.49823759550261e+01
   2.02997518000000e+08   1.70173746028013e-06   2.50544327721075e+01
