   4.00002000000000e+05   1.51491281030758e-06   2.50103980505602e+01
   8.00005000000000e+05   1.76987907707371e-06   2.49983885810460e+01
   1.20000700000000e+06   1.82363100975635e-06   2.49503507029835e+01
   1.60001000000000e+06   1.84647080914146e-06   2.50384201460911e+01
   2.00001300000000e+06   1.95370944311435e-06   2.49703664855106e+01
   2.40001500000000e+06   1.74394574514736e-06   2.49263317639489e+01
   2.80001800000000e+06   2.10528719435388e-06   2.49743696420159e+01
   3.20002000000000e+06   2.13500402423961e-06   2.50864580241371e+01
   3.60002300000000e+06   2.30626710617798e-06   2.51184832761627e+01
   4.00002600000000e+06   2.35588913710671e-06   2.50384201460911e+01
   4.40002800000000e+06   2.17953765968559e-06   2.49983885810460e+01
   4.80003100000000e+06   2.34906178775418e-06   2.50704453981228e+01
   5.20003400000000e+06   2.10100097319810e-06   2.50103980505602e+01
   5.60003600000000e+06   2.05040964829095e-06   2.50344169895869e+01
   6.00003900000000e+06   2.16269768316124e-06   2.50784517111300e+01
   6.40004100000000e+06   1.96037581190467e-06   2.49903822680362e+01
   6.80004400000000e+06   2.34007438848494e-06   2.51024706501504e+01
   7.20004700000000e+06   2.44070338339952e-06   2.51144801196597e+01
   7.60004900000000e+06   2.64146888184769e-06   2.50984674936472e+01
   8.00005200000000e+06   2.67253335550777e-06   2.50704453981228e+01
   8.40005400000000e+06   2.55026634476962e-06   2.51425022151793e+01
   8.80005700000000e+06   2.64126401816611e-06   2.50063948940555e+01
   9.20006000000000e+06   2.41704265135922e-06   2.50504296156035e+01
   9.60006200000000e+06   2.37813583225943e-06   2.50544327721075e+01
   4.21602130000000e+07   1.36150367325172e-04   2.50704453981228e+01
   4.25602150000000e+07   2.47561638389016e-06   2.51505085281844e+01
   4.29602180000000e+07   2.20140282181092e-06   2.49863791115312e+01
   4.33602210000000e+07   2.50220477937546e-06   2.50144012070648e+01
   4.37602230000000e+07   2.15391855817870e-06   2.50744485546264e+01
   4.41602260000000e+07   2.37428275795537e-06   2.50704453981228e+01
   4.45602280000000e+07   2.35351421906671e-06   2.51465053716819e+01
   4.49602310000000e+07   2.39555561165616e-06   2.50184043635693e+01
   4.53602340000000e+07   2.67702603196085e-06   2.50984674936472e+01
   4.57602360000000e+07   2.57528563452070e-06   2.51304927456713e+01
   4.61602390000000e+07   2.63348124462937e-06   2.50784517111300e+01
   4.65602410000000e+07   2.73774639936164e-06   2.50584359286114e+01
   4.69602440000000e+07   2.24205155063828e-06   2.50103980505602e+01
   4.73602470000000e+07   2.45609112425882e-06   2.50063948940555e+01
   4.77602490000000e+07   2.03305739887583e-06   2.49703664855106e+01
   4.81602520000000e+07   2.26308407036413e-06   2.50624390851152e+01
   4.85602550000000e+07   2.23791084863478e-06   2.49423443899722e+01
   4.89602570000000e+07   2.07971584131883e-06   2.49743696420159e+01
   4.93602600000000e+07   2.36036976275500e-06   2.50584359286114e+01
   4.97602620000000e+07   2.04434536499321e-06   2.49463475464779e+01
   5.01602650000000e+07   2.21919344767230e-06   2.49743696420159e+01
   5.05602680000000e+07   2.21111190512602e-06   2.50464264590994e+01
   5.09602700000000e+07   1.89810089068487e-06   2.51184832761627e+01
   5.13602730000000e+07   1.99704595615913e-06   2.50384201460911e+01
   5.17602750000000e+07   1.71931651493651e-06   2.50264106765782e+01
   9.54913860000000e+07   1.89300131751224e-04   2.50344169895869e+01
   9.58913880000000e+07   2.22718131226429e-06   2.49543538594890e+01
   9.62913910000000e+07   2.16570538214000e-06   2.50584359286114e+01
   9.66913940000000e+07   2.29321562983387e-06   2.50144012070648e+01
   9.70913960000000e+07   1.77932633960154e-06   2.50264106765782e+01
   9.74913990000000e+07   1.81935922682896e-06   2.50424233025953e+01
   9.78914010000000e+07   1.72089698935451e-06   2.50864580241371e+01
   9.82914040000000e+07   1.69550889950187e-06   2.50464264590994e+01
   9.86914070000000e+07   1.81523819264839e-06   2.50063948940555e+01
   9.90914090000000e+07   2.10728603633470e-06   2.50304138330826e+01
   9.94914120000000e+07   2.36276309806271e-06   2.51104769631567e+01
   9.98914150000000e+07   2.28503199650731e-06   2.51024706501504e+01
   1.00291417000000e+08   2.21802679334360e-06   2.50384201460911e+01
   1.00691420000000e+08   2.43621684603568e-06   2.50224075200738e+01
   1.01091422000000e+08   2.15938939618354e-06   2.51304927456713e+01
   1.01491425000000e+08   2.19287949221325e-06   2.50224075200738e+01
   1.01891428000000e+08   2.24714517571556e-06   2.50103980505602e+01
   1.02291430000000e+08   2.09535301110009e-06   2.50103980505602e+01
   1.02691433000000e+08   2.33146511163795e-06   2.48702875728593e+01
   1.03091435000000e+08   1.87169450782676e-06   2.49263317639489e+01
   1.03491438000000e+08   2.12798454413132e-06   2.49783727985210e+01
   1.03891441000000e+08   2.00376280190540e-06   2.49543538594890e+01
   1.04291443000000e+08   1.92232005247206e-06   2.50504296156035e+01
   1.04691446000000e+08   2.10238476938684e-06   2.50103980505602e+01
   1.05091448000000e+08   2.05277842724172e-06   2.49663633290053e+01
   1.48594136000000e+08   1.84550168341957e-04   2.50184043635693e+01
   1.48994138000000e+08   2.29852162192401e-06   2.50384201460911e+01
   1.49394141000000e+08   2.67603854808840e-06   2.49983885810460e+01
   1.49794144000000e+08   3.11056555801770e-06   2.50384201460911e+01
   1.50194146000000e+08   2.64187747234246e-06   2.50824548676336e+01
   1.50594149000000e+08   3.03447154692549e-06   2.49983885810460e+01
   1.50994151000000e+08   2.32408683586982e-06   2.50304138330826e+01
   1.51394154000000e+08   2.01196280613658e-06   2.51104769631567e+01
   1.51794157000000e+08   2.21855407289695e-06   2.50464264590994e+01
   1.52194159000000e+08   1.90957484846876e-06   2.51344959021740e+01
   1.52594162000000e+08   2.13066277865437e-06   2.50704453981228e+01
   1.52994164000000e+08   1.99981514015235e-06   2.50144012070648e+01
   1.53394167000000e+08   1.75917864453368e-06   2.50904611806405e+01
   1.53794170000000e+08   2.12458121495729e-06   2.51144801196597e+01
   1.54194172000000e+08   1.69276972883381e-06   2.49783727985210e+01
   1.54594175000000e+08   2.03064018933219e-06   2.51024706501504e+01
   1.54994177000000e+08   1.79865492100362e-06   2.49583570159945e+01
   1.55394180000000e+08   1.73120997715159e-06   2.50304138330826e+01
   1.55794183000000e+08   1.89493277957808e-06   2.49783727985210e+01
   1.56194185000000e+08   1.67399377914990e-06   2.50864580241371e+01
   1.56594188000000e+08   1.86348449915386e-06   2.49663633290053e+01
   1.56994191000000e+08   1.76852176991815e-06   2.50664422416190e+01
   1.57394193000000e+08   1.67988730481738e-06   2.49823759550261e+01
   1.57794196000000e+08   1.90874447980605e-06   2.50063948940555e+01
   1.58194198000000e+08   1.63280878950900e-06   2.49783727985210e+01
   1.93071704000000e+08   1.67762613273226e-04   2.51545116846868e+01
   1.93471706000000e+08   1.71800559201074e-06   2.50224075200738e+01
   1.93871709000000e+08   1.85534236152307e-06   2.50264106765782e+01
   1.94271712000000e+08   1.77680772139865e-06   2.49383412334665e+01
   1.94671714000000e+08   1.81288976364158e-06   2.51024706501504e+01
   1.95071717000000e+08   2.00485533241590e-06   2.50184043635693e+01
   1.95471719000000e+08   1.93849496099574e-06   2.49703664855106e+01
   1.95871722000000e+08   2.12877262129041e-06   2.50704453981228e+01
   1.96271725000000e+08   1.97801364265615e-06   2.50224075200738e+01
   1.96671727000000e+08   2.00414274331706e-06   2.50664422416190e+01
   1.97071730000000e+08   1.92795619113895e-06   2.50824548676336e+01
   1.97471732000000e+08   1.97364238374576e-06   2.50384201460911e+01
   1.97871735000000e+08   1.93829851014016e-06   2.50864580241371e+01
   1.98271738000000e+08   1.95295160665410e-06   2.50424233025953e+01
   1.98671740000000e+08   1.90488162843394e-06   2.50184043635693e+01
   1.99071743000000e+08   1.75626371401449e-06   2.50184043635693e+01
   1.99471745000000e+08   1.58026932695066e-06   2.50103980505602e+01
   1.99871748000000e+08   1.64763571319781e-06   2.49703664855106e+01
   2.00271751000000e+08   1.58259626914514e-06   2.50864580241371e+01
   2.00671753000000e+08   1.63982804224361e-06   2.50664422416190e+01
   2.01071756000000e+08   1.68143787959707e-06   2.50344169895869e+01
   2.01471758000000e+08   1.72909631146467e-06   2.49943854245411e+01
   2.01871761000000e+08   1.76190553702327e-06   2.50504296156035e+01
   2.02271764000000e+08   1.67323764799221e-06   2.50264106765782e+01
   2.02671766000000e+08   1.72772502082807e-06   2.49903822680362e+01
