   4.00003000000000e+05   1.84033353889390e-06   2.49263317639489e+01
   8.00005000000000e+05   1.63242623330007e-06   2.50624390851152e+01
   1.20000800000000e+06   1.83651513907535e-06   2.48943065118992e+01
   1.60001000000000e+06   2.11664587368432e-06   2.50304138330826e+01
   2.00001300000000e+06   2.37018139159773e-06   2.50504296156035e+01
   2.40001600000000e+06   2.55612030741759e-06   2.50063948940555e+01
   2.80001800000000e+06   2.33738887800428e-06   2.50344169895869e+01
   3.20002100000000e+06   2.60921910921752e-06   2.51104769631567e+01
   3.60002300000000e+06   1.91114304470830e-06   2.50264106765782e+01
   4.00002600000000e+06   1.72032969203428e-06   2.50544327721075e+01
   4.40002900000000e+06   1.75895490883704e-06   2.50704453981228e+01
   4.80003100000000e+06   1.55350744535099e-06   2.50344169895869e+01
   5.20003400000000e+06   1.72049124103069e-06   2.51104769631567e+01
   5.60003600000000e+06   2.08008964364126e-06   2.50063948940555e+01
   6.00003900000000e+06   2.29108491112129e-06   2.50184043635693e+01
   6.40004100000000e+06   2.44440980168292e-06   2.50144012070648e+01
   6.80004400000000e+06   2.24517907554400e-06   2.51184832761627e+01
   7.20004700000000e+06   2.52992413152242e-06   2.49863791115312e+01
   7.60004900000000e+06   2.39751852859627e-06   2.49743696420159e+01
   8.00005200000000e+06   2.44168813878787e-06   2.49943854245411e+01
   8.40005400000000e+06   2.59562011706294e-06   2.48702875728593e+01
   8.80005700000000e+06   2.40127792494604e-06   2.49983885810460e+01
   9.20006000000000e+06   2.53148709816742e-06   2.49223286074429e+01
   9.60006200000000e+06   2.08633832698979e-06   2.50424233025953e+01
   4.21680530000000e+07   2.39385059103370e-03   2.50624390851152e+01
   4.25680560000000e+07   2.05412857212650e-06   2.49943854245411e+01
   4.29680580000000e+07   2.25059125114058e-06   2.51224864326656e+01
   4.33680610000000e+07   3.61148386218701e-06   2.51665211541937e+01
   4.37680640000000e+07   2.26094448407821e-06   2.50864580241371e+01
   4.41680660000000e+07   2.36201117331802e-06   2.51144801196597e+01
   4.45680690000000e+07   2.29633747039770e-06   2.50464264590994e+01
   4.49680710000000e+07   2.35155562222644e-06   2.51024706501504e+01
   4.53680740000000e+07   3.62687205779366e-06   2.50384201460911e+01
   4.57680770000000e+07   2.20571587306040e-06   2.51425022151793e+01
   4.61680790000000e+07   2.40622352976061e-06   2.51144801196597e+01
   4.65680820000000e+07   2.28508974942088e-06   2.50384201460911e+01
   4.69680840000000e+07   2.12773215935158e-06   2.50384201460911e+01
   4.73680870000000e+07   3.32242007061723e-06   2.51585148411891e+01
   4.77680900000000e+07   1.81321229320019e-06   2.51545116846868e+01
   4.81680920000000e+07   1.87739362900174e-06   2.50704453981228e+01
   4.85680950000000e+07   1.69778127201425e-06   2.50103980505602e+01
   4.89680970000000e+07   1.37041331527143e-06   2.51384990586767e+01
   4.93681000000000e+07   2.70623445430829e-06   2.50304138330826e+01
   4.97681030000000e+07   1.33337869101524e-06   2.50304138330826e+01
   5.01681050000000e+07   1.56065050305187e-06   2.51064738066536e+01
   5.05681080000000e+07   1.30599232761597e-06   2.50224075200738e+01
   5.09681100000000e+07   9.33736089336890e-07   2.50304138330826e+01
   5.13681130000000e+07   2.19418916458380e-06   2.49783727985210e+01
   5.17681160000000e+07   1.13096575660165e-06   2.49503507029835e+01
   9.57679870000000e+07  -4.31117461994290e-03   2.51104769631567e+01
   9.61679900000000e+07   1.69407337580196e-06   2.51104769631567e+01
   9.65679920000000e+07   1.86895977094537e-06   2.51344959021740e+01
   9.69679950000000e+07   1.10034102362988e-06   2.51505085281844e+01
   9.73679970000000e+07   1.05836920738511e-06   2.50184043635693e+01
   9.77680000000000e+07   2.47890352511604e-06   2.51425022151793e+01
   9.81680030000000e+07   1.90699347513146e-06   2.50904611806405e+01
   9.85680050000000e+07   1.95820848603034e-06   2.50224075200738e+01
   9.89680080000000e+07   1.35328559736081e-06   2.50144012070648e+01
   9.93680100000000e+07   9.82380811365147e-07   2.50464264590994e+01
   9.97680130000000e+07   2.06809090741444e-06   2.50224075200738e+01
   1.00168015000000e+08   1.34645415528212e-06   2.50664422416190e+01
   1.00568018000000e+08   1.67749306001497e-06   2.49063159814183e+01
   1.00968021000000e+08   9.77050490291731e-07   2.48903033553927e+01
   1.01368023000000e+08   7.55108203520649e-07   2.49663633290053e+01
   1.01768026000000e+08   2.15574232242943e-06   2.49423443899722e+01
   1.02168028000000e+08   1.75939590008056e-06   2.50664422416190e+01
   1.02568031000000e+08   2.17794354284706e-06   2.50624390851152e+01
   1.02968034000000e+08   1.51841743445402e-06   2.51024706501504e+01
   1.03368036000000e+08   1.14467115963635e-06   2.52065527192126e+01
   1.03768039000000e+08   2.99859971164551e-06   2.51104769631567e+01
   1.04168041000000e+08   2.76622927231074e-06   2.50224075200738e+01
   1.04568044000000e+08   3.24188818012772e-06   2.51425022151793e+01
   1.04968047000000e+08   2.56940825238416e-06   2.50744485546264e+01
   1.05368049000000e+08   1.92360312212259e-06   2.51264895891685e+01
   1.49404271000000e+08   4.71639959141612e-03   2.51785306237000e+01
   1.49804273000000e+08   2.13986277231015e-06   2.50664422416190e+01
   1.50204276000000e+08   9.16731949018867e-07   2.50504296156035e+01
   1.50604278000000e+08   2.16644411921152e-06   2.50344169895869e+01
   1.51004281000000e+08   1.41113400786708e-06   2.50184043635693e+01
   1.51404284000000e+08   1.53286055137869e-06   2.50344169895869e+01
   1.51804286000000e+08   1.38742541366810e-06   2.49903822680362e+01
   1.52204289000000e+08   6.08547026104134e-08   2.49903822680362e+01
   1.52604291000000e+08   1.19902040296438e-06   2.49383412334665e+01
   1.53004294000000e+08   4.03948064331416e-07   2.48662844163524e+01
   1.53404297000000e+08   1.02150954717217e-06   2.50304138330826e+01
   1.53804299000000e+08   2.37135486713669e-06   2.48502717903243e+01
   1.54204302000000e+08   1.27131056615326e-06   2.48983096684056e+01
   1.54604304000000e+08   2.39813584812509e-06   2.49063159814183e+01
   1.55004307000000e+08   1.59356432050117e-06   2.49863791115312e+01
   1.55404310000000e+08   2.02548426386784e-06   2.49823759550261e+01
   1.55804312000000e+08   2.67186669589137e-06   2.51224864326656e+01
   1.56204315000000e+08   1.47222567647987e-06   2.50984674936472e+01
   1.56604317000000e+08   2.41129237110727e-06   2.51104769631567e+01
   1.57004320000000e+08   1.77207220986020e-06   2.51344959021740e+01
   1.57404323000000e+08   1.84536315828154e-06   2.51064738066536e+01
   1.57804325000000e+08   2.15084946830757e-06   2.51344959021740e+01
   1.58204328000000e+08   8.82896699749836e-07   2.51344959021740e+01
   1.58604330000000e+08   1.77947038082493e-06   2.50664422416190e+01
   1.59004333000000e+08   1.16150147277949e-06   2.50384201460911e+01
   1.94018432000000e+08  -2.09541246294975e-03   2.50664422416190e+01
   1.94418435000000e+08   2.08126152756449e-06   2.49623601725000e+01
   1.94818437000000e+08   1.53609335029614e-06   2.49463475464779e+01
   1.95218440000000e+08   1.17998880000414e-07   2.49743696420159e+01
   1.95618443000000e+08   1.93970276995969e-06   2.49183254509368e+01
   1.96018445000000e+08   1.56065334522282e-06   2.48943065118992e+01
   1.96418448000000e+08   2.21046684600879e-06   2.50144012070648e+01
   1.96818450000000e+08   1.73785588231112e-06   2.49383412334665e+01
   1.97218453000000e+08   5.03559022035915e-07   2.50023917375508e+01
   1.97618456000000e+08   2.42267992689449e-06   2.49623601725000e+01
   1.98018458000000e+08   2.11344990930229e-06   2.50944643371439e+01
   1.98418461000000e+08   2.92209938379528e-06   2.49423443899722e+01
   1.98818463000000e+08   2.45898900175234e-06   2.50664422416190e+01
   1.99218466000000e+08   1.36856738208735e-06   2.49863791115312e+01
   1.99618469000000e+08   2.36509754358849e-06   2.50584359286114e+01
   2.00018471000000e+08   1.82575092821935e-06   2.50023917375508e+01
   2.00418474000000e+08   2.56967632594751e-06   2.49543538594890e+01
   2.00818476000000e+08   2.12857685255585e-06   2.49863791115312e+01
   2.01218479000000e+08   1.18050070341269e-06   2.50864580241371e+01
   2.01618482000000e+08   2.05373703465739e-06   2.50344169895869e+01
   2.02018484000000e+08   1.62561070737866e-06   2.49783727985210e+01
   2.02418487000000e+08   2.14429678635497e-06   2.50544327721075e+01
   2.02818489000000e+08   2.04258321900852e-06   2.50103980505602e+01
   2.03218492000000e+08   1.17792376386205e-06   2.49903822680362e+01
   2.03618494000000e+08   2.27478176384466e-06   2.50144012070648e+01
