   4.00003000000000e+05   2.07982429856202e-06   2.49663633290053e+01
   8.00005000000000e+05   1.60997819875774e-06   2.50824548676336e+01
   1.20000800000000e+06   2.63730180449784e-06   2.50464264590994e+01
   1.60001100000000e+06   1.98914449356380e-06   2.50504296156035e+01
   2.00001300000000e+06   2.48728906626638e-06   2.50304138330826e+01
   2.40001600000000e+06   2.52820768764650e-06   2.50023917375508e+01
   2.80001800000000e+06   1.97072517948982e-06   2.50424233025953e+01
   3.20002100000000e+06   2.52087602348183e-06   2.50464264590994e+01
   3.60002400000000e+06   1.29415616356710e-06   2.50264106765782e+01
   4.00002600000000e+06   1.98518682736903e-06   2.50664422416190e+01
   4.40002900000000e+06   1.75362220034003e-06   2.50184043635693e+01
   4.80003100000000e+06   1.49747745581408e-06   2.49983885810460e+01
   5.20003400000000e+06   2.01614693651209e-06   2.49823759550261e+01
   5.60003600000000e+06   1.11461349661113e-06   2.49983885810460e+01
   6.00003900000000e+06   1.65033679877524e-06   2.50624390851152e+01
   6.40004200000000e+06   1.53508756284282e-06   2.51104769631567e+01
   6.80004400000000e+06   1.10251653495652e-06   2.49863791115312e+01
   7.20004700000000e+06   1.95015445569879e-06   2.50824548676336e+01
   7.60004900000000e+06   1.04297816960752e-06   2.49383412334665e+01
   8.00005200000000e+06   1.86573811333801e-06   2.50224075200738e+01
   8.40005500000000e+06   1.52069310388470e-06   2.50063948940555e+01
   8.80005700000000e+06   1.32434081479005e-06   2.49383412334665e+01
   9.20006000000000e+06   1.85132023489132e-06   2.48903033553927e+01
   9.60006200000000e+06   9.63679440246779e-07   2.49183254509368e+01
   4.20847630000000e+07  -2.06661247648299e-03   2.50424233025953e+01
   4.24847660000000e+07   2.74733139349337e-07   2.50784517111300e+01
   4.28847690000000e+07   3.25871428685787e-06   2.50944643371439e+01
   4.32847710000000e+07   2.02122214432165e-06   2.51104769631567e+01
   4.36847740000000e+07  -8.80530421909498e-07   2.50184043635693e+01
   4.40847760000000e+07   5.79331481276313e-06   2.50544327721075e+01
   4.44847790000000e+07   1.32948798636789e-07   2.49823759550261e+01
   4.48847810000000e+07   3.17865215038182e-06   2.50144012070648e+01
   4.52847840000000e+07   1.64987591233512e-06   2.49583570159945e+01
   4.56847870000000e+07  -6.79012259752199e-07   2.50544327721075e+01
   4.60847890000000e+07   5.34773607796524e-06   2.50023917375508e+01
   4.64847920000000e+07  -2.16471406133678e-07   2.50944643371439e+01
   4.68847940000000e+07   2.90924640466983e-06   2.50144012070648e+01
   4.72847970000000e+07   1.36188543820026e-06   2.50103980505602e+01
   4.76848000000000e+07  -3.97226415316254e-07   2.50224075200738e+01
   4.80848020000000e+07   5.12063979840605e-06   2.50944643371439e+01
   4.84848050000000e+07  -2.24669292947510e-07   2.50184043635693e+01
   4.88848070000000e+07   2.90496245725080e-06   2.50224075200738e+01
   4.92848100000000e+07   1.07977541574655e-06   2.50624390851152e+01
   4.96848120000000e+07  -2.65963421952620e-07   2.50624390851152e+01
   5.00848150000000e+07   4.63525930172182e-06   2.51344959021740e+01
   5.04848180000000e+07  -4.34729400922151e-07   2.50184043635693e+01
   5.08848200000000e+07   2.63888000517909e-06   2.49783727985210e+01
   5.12848230000000e+07   8.73081660301978e-07   2.50424233025953e+01
   5.16848250000000e+07   2.34545112220985e-07   2.50544327721075e+01
   9.55030160000000e+07   4.64512500911951e-03   2.50504296156035e+01
   9.59030190000000e+07   1.32971501898282e-06   2.50224075200738e+01
   9.63030220000000e+07   2.42731061916857e-06   2.50864580241371e+01
   9.67030240000000e+07   5.64851916351472e-07   2.50464264590994e+01
   9.71030270000000e+07   2.16598709812388e-06   2.50424233025953e+01
   9.75030290000000e+07   1.33897833620722e-06   2.49783727985210e+01
   9.79030320000000e+07   1.73993691987562e-06   2.50103980505602e+01
   9.83030350000000e+07   2.12115264730528e-06   2.50584359286114e+01
   9.87030370000000e+07   7.91784600551182e-07   2.49823759550261e+01
   9.91030400000000e+07   2.31928424909711e-06   2.49663633290053e+01
   9.95030420000000e+07   1.13259420686518e-06   2.50744485546264e+01
   9.99030450000000e+07   1.42767180477676e-06   2.49983885810460e+01
   1.00303047000000e+08   2.06651861844875e-06   2.50264106765782e+01
   1.00703050000000e+08   7.56029237436451e-07   2.50424233025953e+01
   1.01103053000000e+08   2.08370124710200e-06   2.50144012070648e+01
   1.01503055000000e+08   8.81848563949461e-07   2.51104769631567e+01
   1.01903058000000e+08   1.60472870902595e-06   2.50063948940555e+01
   1.02303060000000e+08   1.65702431331738e-06   2.50624390851152e+01
   1.02703063000000e+08   6.82433153542661e-07   2.50824548676336e+01
   1.03103066000000e+08   1.98094903680612e-06   2.49623601725000e+01
   1.03503068000000e+08   1.29467446186027e-06   2.50424233025953e+01
   1.03903071000000e+08   2.01155739887326e-06   2.50504296156035e+01
   1.04303073000000e+08   2.00050817511510e-06   2.50904611806405e+01
   1.04703076000000e+08   1.27522287129977e-06   2.49943854245411e+01
   1.05103078000000e+08   2.36849905377312e-06   2.50744485546264e+01
   1.48275659000000e+08  -4.24054870381951e-03   2.50864580241371e+01
   1.48675661000000e+08   2.57585134022520e-06   2.50744485546264e+01
   1.49075664000000e+08   7.12729672613932e-07   2.50144012070648e+01
   1.49475667000000e+08   3.40998212777777e-06   2.50023917375508e+01
   1.49875669000000e+08   3.20647245644068e-06   2.51144801196597e+01
   1.50275672000000e+08   3.63946440984364e-07   2.50144012070648e+01
   1.50675674000000e+08   2.13488965528086e-06   2.50184043635693e+01
   1.51075677000000e+08   5.96305312683398e-07   2.50544327721075e+01
   1.51475680000000e+08   3.42534826813790e-06   2.50544327721075e+01
   1.51875682000000e+08   2.79195660368714e-06   2.50504296156035e+01
   1.52275685000000e+08   5.73258773783891e-07   2.50824548676336e+01
   1.52675687000000e+08   2.08714004656940e-06   2.49783727985210e+01
   1.53075690000000e+08   7.02965962773305e-07   2.50984674936472e+01
   1.53475693000000e+08   3.61554862138291e-06   2.50944643371439e+01
   1.53875695000000e+08   2.95208292300231e-06   2.49623601725000e+01
   1.54275698000000e+08   8.12335883892956e-07   2.49943854245411e+01
   1.54675700000000e+08   2.40655572270043e-06   2.50904611806405e+01
   1.55075703000000e+08   1.04709840798023e-06   2.50864580241371e+01
   1.55475705000000e+08   3.40917540597729e-06   2.50063948940555e+01
   1.55875708000000e+08   2.18005493479723e-06   2.51585148411891e+01
   1.56275711000000e+08   5.51764912870567e-07   2.50063948940555e+01
   1.56675713000000e+08   2.05819787879591e-06   2.49303349204548e+01
   1.57075716000000e+08   9.41294331369136e-07   2.50264106765782e+01
   1.57475718000000e+08   3.26579811371630e-06   2.50704453981228e+01
   1.57875721000000e+08   2.27602072300215e-06   2.51064738066536e+01
   1.92677881000000e+08   2.37437523901463e-03   2.50264106765782e+01
   1.93077884000000e+08   1.13914757093880e-06   2.49583570159945e+01
   1.93477886000000e+08   1.86882209618489e-06   2.50664422416190e+01
   1.93877889000000e+08   2.47430489253020e-06   2.49703664855106e+01
   1.94277892000000e+08   1.78035691078549e-06   2.49623601725000e+01
   1.94677894000000e+08   2.74543390332838e-06   2.49423443899722e+01
   1.95077897000000e+08   1.09865595732117e-06   2.48782938858728e+01
   1.95477899000000e+08   1.80728636678396e-06   2.49583570159945e+01
   1.95877902000000e+08   2.23458437176305e-06   2.49223286074429e+01
   1.96277904000000e+08   1.64763855536876e-06   2.49023128249120e+01
   1.96677907000000e+08   2.32880483963527e-06   2.50103980505602e+01
   1.97077910000000e+08   1.10090616090019e-06   2.50103980505602e+01
   1.97477912000000e+08   1.99483451979177e-06   2.49863791115312e+01
   1.97877915000000e+08   2.27082887249708e-06   2.50544327721075e+01
   1.98277917000000e+08   1.75037678218359e-06   2.51384990586767e+01
   1.98677920000000e+08   2.43699037127953e-06   2.51465053716819e+01
   1.99077923000000e+08   1.07092716916668e-06   2.50464264590994e+01
   1.99477925000000e+08   1.91045842257154e-06   2.51264895891685e+01
   1.99877928000000e+08   2.11705332731071e-06   2.50224075200738e+01
   2.00277930000000e+08   1.70270823218743e-06   2.50704453981228e+01
   2.00677933000000e+08   2.27599412028212e-06   2.49863791115312e+01
   2.01077936000000e+08   1.00126840152370e-06   2.49623601725000e+01
   2.01477938000000e+08   2.14902252082538e-06   2.51144801196597e+01
   2.01877941000000e+08   2.47438083533780e-06   2.49863791115312e+01
   2.02277943000000e+08   1.78047184817842e-06   2.50624390851152e+01
