   4.00002000000000e+05   1.81765437901049e-06   2.49743696420159e+01
   8.00005000000000e+05   1.68415988355264e-06   2.50224075200738e+01
   1.20000800000000e+06   1.77946662915929e-06   2.49703664855106e+01
   1.60001000000000e+06   1.83141685283772e-06   2.49583570159945e+01
   2.00001300000000e+06   1.67245161719620e-06   2.50624390851152e+01
   2.40001500000000e+06   1.87204477697378e-06   2.49903822680362e+01
   2.80001800000000e+06   1.68339340689272e-06   2.50344169895869e+01
   3.20002100000000e+06   1.72671332165919e-06   2.49823759550261e+01
   3.60002300000000e+06   1.89649244930479e-06   2.49583570159945e+01
   4.00002600000000e+06   1.60722242981137e-06   2.49303349204548e+01
   4.40002800000000e+06   1.90720413684176e-06   2.50984674936472e+01
   4.80003100000000e+06   1.69040811215382e-06   2.49183254509368e+01
   5.20003400000000e+06   1.81856239578337e-06   2.50504296156035e+01
   5.60003600000000e+06   1.74078024883784e-06   2.50624390851152e+01
   6.00003900000000e+06   1.59978412739292e-06   2.49823759550261e+01
   6.40004100000000e+06   1.80641325187025e-06   2.50624390851152e+01
   6.80004400000000e+06   1.69530176208355e-06   2.50264106765782e+01
   7.20004700000000e+06   1.66598272244300e-06   2.50304138330826e+01
   7.60004900000000e+06   1.72788941199542e-06   2.50144012070648e+01
   8.00005200000000e+06   1.49645427427458e-06   2.49863791115312e+01
   8.40005400000000e+06   1.76519006345188e-06   2.50464264590994e+01
   8.80005700000000e+06   1.45094577419513e-06   2.51024706501504e+01
   9.20006000000000e+06   1.70407167843223e-06   2.50224075200738e+01
   9.60006200000000e+06   1.90391403975809e-06   2.49263317639489e+01
   4.21104160000000e+07  -2.04489938914776e-03   2.50504296156035e+01
   4.25104180000000e+07   9.13663996016112e-07   2.50384201460911e+01
   4.29104210000000e+07   1.12318230094388e-06   2.49863791115312e+01
   4.33104240000000e+07   2.63827064372890e-06   2.50464264590994e+01
   4.37104260000000e+07   1.41149962473719e-06   2.50704453981228e+01
   4.41104290000000e+07   2.24891027755802e-06   2.50584359286114e+01
   4.45104310000000e+07   9.97414417724940e-07   2.50184043635693e+01
   4.49104340000000e+07   1.60736260568228e-06   2.50624390851152e+01
   4.53104370000000e+07   2.52603604167234e-06   2.50304138330826e+01
   4.57104390000000e+07   1.41967495892459e-06   2.49863791115312e+01
   4.61104420000000e+07   1.98665952666488e-06   2.49303349204548e+01
   4.65104440000000e+07   9.25932170048327e-07   2.51505085281844e+01
   4.69104470000000e+07   1.67825464814086e-06   2.50304138330826e+01
   4.73104500000000e+07   2.57490160038287e-06   2.51705243106959e+01
   4.77104520000000e+07   1.38928589876741e-06   2.51064738066536e+01
   4.81104550000000e+07   2.11667520488845e-06   2.50944643371439e+01
   4.85104570000000e+07   1.07810888039239e-06   2.51264895891685e+01
   4.89104600000000e+07   2.13266162063519e-06   2.51104769631567e+01
   4.93104630000000e+07   2.51854794441897e-06   2.51745274671980e+01
   4.97104650000000e+07   1.36180688059540e-06   2.52145590322157e+01
   5.01104680000000e+07   2.05708192879683e-06   2.52025495627110e+01
   5.05104700000000e+07   1.28479064187559e-06   2.51304927456713e+01
   5.09104730000000e+07   2.40247754845768e-06   2.51505085281844e+01
   5.13104760000000e+07   2.37958511206671e-06   2.51224864326656e+01
   5.17104780000000e+07   1.28448357372690e-06   2.50224075200738e+01
   9.55608130000000e+07   4.59782592952251e-03   2.48903033553927e+01
   9.59608160000000e+07   1.21594996471686e-06   2.49703664855106e+01
   9.63608180000000e+07   1.79256107912806e-06   2.49623601725000e+01
   9.67608210000000e+07   2.78087532024074e-06   2.48983096684056e+01
   9.71608240000000e+07   2.11680730899388e-06   2.52986253187327e+01
   9.75608260000000e+07   8.09315139349565e-08   2.56509030905074e+01
   9.79608290000000e+07   1.31386536850187e-06   2.46501139648878e+01
   9.83608310000000e+07   1.63181755397090e-06   2.53426600402306e+01
   9.87608340000000e+07   2.41813427237503e-06   2.51104769631567e+01
   9.91608370000000e+07   1.36659014060569e-06   2.50264106765782e+01
   9.95608390000000e+07   1.94379680351631e-07   2.49343380769607e+01
   9.99608420000000e+07   1.64260256951820e-06   2.50824548676336e+01
   1.00360844000000e+08   2.04571142603527e-06   2.51505085281844e+01
   1.00760847000000e+08   2.41593193095468e-06   2.49143222944307e+01
   1.01160850000000e+08   1.23555889786076e-06   2.52025495627110e+01
   1.01560852000000e+08   3.83093237132925e-07   2.43819024785542e+01
   1.01960855000000e+08   1.94437689060578e-06   2.48662844163524e+01
   1.02360857000000e+08   2.02378964786476e-06   2.48262528512803e+01
   1.02760860000000e+08   2.07792049877753e-06   2.50184043635693e+01
   1.03160863000000e+08   9.73474016063847e-07   2.45700508346689e+01
   1.03560865000000e+08   1.06506172414811e-06   2.43778993220396e+01
   1.03960868000000e+08   2.65999233306502e-06   2.49903822680362e+01
   1.04360870000000e+08   2.58409886555455e-06   2.50704453981228e+01
   1.04760873000000e+08   2.41591010308184e-06   2.49543538594890e+01
   1.05160876000000e+08   1.43901468163676e-06   2.47261739385723e+01
   1.48666185000000e+08  -4.19162400066853e-03   2.50824548676336e+01
   1.49066188000000e+08   3.48129583471746e-06   2.52625969102287e+01
   1.49466190000000e+08   8.60606007790921e-07   2.48983096684056e+01
   1.49866193000000e+08  -5.17928469889739e-07   2.51585148411891e+01
   1.50266195000000e+08   2.67932659880898e-06   2.52265685017198e+01
   1.50666198000000e+08   1.92783977581712e-06   2.51024706501504e+01
   1.51066201000000e+08   2.87684133581934e-06   2.50144012070648e+01
   1.51466203000000e+08   6.91221941906406e-07   2.49743696420159e+01
   1.51866206000000e+08   2.35044780083626e-07   2.49543538594890e+01
   1.52266208000000e+08   3.46600450029655e-06   2.51344959021740e+01
   1.52666211000000e+08   2.26568317884812e-06   2.50063948940555e+01
   1.53066214000000e+08   2.87945340460283e-06   2.50784517111300e+01
   1.53466216000000e+08   3.93024663480901e-07   2.49543538594890e+01
   1.53866219000000e+08   8.95092284736165e-07   2.51425022151793e+01
   1.54266221000000e+08   3.79481662093895e-06   2.50264106765782e+01
   1.54666224000000e+08   2.10114103538217e-06   2.49903822680362e+01
   1.55066227000000e+08   2.45893920691742e-06   2.48943065118992e+01
   1.55466229000000e+08   3.63941182968119e-07   2.50384201460911e+01
   1.55866232000000e+08   1.52101063122245e-06   2.51264895891685e+01
   1.56266234000000e+08   3.78357117369887e-06   2.50304138330826e+01
   1.56666237000000e+08   1.79856692739122e-06   2.50023917375508e+01
   1.57066240000000e+08   2.12801887755631e-06   2.47702086601686e+01
   1.57466242000000e+08   3.51058730529985e-07   2.50704453981228e+01
   1.57866245000000e+08   1.92046354641207e-06   2.53146379447328e+01
   1.58266247000000e+08   3.64730362889532e-06   2.51384990586767e+01
   1.93388676000000e+08   2.35786219127476e-03   2.50103980505602e+01
   1.93788678000000e+08   1.85246722139709e-06   2.51184832761627e+01
   1.94188681000000e+08   1.03924423910939e-06   2.50103980505602e+01
   1.94588683000000e+08   1.96437781596615e-06   2.50384201460911e+01
   1.94988686000000e+08   2.43879844674666e-06   2.50224075200738e+01
   1.95388689000000e+08   8.58460396102600e-07   2.50424233025953e+01
   1.95788691000000e+08   2.16768580685311e-06   2.51585148411891e+01
   1.96188694000000e+08   1.43201771152235e-06   2.50824548676336e+01
   1.96588696000000e+08   2.28800581680844e-06   2.50184043635693e+01
   1.96988699000000e+08   2.58150248555467e-06   2.49863791115312e+01
   1.97388702000000e+08   9.11539132175676e-07   2.50023917375508e+01
   1.97788704000000e+08   2.03165427592467e-06   2.49743696420159e+01
   1.98188707000000e+08   1.33209903196985e-06   2.50264106765782e+01
   1.98588709000000e+08   2.28277849601000e-06   2.49423443899722e+01
   1.98988712000000e+08   2.12292593460006e-06   2.50103980505602e+01
   1.99388715000000e+08   7.60856266879273e-07   2.49343380769607e+01
   1.99788717000000e+08   2.17111187339469e-06   2.49903822680362e+01
   2.00188720000000e+08   1.56649184646085e-06   2.49023128249120e+01
   2.00588722000000e+08   2.24893096856249e-06   2.50344169895869e+01
   2.00988725000000e+08   1.92503762264096e-06   2.49503507029835e+01
   2.01388728000000e+08   1.02395756584883e-06   2.49983885810460e+01
   2.01788730000000e+08   2.52012569035287e-06   2.49583570159945e+01
   2.02188733000000e+08   1.72032980572112e-06   2.50384201460911e+01
   2.02588735000000e+08   2.51757819569320e-06   2.50624390851152e+01
   2.02988738000000e+08   1.90404477962147e-06   2.49823759550261e+01
