   4.00003000000000e+05   1.99327200789412e-06   2.51184832761627e+01
   8.00006000000000e+05   2.20726678890060e-06   2.52585937537280e+01
   1.20000800000000e+06   2.10884081752738e-06   2.48742907293661e+01
   1.60001100000000e+06   2.22211519940174e-06   2.47021549995165e+01
   2.00001300000000e+06   2.22052244680526e-06   2.49463475464779e+01
   2.40001600000000e+06   2.17480419451022e-06   2.50744485546264e+01
   2.80001900000000e+06   2.12171471503098e-06   2.50384201460911e+01
   3.20002100000000e+06   2.07715083888615e-06   2.49583570159945e+01
   3.60002400000000e+06   2.08712435778580e-06   2.50384201460911e+01
   4.00002600000000e+06   2.07950733965845e-06   2.47461897211170e+01
   4.40002900000000e+06   1.97987878891581e-06   2.49623601725000e+01
   4.80003200000000e+06   2.02362912204990e-06   2.48582781033385e+01
   5.20003400000000e+06   1.81931318365969e-06   2.50544327721075e+01
   5.60003700000000e+06   1.91580397768121e-06   2.50984674936472e+01
   6.00003900000000e+06   1.90350147022400e-06   2.50224075200738e+01
   6.40004200000000e+06   1.88378203347384e-06   2.53106347882328e+01
   6.80004500000000e+06   1.68062149441539e-06   2.50144012070648e+01
   7.20004700000000e+06   1.55736529450223e-06   2.50504296156035e+01
   7.60005000000000e+06   1.58061868660297e-06   2.48863001988861e+01
   8.00005200000000e+06   1.61441960244701e-06   2.49663633290053e+01
   8.40005500000000e+06   1.52787902152340e-06   2.50304138330826e+01
   8.80005700000000e+06   1.65328265211429e-06   2.51745274671980e+01
   9.20006000000000e+06   1.60639865498524e-06   2.50344169895869e+01
   9.60006300000000e+06   1.71446345120785e-06   2.49903822680362e+01
   4.22008310000000e+07  -2.04767473042011e-03   2.50944643371439e+01
   4.26008340000000e+07   2.93227435577137e-06   2.51024706501504e+01
   4.30008370000000e+07   2.83795861832914e-06   2.49543538594890e+01
   4.34008390000000e+07   5.50275949251500e-08   2.50784517111300e+01
   4.38008420000000e+07   1.45689023156592e-06   2.50264106765782e+01
   4.42008440000000e+07   1.29260922676622e-06   2.50904611806405e+01
   4.46008470000000e+07   3.13690043185488e-06   2.50304138330826e+01
   4.50008500000000e+07   2.28220073950069e-06   2.50023917375508e+01
   4.54008520000000e+07  -5.28154480150533e-08   2.49823759550261e+01
   4.58008550000000e+07   1.76104435922753e-06   2.50304138330826e+01
   4.62008570000000e+07   1.60100921675621e-06   2.50224075200738e+01
   4.66008600000000e+07   3.19905620926875e-06   2.50063948940555e+01
   4.70008630000000e+07   1.87714852017962e-06   2.49743696420159e+01
   4.74008650000000e+07   1.69431217500460e-07   2.50424233025953e+01
   4.78008680000000e+07   2.27039936362416e-06   2.50264106765782e+01
   4.82008700000000e+07   1.91892604561872e-06   2.49943854245411e+01
   4.86008730000000e+07   3.01505019706383e-06   2.49703664855106e+01
   4.90008760000000e+07   1.09676466308883e-06   2.50103980505602e+01
   4.94008780000000e+07   2.33834626328644e-07   2.50184043635693e+01
   4.98008810000000e+07   2.29102533921832e-06   2.50264106765782e+01
   5.02008830000000e+07   1.90498337815370e-06   2.51425022151793e+01
   5.06008860000000e+07   2.53850475928630e-06   2.50744485546264e+01
   5.10008880000000e+07   8.30532258078165e-07   2.50744485546264e+01
   5.14008910000000e+07   3.84268901143514e-07   2.50144012070648e+01
   5.18008940000000e+07   2.56098951467720e-06   2.50023917375508e+01
   9.54345030000000e+07   4.59767458960414e-03   2.51184832761627e+01
   9.58345060000000e+07   1.83047109203471e-06   2.50184043635693e+01
   9.62345090000000e+07   3.67849065696646e-06   2.49583570159945e+01
   9.66345110000000e+07   2.04093635147728e-06   2.50304138330826e+01
   9.70345140000000e+07  -5.32926890173258e-07   2.50224075200738e+01
   9.74345160000000e+07   1.77738570528163e-06   2.50384201460911e+01
   9.78345190000000e+07   2.09625773095468e-06   2.50023917375508e+01
   9.82345220000000e+07   3.36038965542684e-06   2.49903822680362e+01
   9.86345240000000e+07   1.38066150157101e-06   2.51465053716819e+01
   9.90345270000000e+07  -5.14220516834030e-07   2.50504296156035e+01
   9.94345290000000e+07   2.21280174628191e-06   2.49623601725000e+01
   9.98345320000000e+07   2.26701627070724e-06   2.50424233025953e+01
   1.00234534000000e+08   2.83801978184783e-06   2.51585148411891e+01
   1.00634537000000e+08   8.80321465501765e-07   2.50544327721075e+01
   1.01034540000000e+08   2.22026258711594e-07   2.49623601725000e+01
   1.01434542000000e+08   3.03343745144957e-06   2.50584359286114e+01
   1.01834545000000e+08   2.66134566118126e-06   2.49703664855106e+01
   1.02234547000000e+08   2.72022680292139e-06   2.51425022151793e+01
   1.02634550000000e+08   7.70175574871246e-07   2.50784517111300e+01
   1.03034553000000e+08   5.18624005962920e-07   2.49943854245411e+01
   1.03434555000000e+08   3.12140446112608e-06   2.49743696420159e+01
   1.03834558000000e+08   2.33210334954492e-06   2.49823759550261e+01
   1.04234560000000e+08   2.24191967390652e-06   2.50544327721075e+01
   1.04634563000000e+08   3.43636457955654e-07   2.51384990586767e+01
   1.05034566000000e+08   7.03972432347655e-07   2.49783727985210e+01
   1.48806156000000e+08  -4.18894970789552e-03   2.47902244427099e+01
   1.49206158000000e+08   1.67292421338061e-06   2.49343380769607e+01
   1.49606161000000e+08   5.53262111679942e-07   2.48782938858728e+01
   1.50006164000000e+08   2.08776100407704e-06   2.56068683690616e+01
   1.50406166000000e+08   2.06107438316394e-06   2.51745274671980e+01
   1.50806169000000e+08   2.46816739490896e-06   2.48822970423795e+01
   1.51206171000000e+08   1.21360267257842e-06   2.50063948940555e+01
   1.51606174000000e+08   7.24862331935583e-07   2.51264895891685e+01
   1.52006177000000e+08   2.23569986701477e-06   2.43018393482499e+01
   1.52406179000000e+08   2.08436313187121e-06   2.46581202779083e+01
   1.52806182000000e+08   2.20309607357194e-06   2.52025495627110e+01
   1.53206184000000e+08   1.13414841962367e-06   2.50264106765782e+01
   1.53606187000000e+08   1.00539728009608e-06   2.49543538594890e+01
   1.54006190000000e+08   2.56044290836144e-06   2.52866158492319e+01
   1.54406192000000e+08   2.03513923224818e-06   2.52946221622325e+01
   1.54806195000000e+08   1.97988924810488e-06   2.52305716582210e+01
   1.55206197000000e+08   9.42817848681443e-07   2.51465053716819e+01
   1.55606200000000e+08   1.29833381379285e-06   2.51425022151793e+01
   1.56006202000000e+08   2.58179898082744e-06   2.48062370687418e+01
   1.56406205000000e+08   1.84276109393977e-06   2.52265685017198e+01
   1.56806208000000e+08   1.66913662269508e-06   2.52906190057322e+01
   1.57206210000000e+08   9.28549638956611e-07   2.49343380769607e+01
   1.57606213000000e+08   1.52676159359544e-06   2.48422654773099e+01
   1.58006215000000e+08   2.59068792729522e-06   2.50664422416190e+01
   1.58406218000000e+08   1.58509726588818e-06   2.54107137007128e+01
   1.93316239000000e+08   2.35854997299612e-03   2.50664422416190e+01
   1.93716242000000e+08   1.48194067151053e-06   2.50504296156035e+01
   1.94116245000000e+08   4.41911168991282e-07   2.49743696420159e+01
   1.94516247000000e+08   2.61636773757346e-06   2.50103980505602e+01
   1.94916250000000e+08   1.91124672710430e-06   2.50103980505602e+01
   1.95316252000000e+08   2.36854725699231e-06   2.49783727985210e+01
   1.95716255000000e+08   1.48288597756618e-06   2.50864580241371e+01
   1.96116257000000e+08   8.51907998367096e-07   2.50264106765782e+01
   1.96516260000000e+08   2.85668238575454e-06   2.50184043635693e+01
   1.96916263000000e+08   1.79333926553227e-06   2.50384201460911e+01
   1.97316265000000e+08   2.16601415559126e-06   2.49863791115312e+01
   1.97716268000000e+08   1.17556305667676e-06   2.50624390851152e+01
   1.98116270000000e+08   1.17298600343929e-06   2.50944643371439e+01
   1.98516273000000e+08   2.83661097455479e-06   2.50784517111300e+01
   1.98916276000000e+08   1.42357612276101e-06   2.50384201460911e+01
   1.99316278000000e+08   1.67329460509791e-06   2.50264106765782e+01
   1.99716281000000e+08   8.70563553689863e-07   2.50464264590994e+01
   2.00116283000000e+08   1.21627499538590e-06   2.50464264590994e+01
   2.00516286000000e+08   2.62572007159179e-06   2.51304927456713e+01
   2.00916289000000e+08   1.31137937842141e-06   2.50864580241371e+01
   2.01316291000000e+08   1.75362401932944e-06   2.50544327721075e+01
   2.01716294000000e+08   9.76338583313918e-07   2.50584359286114e+01
   2.02116296000000e+08   1.65963683684822e-06   2.50824548676336e+01
   2.02516299000000e+08   2.70609393737686e-06   2.50304138330826e+01
   2.02916302000000e+08   1.45429771691852e-06   2.49983885810460e+01
