   4.00002000000000e+05   2.00048179976875e-06   2.56228809950428e+01
   8.00005000000000e+05   2.06817890102684e-06   2.51024706501504e+01
   1.20000800000000e+06   2.03027934730926e-06   2.52065527192126e+01
   1.60001000000000e+06   2.10645089282480e-06   2.52585937537280e+01
   2.00001300000000e+06   2.03378226615314e-06   2.47341802515904e+01
   2.40001500000000e+06   1.94743415704579e-06   2.47101613125353e+01
   2.80001800000000e+06   1.86190823114885e-06   2.53666789792264e+01
   3.20002000000000e+06   1.87577495580626e-06   2.48943065118992e+01
   3.60002300000000e+06   1.83555948751746e-06   2.52986253187327e+01
   4.00002600000000e+06   1.88649892152171e-06   2.51465053716819e+01
   4.40002800000000e+06   1.78534298811428e-06   2.52585937537280e+01
   4.80003100000000e+06   1.77087667907472e-06   2.45940697737372e+01
   5.20003300000000e+06   1.76502669546608e-06   2.49023128249120e+01
   5.60003600000000e+06   1.77906997578248e-06   2.49623601725000e+01
   6.00003900000000e+06   1.73885280219110e-06   2.47021549995165e+01
   6.40004100000000e+06   1.79041251158196e-06   2.53987042312172e+01
   6.80004400000000e+06   1.79156745616638e-06   2.50384201460911e+01
   7.20004600000000e+06   1.80230881596799e-06   2.47902244427099e+01
   7.60004900000000e+06   1.76696789822017e-06   2.47261739385723e+01
   8.00005200000000e+06   1.83437089162908e-06   2.46341013388460e+01
   8.40005400000000e+06   1.87673140317202e-06   2.51705243106959e+01
   8.80005700000000e+06   1.85097167104686e-06   2.47461897211170e+01
   9.20005900000000e+06   1.90797300092527e-06   2.46661265909285e+01
   9.60006200000000e+06   1.90626190033072e-06   2.51785306237000e+01
   4.22441790000000e+07   1.42212869832292e-04   2.49943854245411e+01
   4.26441820000000e+07   1.72813872723054e-06   2.51264895891685e+01
   4.30441840000000e+07   1.77208710283594e-06   2.51224864326656e+01
   4.34441870000000e+07   1.84586951945676e-06   2.51264895891685e+01
   4.38441900000000e+07   1.71154351846781e-06   2.50744485546264e+01
   4.42441920000000e+07   1.89844467968214e-06   2.51264895891685e+01
   4.46441950000000e+07   1.91425601769879e-06   2.50304138330826e+01
   4.50441970000000e+07   1.86701879556495e-06   2.48863001988861e+01
   4.54442000000000e+07   2.08694905268203e-06   2.49223286074429e+01
   4.58442030000000e+07   1.79789651610918e-06   2.50304138330826e+01
   4.62442050000000e+07   1.95234815691947e-06   2.50384201460911e+01
   4.66442080000000e+07   1.75407194547006e-06   2.51745274671980e+01
   4.70442100000000e+07   1.72986699453759e-06   2.51144801196597e+01
   4.74442130000000e+07   1.81681980393478e-06   2.51264895891685e+01
   4.78442160000000e+07   1.59516071107646e-06   2.51344959021740e+01
   4.82442180000000e+07   1.93535993275873e-06   2.49983885810460e+01
   4.86442210000000e+07   1.84183772944380e-06   2.51785306237000e+01
   4.90442230000000e+07   1.85704038813128e-06   2.51625179976914e+01
   4.94442260000000e+07   1.97480039787479e-06   2.51705243106959e+01
   4.98442290000000e+07   1.82563610451325e-06   2.51224864326656e+01
   5.02442310000000e+07   1.96858104573039e-06   2.51144801196597e+01
   5.06442340000000e+07   1.71465546827676e-06   2.51745274671980e+01
   5.10442360000000e+07   1.71465865150822e-06   2.51384990586767e+01
   5.14442390000000e+07   1.82361702627531e-06   2.51585148411891e+01
   5.18442410000000e+07   1.61934815423592e-06   2.50904611806405e+01
   9.52238630000000e+07   2.10675090784207e-04   2.50264106765782e+01
   9.56238650000000e+07   1.57146655510587e-06   2.52225653452185e+01
   9.60238680000000e+07   1.89529703220614e-06   2.50063948940555e+01
   9.64238700000000e+07   1.67124812833208e-06   2.51344959021740e+01
   9.68238730000000e+07   1.76915602878580e-06   2.51024706501504e+01
   9.72238760000000e+07   1.83533450126561e-06   2.50224075200738e+01
   9.76238780000000e+07   1.63339404934959e-06   2.50103980505602e+01
   9.80238810000000e+07   1.89549268725386e-06   2.50304138330826e+01
   9.84238830000000e+07   1.67753751156852e-06   2.53266474142322e+01
   9.88238860000000e+07   1.61168986778648e-06   2.53066316317329e+01
   9.92238880000000e+07   1.80133793037385e-06   2.46300981823354e+01
   9.96238910000000e+07   1.53593350660230e-06   2.50584359286114e+01
   1.00023894000000e+08   1.86189186024421e-06   2.49263317639489e+01
   1.00423896000000e+08   1.63654681273329e-06   2.49903822680362e+01
   1.00823899000000e+08   1.93004916582140e-06   2.50504296156035e+01
   1.01223901000000e+08   1.95137113223609e-06   2.51264895891685e+01
   1.01623904000000e+08   1.73712055584474e-06   2.50344169895869e+01
   1.02023907000000e+08   2.01462194127089e-06   2.46741329039485e+01
   1.02423909000000e+08   1.70957582668052e-06   2.48462686338171e+01
   1.02823912000000e+08   1.71893213973817e-06   2.50264106765782e+01
   1.03223914000000e+08   1.80602398813789e-06   2.50864580241371e+01
   1.03623917000000e+08   1.56584803789883e-06   2.52666000667294e+01
   1.04023920000000e+08   1.95744269149145e-06   2.49623601725000e+01
   1.04423922000000e+08   1.51895551425696e-06   2.50824548676336e+01
   1.04823925000000e+08   1.87829175501975e-06   2.50984674936472e+01
   1.48484514000000e+08   1.86875084182248e-04   2.52105558757142e+01
   1.48884517000000e+08   1.96912878891453e-06   2.50704453981228e+01
   1.49284520000000e+08   1.74903232164070e-06   2.55388147086308e+01
   1.49684522000000e+08   1.93731352737814e-06   2.53546695097288e+01
   1.50084525000000e+08   1.84666350833140e-06   2.53026284752328e+01
   1.50484527000000e+08   1.56244652771420e-06   2.52666000667294e+01
   1.50884530000000e+08   1.68080259754788e-06   2.51264895891685e+01
   1.51284533000000e+08   1.48218043705128e-06   2.50864580241371e+01
   1.51684535000000e+08   1.61461719017097e-06   2.54587515786894e+01
   1.52084538000000e+08   1.54745021063718e-06   2.50103980505602e+01
   1.52484540000000e+08   1.52203961079067e-06   2.56468999340126e+01
   1.52884543000000e+08   1.67911287007882e-06   2.54747642046797e+01
   1.53284546000000e+08   1.51636390910426e-06   2.50103980505602e+01
   1.53684548000000e+08   1.64294533533393e-06   2.51945432497076e+01
   1.54084551000000e+08   1.55034285853617e-06   2.52265685017198e+01
   1.54484553000000e+08   1.75017930814647e-06   2.53106347882328e+01
   1.54884556000000e+08   1.80348445155687e-06   2.51184832761627e+01
   1.55284559000000e+08   1.78572270215227e-06   2.48622812598455e+01
   1.55684561000000e+08   1.78611537648976e-06   2.48943065118992e+01
   1.56084564000000e+08   1.84492296284589e-06   2.48742907293661e+01
   1.56484566000000e+08   1.81151517608669e-06   2.49783727985210e+01
   1.56884569000000e+08   1.93573100659705e-06   2.51104769631567e+01
   1.57284571000000e+08   1.82596477316110e-06   2.48943065118992e+01
   1.57684574000000e+08   1.93242090062995e-06   2.50624390851152e+01
   1.58084577000000e+08   1.80253061898838e-06   2.50264106765782e+01
   1.93215640000000e+08   1.69137565535493e-04   2.49823759550261e+01
   1.93615642000000e+08   1.40364545586635e-06   2.51905400932058e+01
   1.94015645000000e+08   1.58842999553599e-06   2.48702875728593e+01
   1.94415647000000e+08   1.44274258673249e-06   2.50584359286114e+01
   1.94815650000000e+08   1.65797564477543e-06   2.50664422416190e+01
   1.95215653000000e+08   1.65409824148810e-06   2.48903033553927e+01
   1.95615655000000e+08   1.50875098370307e-06   2.51384990586767e+01
   1.96015658000000e+08   1.65777680649626e-06   2.48903033553927e+01
   1.96415660000000e+08   1.57518707055715e-06   2.51665211541937e+01
   1.96815663000000e+08   1.75196464624605e-06   2.49503507029835e+01
   1.97215666000000e+08   1.68568658409640e-06   2.50184043635693e+01
   1.97615668000000e+08   1.63730283020413e-06   2.51024706501504e+01
   1.98015671000000e+08   1.79486903562065e-06   2.49223286074429e+01
   1.98415673000000e+08   1.47165667385707e-06   2.48582781033385e+01
   1.98815676000000e+08   1.57125634814292e-06   2.47101613125353e+01
   1.99215678000000e+08   1.53784299072868e-06   2.48062370687418e+01
   1.99615681000000e+08   1.52829716171254e-06   2.49743696420159e+01
   2.00015684000000e+08   1.59704097768554e-06   2.51144801196597e+01
   2.00415686000000e+08   1.63260813224042e-06   2.50023917375508e+01
   2.00815689000000e+08   1.99235500986106e-06   2.49983885810460e+01
   2.01215691000000e+08   1.84041675765911e-06   2.51224864326656e+01
   2.01615694000000e+08   1.79393600774347e-06   2.51505085281844e+01
   2.02015697000000e+08   1.96602059077122e-06   2.52145590322157e+01
   2.02415699000000e+08   1.75683567249507e-06   2.48863001988861e+01
   2.02815702000000e+08   2.05294441002479e-06   2.50023917375508e+01
