   4.00003000000000e+05   2.19056823880237e-06   2.50784517111300e+01
   8.00005000000000e+05   2.10650932785938e-06   2.48863001988861e+01
   1.20000800000000e+06   1.82755456989980e-06   2.49703664855106e+01
   1.60001100000000e+06   1.62930928127025e-06   2.49943854245411e+01
   2.00001300000000e+06   1.78104335191165e-06   2.49583570159945e+01
   2.40001600000000e+06   1.72600948644686e-06   2.49103191379245e+01
   2.80001800000000e+06   1.66036670634639e-06   2.50063948940555e+01
   3.20002100000000e+06   1.88029093806108e-06   2.49143222944307e+01
   3.60002400000000e+06   1.90763171303843e-06   2.50744485546264e+01
   4.00002600000000e+06   1.87949683549959e-06   2.50264106765782e+01
   4.40002900000000e+06   1.89844979558984e-06   2.49543538594890e+01
   4.80003100000000e+06   1.78615573531715e-06   2.49983885810460e+01
   5.20003400000000e+06   2.10218286156305e-06   2.49863791115312e+01
   5.60003600000000e+06   1.90529681276530e-06   2.51064738066536e+01
   6.00003900000000e+06   2.01430657398305e-06   2.49863791115312e+01
   6.40004200000000e+06   2.00457247956365e-06   2.49383412334665e+01
   6.80004400000000e+06   1.99248256649298e-06   2.50784517111300e+01
   7.20004700000000e+06   1.85394890195312e-06   2.50184043635693e+01
   7.60004900000000e+06   1.80527445081680e-06   2.50464264590994e+01
   8.00005200000000e+06   1.84570114925009e-06   2.50664422416190e+01
   8.40005500000000e+06   1.93849064089591e-06   2.50784517111300e+01
   8.80005700000000e+06   1.58379384629370e-06   2.49983885810460e+01
   9.20006000000000e+06   1.35523657718295e-06   2.50544327721075e+01
   9.60006200000000e+06   1.09942072867852e-06   2.48983096684056e+01
   4.21143810000000e+07  -2.10537482053041e-03   2.50023917375508e+01
   4.25143840000000e+07   2.81641860055970e-06   2.49943854245411e+01
   4.29143860000000e+07   7.19089655376592e-07   2.50784517111300e+01
   4.33143890000000e+07   1.73400587755168e-06   2.49823759550261e+01
   4.37143920000000e+07   2.85088844975689e-06   2.50224075200738e+01
   4.41143940000000e+07   2.08441792892700e-06   2.49223286074429e+01
   4.45143970000000e+07   3.40726978720340e-06   2.50184043635693e+01
   4.49143990000000e+07   1.37110532705265e-06   2.50103980505602e+01
   4.53144020000000e+07   1.98880502466636e-06   2.49703664855106e+01
   4.57144050000000e+07   3.11317239720665e-06   2.50344169895869e+01
   4.61144070000000e+07   2.36921732721385e-06   2.49743696420159e+01
   4.65144100000000e+07   3.61175511898182e-06   2.51144801196597e+01
   4.69144120000000e+07   1.44966088555520e-06   2.50264106765782e+01
   4.73144150000000e+07   1.59805961175152e-06   2.50103980505602e+01
   4.77144180000000e+07   2.47015964305319e-06   2.50504296156035e+01
   4.81144200000000e+07   1.67077689638973e-06   2.50304138330826e+01
   4.85144230000000e+07   2.94315395876765e-06   2.50184043635693e+01
   4.89144250000000e+07   1.25308724818751e-06   2.50304138330826e+01
   4.93144280000000e+07   1.83500333150732e-06   2.50103980505602e+01
   4.97144310000000e+07   2.70316695605288e-06   2.50864580241371e+01
   5.01144330000000e+07   2.01131638277730e-06   2.50504296156035e+01
   5.05144360000000e+07   3.31235196426860e-06   2.49463475464779e+01
   5.09144380000000e+07   1.58104342062870e-06   2.49583570159945e+01
   5.13144410000000e+07   1.93655728253361e-06   2.50344169895869e+01
   5.17144430000000e+07   2.79886194221035e-06   2.50304138330826e+01
   9.53143080000000e+07   4.69044968485832e-03   2.48943065118992e+01
   9.57143110000000e+07   3.06455467580236e-06   2.49623601725000e+01
   9.61143130000000e+07   1.63620882176474e-06   2.49103191379245e+01
   9.65143160000000e+07   7.98960002157401e-07   2.49823759550261e+01
   9.69143180000000e+07   2.69523775386915e-06   2.50544327721075e+01
   9.73143210000000e+07   1.81623352091265e-06   2.50384201460911e+01
   9.77143240000000e+07   3.27502311847638e-06   2.50344169895869e+01
   9.81143260000000e+07   1.93349364963069e-06   2.51264895891685e+01
   9.85143290000000e+07   1.00387433121796e-06   2.51545116846868e+01
   9.89143310000000e+07   2.70861391982180e-06   2.50144012070648e+01
   9.93143340000000e+07   1.76839103005477e-06   2.49823759550261e+01
   9.97143370000000e+07   3.02272337648901e-06   2.50103980505602e+01
   1.00114339000000e+08   1.99308874471171e-06   2.50424233025953e+01
   1.00514342000000e+08   9.03965769794013e-07   2.49543538594890e+01
   1.00914344000000e+08   2.46893500843726e-06   2.49863791115312e+01
   1.01314347000000e+08   1.46883041907131e-06   2.49183254509368e+01
   1.01714350000000e+08   2.78804509434849e-06   2.49343380769607e+01
   1.02114352000000e+08   1.80487279521913e-06   2.49263317639489e+01
   1.02514355000000e+08   7.52021151129156e-07   2.50063948940555e+01
   1.02914357000000e+08   2.22274161387759e-06   2.49103191379245e+01
   1.03314360000000e+08   1.44068962981692e-06   2.48903033553927e+01
   1.03714363000000e+08   2.67223890659807e-06   2.49423443899722e+01
   1.04114365000000e+08   1.84392285973445e-06   2.50184043635693e+01
   1.04514368000000e+08   8.31853469662747e-07   2.49423443899722e+01
   1.04914370000000e+08   2.08906726584246e-06   2.50224075200738e+01
   1.48391717000000e+08  -4.29947441443801e-03   2.50624390851152e+01
   1.48791720000000e+08   2.06900426746870e-06   2.50504296156035e+01
   1.49191722000000e+08   2.09709492082766e-06   2.50063948940555e+01
   1.49591725000000e+08   2.29416355068679e-06   2.50424233025953e+01
   1.49991728000000e+08   2.88112960333820e-06   2.50504296156035e+01
   1.50391730000000e+08   1.34162917220237e-06   2.50464264590994e+01
   1.50791733000000e+08   2.12268878385657e-06   2.49503507029835e+01
   1.51191735000000e+08   2.51087317337806e-06   2.50704453981228e+01
   1.51591738000000e+08   2.80037465927307e-06   2.50144012070648e+01
   1.51991740000000e+08   3.46381875715451e-06   2.51184832761627e+01
   1.52391743000000e+08   1.82150586169882e-06   2.50144012070648e+01
   1.52791746000000e+08   2.50644484367513e-06   2.50664422416190e+01
   1.53191748000000e+08   2.24499035539338e-06   2.50984674936472e+01
   1.53591751000000e+08   2.25532380682125e-06   2.49663633290053e+01
   1.53991753000000e+08   2.92486674879910e-06   2.49823759550261e+01
   1.54391756000000e+08   1.48023809742881e-06   2.49703664855106e+01
   1.54791759000000e+08   2.14541000786994e-06   2.48662844163524e+01
   1.55191761000000e+08   1.82520284397469e-06   2.49783727985210e+01
   1.55591764000000e+08   1.86158649739809e-06   2.49623601725000e+01
   1.55991766000000e+08   2.52958557211969e-06   2.48863001988861e+01
   1.56391769000000e+08   1.20320748919767e-06   2.48462686338171e+01
   1.56791772000000e+08   1.71452541053441e-06   2.50224075200738e+01
   1.57191774000000e+08   1.46848537951882e-06   2.49263317639489e+01
   1.57591777000000e+08   1.45822252761718e-06   2.49463475464779e+01
   1.57991779000000e+08   2.15458294405835e-06   2.50304138330826e+01
   1.92899409000000e+08   2.40636244416237e-03   2.50063948940555e+01
   1.93299411000000e+08   2.05481387638429e-06   2.50664422416190e+01
   1.93699414000000e+08   3.09315601043636e-06   2.50784517111300e+01
   1.94099416000000e+08   1.72931299857737e-06   2.50144012070648e+01
   1.94499419000000e+08   2.90349612441787e-06   2.50224075200738e+01
   1.94899422000000e+08   2.36757023230894e-06   2.50544327721075e+01
   1.95299424000000e+08   1.59978242209036e-06   2.50744485546264e+01
   1.95699427000000e+08   2.45960632128117e-06   2.51344959021740e+01
   1.96099429000000e+08   1.12397322027391e-06   2.50904611806405e+01
   1.96499432000000e+08   2.09328413802723e-06   2.50264106765782e+01
   1.96899435000000e+08   1.86782824584952e-06   2.51064738066536e+01
   1.97299437000000e+08   1.11468989416608e-06   2.50344169895869e+01
   1.97699440000000e+08   1.96455926015915e-06   2.51104769631567e+01
   1.98099442000000e+08   5.66036248983437e-07   2.50344169895869e+01
   1.98499445000000e+08   1.59107753461285e-06   2.50063948940555e+01
   1.98899448000000e+08   1.49758898260188e-06   2.49223286074429e+01
   1.99299450000000e+08   1.22453059248073e-06   2.49503507029835e+01
   1.99699453000000e+08   2.08665528589336e-06   2.49783727985210e+01
   2.00099455000000e+08   8.41344331092841e-07   2.49383412334665e+01
   2.00499458000000e+08   1.63527795393748e-06   2.50624390851152e+01
   2.00899461000000e+08   1.84192913366132e-06   2.49543538594890e+01
   2.01299463000000e+08   1.48555579926324e-06   2.48742907293661e+01
   2.01699466000000e+08   2.55785585068224e-06   2.49983885810460e+01
   2.02099468000000e+08   1.03314675925503e-06   2.50304138330826e+01
   2.02499471000000e+08   1.98500583792338e-06   2.49823759550261e+01
