   4.00003000000000e+05   1.65439632837661e-06   2.50824548676336e+01
   8.00005000000000e+05   1.97634949472558e-06   2.50264106765782e+01
   1.20000800000000e+06   1.87870784884581e-06   2.50023917375508e+01
   1.60001100000000e+06   1.81131144927349e-06   2.49983885810460e+01
   2.00001300000000e+06   2.06033905669756e-06   2.50624390851152e+01
   2.40001600000000e+06   1.86466365903470e-06   2.50784517111300e+01
   2.80001800000000e+06   2.10817916013184e-06   2.50304138330826e+01
   3.20002100000000e+06   2.24985592467419e-06   2.49663633290053e+01
   3.60002400000000e+06   2.20235961023718e-06   2.50624390851152e+01
   4.00002600000000e+06   2.44317357100954e-06   2.49903822680362e+01
   4.40002900000000e+06   2.06584286388534e-06   2.49623601725000e+01
   4.80003100000000e+06   2.12249119613261e-06   2.51064738066536e+01
   5.20003400000000e+06   1.89080003565323e-06   2.50984674936472e+01
   5.60003700000000e+06   1.64823745762988e-06   2.49863791115312e+01
   6.00003900000000e+06   1.93824530470010e-06   2.49863791115312e+01
   6.40004200000000e+06   1.67325765687565e-06   2.50864580241371e+01
   6.80004400000000e+06   1.71815111116302e-06   2.51024706501504e+01
   7.20004700000000e+06   1.48724370774289e-06   2.51945432497076e+01
   7.60005000000000e+06   1.28136855437333e-06   2.50224075200738e+01
   8.00005200000000e+06   1.68018561907957e-06   2.50904611806405e+01
   8.40005500000000e+06   1.27576254271844e-06   2.50784517111300e+01
   8.80005700000000e+06   1.60172703544958e-06   2.51184832761627e+01
   9.20006000000000e+06   1.65880089753045e-06   2.50344169895869e+01
   9.60006300000000e+06   1.49981724462123e-06   2.51224864326656e+01
   4.20224070000000e+07   2.36106244847178e-03   2.50304138330826e+01
   4.24224100000000e+07   1.99927150390522e-08   2.50784517111300e+01
   4.28224130000000e+07   2.42757482737943e-06   2.49983885810460e+01
   4.32224150000000e+07   9.13382223188819e-07   2.50103980505602e+01
   4.36224180000000e+07   4.36645279933146e-07   2.50304138330826e+01
   4.40224210000000e+07   3.34068727170234e-06   2.49423443899722e+01
   4.44224230000000e+07  -3.63663446023565e-07   2.50584359286114e+01
   4.48224260000000e+07   2.26491010835161e-06   2.50144012070648e+01
   4.52224280000000e+07   8.49455545903766e-07   2.50744485546264e+01
   4.56224310000000e+07   5.15533429279458e-07   2.49943854245411e+01
   4.60224340000000e+07   3.14727458317066e-06   2.50264106765782e+01
   4.64224360000000e+07  -3.88381550919803e-07   2.50384201460911e+01
   4.68224390000000e+07   2.41989391724928e-06   2.50224075200738e+01
   4.72224410000000e+07   8.85307599673979e-07   2.50824548676336e+01
   4.76224440000000e+07   1.06155471257807e-06   2.49543538594890e+01
   4.80224470000000e+07   3.18928823617171e-06   2.51184832761627e+01
   4.84224490000000e+07  -1.85045280431950e-07   2.50304138330826e+01
   4.88224520000000e+07   2.49870231527893e-06   2.49783727985210e+01
   4.92224540000000e+07   1.14649947136058e-06   2.50864580241371e+01
   4.96224570000000e+07   1.32902846416982e-06   2.50023917375508e+01
   5.00224600000000e+07   3.12215252051828e-06   2.50344169895869e+01
   5.04224620000000e+07  -1.02141513025344e-07   2.50384201460911e+01
   5.08224650000000e+07   2.66841470875079e-06   2.50784517111300e+01
   5.12224670000000e+07   1.03434797438240e-06   2.50063948940555e+01
   5.16224700000000e+07   1.36196422317880e-06   2.50304138330826e+01
   9.52104750000000e+07  -4.21457504853606e-03   2.50384201460911e+01
   9.56104770000000e+07   2.04945877158025e-06   2.49943854245411e+01
   9.60104800000000e+07   2.04276125259639e-06   2.49903822680362e+01
   9.64104820000000e+07   2.66448523689178e-06   2.50264106765782e+01
   9.68104850000000e+07   2.39244377553405e-06   2.51224864326656e+01
   9.72104870000000e+07  -4.94031766606895e-08   2.50384201460911e+01
   9.76104900000000e+07   2.19303524318093e-06   2.49503507029835e+01
   9.80104930000000e+07   2.28394947043853e-06   2.49943854245411e+01
   9.84104950000000e+07   2.65536368715402e-06   2.49823759550261e+01
   9.88104980000000e+07   1.87872512924514e-06   2.49143222944307e+01
   9.92105000000000e+07  -1.68719409998630e-07   2.49423443899722e+01
   9.96105030000000e+07   2.18030254472978e-06   2.49263317639489e+01
   1.00010506000000e+08   1.95195934793446e-06   2.49583570159945e+01
   1.00410508000000e+08   2.16245439332852e-06   2.50464264590994e+01
   1.00810511000000e+08   1.60177421548724e-06   2.50144012070648e+01
   1.01210513000000e+08   2.47031096023420e-07   2.49703664855106e+01
   1.01610516000000e+08   2.53462235377810e-06   2.50424233025953e+01
   1.02010519000000e+08   2.17766842069977e-06   2.50224075200738e+01
   1.02410521000000e+08   2.23895267481566e-06   2.49463475464779e+01
   1.02810524000000e+08   1.58934767569008e-06   2.49903822680362e+01
   1.03210526000000e+08   5.97159441895201e-07   2.49623601725000e+01
   1.03610529000000e+08   2.85232977148553e-06   2.50184043635693e+01
   1.04010532000000e+08   2.26606721298594e-06   2.50184043635693e+01
   1.04410534000000e+08   2.25339658754820e-06   2.50904611806405e+01
   1.04810537000000e+08   1.46616901020025e-06   2.50424233025953e+01
   1.48428871000000e+08   4.62137488648295e-03   2.50063948940555e+01
   1.48828874000000e+08   3.50721938957577e-06   2.50023917375508e+01
   1.49228876000000e+08   2.11284088891261e-07   2.50304138330826e+01
   1.49628879000000e+08   3.14607541440637e-06   2.50464264590994e+01
   1.50028881000000e+08   1.18307832508435e-06   2.49743696420159e+01
   1.50428884000000e+08   1.99219152818841e-06   2.50224075200738e+01
   1.50828887000000e+08   3.24457505485043e-06   2.49263317639489e+01
   1.51228889000000e+08   1.96516211303788e-07   2.49623601725000e+01
   1.51628892000000e+08   3.07191749016056e-06   2.49543538594890e+01
   1.52028894000000e+08   9.31291765482456e-07   2.50063948940555e+01
   1.52428897000000e+08   2.13416046790371e-06   2.48903033553927e+01
   1.52828900000000e+08   2.87340503746236e-06   2.50023917375508e+01
   1.53228902000000e+08   4.82832945181144e-07   2.50184043635693e+01
   1.53628905000000e+08   2.94187634608534e-06   2.49463475464779e+01
   1.54028907000000e+08   1.30403464027040e-06   2.50103980505602e+01
   1.54428910000000e+08   2.23080178329838e-06   2.49623601725000e+01
   1.54828913000000e+08   2.61903028331290e-06   2.50224075200738e+01
   1.55228915000000e+08   2.59836099303357e-07   2.49743696420159e+01
   1.55628918000000e+08   2.85420696854999e-06   2.50504296156035e+01
   1.56028920000000e+08   9.27054543353734e-07   2.49983885810460e+01
   1.56428923000000e+08   2.14135434362106e-06   2.49863791115312e+01
   1.56828926000000e+08   2.10601069738914e-06   2.49423443899722e+01
   1.57228928000000e+08   3.78546843649019e-07   2.50824548676336e+01
   1.57628931000000e+08   2.50521361522260e-06   2.50704453981228e+01
   1.58028933000000e+08   8.39152676235244e-07   2.50944643371439e+01
   1.93166996000000e+08  -2.05343728885055e-03   2.50184043635693e+01
   1.93566998000000e+08   2.01323359760863e-06   2.49503507029835e+01
   1.93967001000000e+08   4.84891273799803e-08   2.50584359286114e+01
   1.94367004000000e+08   2.17061437979282e-06   2.50824548676336e+01
   1.94767006000000e+08   3.14293197334337e-06   2.50224075200738e+01
   1.95167009000000e+08   2.80252584161644e-06   2.51384990586767e+01
   1.95567011000000e+08   2.20095171243884e-06   2.48742907293661e+01
   1.95967014000000e+08   6.41264023215626e-07   2.52385779712233e+01
   1.96367017000000e+08   3.00884812531876e-06   2.49463475464779e+01
   1.96767019000000e+08   3.12051474793407e-06   2.50424233025953e+01
   1.97167022000000e+08   2.38042844102893e-06   2.49783727985210e+01
   1.97567024000000e+08   1.72931527231412e-06   2.49703664855106e+01
   1.97967027000000e+08   7.35217213332362e-07   2.49863791115312e+01
   1.98367030000000e+08   2.82454288935696e-06   2.50624390851152e+01
   1.98767032000000e+08   2.87824195766007e-06   2.45700508346689e+01
   1.99167035000000e+08   2.00886256607191e-06   2.50544327721075e+01
   1.99567037000000e+08   1.49103721014399e-06   2.51024706501504e+01
   1.99967040000000e+08   7.59455701881961e-07   2.50023917375508e+01
   2.00367043000000e+08   2.90721436613239e-06   2.50704453981228e+01
   2.00767045000000e+08   2.63116612586600e-06   2.51144801196597e+01
   2.01167048000000e+08   1.79057064997323e-06   2.50584359286114e+01
   2.01567050000000e+08   1.27749706280156e-06   2.50544327721075e+01
   2.01967053000000e+08   1.00507361366908e-06   2.50664422416190e+01
   2.02367056000000e+08   2.90136927105777e-06   2.50103980505602e+01
   2.02767058000000e+08   2.62527100858279e-06   2.50103980505602e+01
