   4.00003000000000e+05   1.87372870641411e-06   2.49903822680362e+01
   8.00005000000000e+05   1.79705887148884e-06   2.50704453981228e+01
   1.20000800000000e+06   1.65840344834578e-06   2.50824548676336e+01
   1.60001100000000e+06   1.95176903616812e-06   2.49783727985210e+01
   2.00001300000000e+06   1.82403925919061e-06   2.50704453981228e+01
   2.40001600000000e+06   1.78358527591627e-06   2.50784517111300e+01
   2.80001800000000e+06   1.87795274086966e-06   2.50664422416190e+01
   3.20002100000000e+06   1.82324663455802e-06   2.50103980505602e+01
   3.60002400000000e+06   1.84102941602760e-06   2.50624390851152e+01
   4.00002600000000e+06   1.73085641108628e-06   2.50704453981228e+01
   4.40002900000000e+06   1.73145110693440e-06   2.50184043635693e+01
   4.80003100000000e+06   1.93848541130137e-06   2.50304138330826e+01
   5.20003400000000e+06   1.72755608218722e-06   2.50264106765782e+01
   5.60003600000000e+06   1.97462622963940e-06   2.50624390851152e+01
   6.00003900000000e+06   2.01000239030691e-06   2.50624390851152e+01
   6.40004200000000e+06   2.02795013137802e-06   2.51505085281844e+01
   6.80004400000000e+06   2.04631214728579e-06   2.50264106765782e+01
   7.20004700000000e+06   1.84242503564747e-06   2.51024706501504e+01
   7.60004900000000e+06   2.16291596188967e-06   2.50144012070648e+01
   8.00005200000000e+06   1.84691919002944e-06   2.50744485546264e+01
   8.40005500000000e+06   1.93945174942201e-06   2.50864580241371e+01
   8.80005700000000e+06   1.97345957531070e-06   2.49623601725000e+01
   9.20006000000000e+06   1.85390331353119e-06   2.50624390851152e+01
   9.60006200000000e+06   1.84825069027283e-06   2.50864580241371e+01
   4.21526420000000e+07   1.47500279126689e-04   2.53466631967301e+01
   4.25526440000000e+07   1.47166451824887e-06   2.50023917375508e+01
   4.29526470000000e+07   1.98880024981918e-06   2.51184832761627e+01
   4.33526500000000e+07   1.62558740157692e-06   2.50624390851152e+01
   4.37526520000000e+07   1.87282739716466e-06   2.49743696420159e+01
   4.41526550000000e+07   1.93481469068502e-06   2.45980729302484e+01
   4.45526570000000e+07   1.54938970808871e-06   2.46140855562924e+01
   4.49526600000000e+07   2.16735543290270e-06   2.49463475464779e+01
   4.53526630000000e+07   1.48731794524792e-06   2.49343380769607e+01
   4.57526650000000e+07   1.84004579750763e-06   2.50144012070648e+01
   4.61526680000000e+07   1.72085447047721e-06   2.52585937537280e+01
   4.65526700000000e+07   1.55098723553238e-06   2.53306505707319e+01
   4.69526730000000e+07   1.96970086108195e-06   2.48182465382651e+01
   4.73526760000000e+07   1.42440615036321e-06   2.50224075200738e+01
   4.77526780000000e+07   1.71813587712677e-06   2.56709188729803e+01
   4.81526810000000e+07   1.53960854731849e-06   2.50264106765782e+01
   4.85526830000000e+07   1.46968909575662e-06   2.48983096684056e+01
   4.89526860000000e+07   1.79721780568798e-06   2.44739750783726e+01
   4.93526890000000e+07   1.29315094454796e-06   2.47021549995165e+01
   4.97526910000000e+07   1.67026360031741e-06   2.49663633290053e+01
   5.01526940000000e+07   1.45759361203091e-06   2.53987042312172e+01
   5.05526960000000e+07   1.43332147217734e-06   2.46621234344184e+01
   5.09526990000000e+07   1.71227782175265e-06   2.55908557430795e+01
   5.13527020000000e+07   1.32949412545713e-06   2.50984674936472e+01
   5.17527040000000e+07   1.90860077964317e-06   2.53546695097288e+01
   9.54699970000000e+07   2.03325180336833e-04   2.49343380769607e+01
   9.58699990000000e+07   1.53375174249959e-06   2.50984674936472e+01
   9.62700020000000e+07   1.76699666099012e-06   2.49423443899722e+01
   9.66700040000000e+07   1.73868477304495e-06   2.50264106765782e+01
   9.70700070000000e+07   1.60410331773164e-06   2.49223286074429e+01
   9.74700100000000e+07   1.86146849046054e-06   2.50264106765782e+01
   9.78700120000000e+07   1.63357458404789e-06   2.49703664855106e+01
   9.82700150000000e+07   1.66773702403589e-06   2.47702086601686e+01
   9.86700170000000e+07   1.92248558050778e-06   2.50063948940555e+01
   9.90700200000000e+07   1.42635201427765e-06   2.49903822680362e+01
   9.94700230000000e+07   2.04376124202099e-06   2.50424233025953e+01
   9.98700250000000e+07   1.58141710926429e-06   2.50944643371439e+01
   1.00270028000000e+08   1.90801256394479e-06   2.50144012070648e+01
   1.00670030000000e+08   1.84585894658085e-06   2.51344959021740e+01
   1.01070033000000e+08   1.57187685090321e-06   2.50664422416190e+01
   1.01470036000000e+08   2.07477091862529e-06   2.51184832761627e+01
   1.01870038000000e+08   1.53805717673094e-06   2.50704453981228e+01
   1.02270041000000e+08   1.79275104983390e-06   2.47581991906431e+01
   1.02670043000000e+08   1.80407789684978e-06   2.50704453981228e+01
   1.03070046000000e+08   1.52402435560361e-06   2.50624390851152e+01
   1.03470049000000e+08   1.87124851436238e-06   2.49743696420159e+01
   1.03870051000000e+08   1.51854692376219e-06   2.50904611806405e+01
   1.04270054000000e+08   1.70875011917815e-06   2.48903033553927e+01
   1.04670056000000e+08   1.71112151292618e-06   2.50103980505602e+01
   1.05070059000000e+08   1.48141100453358e-06   2.49663633290053e+01
   1.48819787000000e+08   2.00775015400723e-04   2.49983885810460e+01
   1.49219789000000e+08   1.95253073798085e-06   2.50664422416190e+01
   1.49619792000000e+08   1.48124945553718e-06   2.50103980505602e+01
   1.50019794000000e+08   1.95114716916578e-06   2.50304138330826e+01
   1.50419797000000e+08   1.49667448567925e-06   2.50624390851152e+01
   1.50819800000000e+08   1.75411832969985e-06   2.50504296156035e+01
   1.51219802000000e+08   1.78026073172077e-06   2.50063948940555e+01
   1.51619805000000e+08   1.58027171437425e-06   2.51264895891685e+01
   1.52019807000000e+08   1.99705004888528e-06   2.50304138330826e+01
   1.52419810000000e+08   1.55490852193907e-06   2.50063948940555e+01
   1.52819813000000e+08   1.81660652742721e-06   2.50944643371439e+01
   1.53219815000000e+08   1.87559078312916e-06   2.50224075200738e+01
   1.53619818000000e+08   1.60114154823532e-06   2.49623601725000e+01
   1.54019820000000e+08   2.04627303901361e-06   2.50144012070648e+01
   1.54419823000000e+08   1.49435038565571e-06   2.50063948940555e+01
   1.54819826000000e+08   1.96021073861630e-06   2.49983885810460e+01
   1.55219828000000e+08   1.75760976617312e-06   2.49423443899722e+01
   1.55619831000000e+08   1.75219679476868e-06   2.49943854245411e+01
   1.56019833000000e+08   2.00818453777174e-06   2.50744485546264e+01
   1.56419836000000e+08   1.65841959187674e-06   2.50264106765782e+01
   1.56819839000000e+08   1.99356031771458e-06   2.50224075200738e+01
   1.57219841000000e+08   1.86406009561324e-06   2.49823759550261e+01
   1.57619844000000e+08   1.86858699180448e-06   2.50023917375508e+01
   1.58019846000000e+08   2.13693579098617e-06   2.50664422416190e+01
   1.58419849000000e+08   1.72366765127663e-06   2.49703664855106e+01
   1.93306651000000e+08   1.60800191224553e-04   2.50864580241371e+01
   1.93706654000000e+08   2.02362730306049e-06   2.50824548676336e+01
   1.94106656000000e+08   1.58909358560777e-06   2.50664422416190e+01
   1.94506659000000e+08   2.06188769880100e-06   2.50063948940555e+01
   1.94906662000000e+08   1.69375903169566e-06   2.50624390851152e+01
   1.95306664000000e+08   1.70842577063013e-06   2.49903822680362e+01
   1.95706667000000e+08   1.91425669981982e-06   2.50744485546264e+01
   1.96106669000000e+08   1.45042054100486e-06   2.50744485546264e+01
   1.96506672000000e+08   1.76835078491422e-06   2.50744485546264e+01
   1.96906675000000e+08   1.66971437920438e-06   2.50544327721075e+01
   1.97306677000000e+08   1.62365051892266e-06   2.51024706501504e+01
   1.97706680000000e+08   1.86795682566299e-06   2.50424233025953e+01
   1.98106682000000e+08   1.44746832120290e-06   2.50023917375508e+01
   1.98506685000000e+08   2.06229424293269e-06   2.50504296156035e+01
   1.98906688000000e+08   1.56426381181518e-06   2.50224075200738e+01
   1.99306690000000e+08   1.76501578152966e-06   2.50424233025953e+01
   1.99706693000000e+08   2.00177987608186e-06   2.50584359286114e+01
   2.00106695000000e+08   1.81193092885223e-06   2.50464264590994e+01
   2.00506698000000e+08   2.00956696971843e-06   2.50744485546264e+01
   2.00906701000000e+08   1.68170208780793e-06   2.49903822680362e+01
   2.01306703000000e+08   1.95821280613018e-06   2.50384201460911e+01
   2.01706706000000e+08   1.99392184185854e-06   2.50624390851152e+01
   2.02106708000000e+08   1.59826959134080e-06   2.50664422416190e+01
   2.02506711000000e+08   2.01190891857550e-06   2.50824548676336e+01
   2.02906714000000e+08   1.79787730303360e-06   2.49383412334665e+01
