   4.00003000000000e+05   1.63759114002460e-06   2.50103980505602e+01
   8.00006000000000e+05   1.41890939175937e-06   2.50424233025953e+01
   1.20000800000000e+06   1.44566149629100e-06   2.50424233025953e+01
   1.60001100000000e+06   1.37672566324909e-06   2.49863791115312e+01
   2.00001300000000e+06   1.41577402246185e-06   2.49383412334665e+01
   2.40001600000000e+06   1.48904211982881e-06   2.48903033553927e+01
   2.80001900000000e+06   1.49314257669175e-06   2.51024706501504e+01
   3.20002100000000e+06   1.57478200435435e-06   2.49783727985210e+01
   3.60002400000000e+06   1.49044296904322e-06   2.49263317639489e+01
   4.00002600000000e+06   1.52283757870464e-06   2.50224075200738e+01
   4.40002900000000e+06   1.45017475006171e-06   2.49623601725000e+01
   4.80003200000000e+06   1.41951204568613e-06   2.50063948940555e+01
   5.20003400000000e+06   1.48707442804152e-06   2.49823759550261e+01
   5.60003700000000e+06   1.46950446833216e-06   2.50504296156035e+01
   6.00003900000000e+06   1.48961521517776e-06   2.50224075200738e+01
   6.40004200000000e+06   1.56306987264543e-06   2.49503507029835e+01
   6.80004400000000e+06   1.75039372152241e-06   2.50184043635693e+01
   7.20004700000000e+06   1.87989485311846e-06   2.50344169895869e+01
   7.60005000000000e+06   1.73614500909025e-06   2.50224075200738e+01
   8.00005200000000e+06   1.86777265298588e-06   2.50144012070648e+01
   8.40005500000000e+06   1.64238804245542e-06   2.50264106765782e+01
   8.80005700000000e+06   1.58943566930247e-06   2.50864580241371e+01
   9.20006000000000e+06   1.43903889693320e-06   2.49223286074429e+01
   9.60006300000000e+06   1.51739425291453e-06   2.49503507029835e+01
   4.21988730000000e+07   2.40021268837154e-03   2.50304138330826e+01
   4.25988760000000e+07   1.28574549762561e-06   2.50344169895869e+01
   4.29988790000000e+07   7.18134515409474e-07   2.50103980505602e+01
   4.33988810000000e+07   1.49818754380249e-06   2.49583570159945e+01
   4.37988840000000e+07   1.31143292492197e-06   2.50744485546264e+01
   4.41988860000000e+07   7.19027127615846e-07   2.50103980505602e+01
   4.45988890000000e+07   1.88244484888855e-06   2.50504296156035e+01
   4.49988920000000e+07   1.73111016010807e-06   2.50103980505602e+01
   4.53988940000000e+07   2.44583020503342e-06   2.51104769631567e+01
   4.57988970000000e+07   2.32347292694612e-06   2.51184832761627e+01
   4.61988990000000e+07   1.99312785298389e-06   2.49583570159945e+01
   4.65989020000000e+07   2.18187847167428e-06   2.50304138330826e+01
   4.69989050000000e+07   1.67888197211141e-06   2.49623601725000e+01
   4.73989070000000e+07   2.32620209317247e-06   2.51064738066536e+01
   4.77989100000000e+07   2.50956327363383e-06   2.50264106765782e+01
   4.81989120000000e+07   1.91587400877324e-06   2.50304138330826e+01
   4.85989150000000e+07   2.01886837203347e-06   2.50184043635693e+01
   4.89989180000000e+07   1.27122893900378e-06   2.51064738066536e+01
   4.93989200000000e+07   2.13567864193465e-06   2.49863791115312e+01
   4.97989230000000e+07   2.04487923838315e-06   2.49863791115312e+01
   5.01989250000000e+07   1.77353410890646e-06   2.50184043635693e+01
   5.05989280000000e+07   2.09418112717685e-06   2.50063948940555e+01
   5.09989310000000e+07   1.82056226094574e-06   2.49703664855106e+01
   5.13989330000000e+07   2.42106830228295e-06   2.49423443899722e+01
   5.17989360000000e+07   2.61187233263627e-06   2.50544327721075e+01
   9.56603780000000e+07  -4.29239915683866e-03   2.49743696420159e+01
   9.60603800000000e+07   1.13787348254846e-06   2.49703664855106e+01
   9.64603830000000e+07   1.31136778236396e-06   2.49583570159945e+01
   9.68603860000000e+07   1.34793447159609e-06   2.49023128249120e+01
   9.72603880000000e+07   2.14139004128810e-06   2.51024706501504e+01
   9.76603910000000e+07   1.48798369536962e-06   2.51064738066536e+01
   9.80603930000000e+07   6.68674772441591e-07   2.50704453981228e+01
   9.84603960000000e+07   8.94057336608967e-07   2.51705243106959e+01
   9.88603990000000e+07   1.51603876474837e-06   2.50063948940555e+01
   9.92604010000000e+07   2.19191383621364e-06   2.50784517111300e+01
   9.96604040000000e+07   1.76920548256021e-06   2.50784517111300e+01
   1.00060406000000e+08   8.30568751553074e-07   2.51224864326656e+01
   1.00460409000000e+08   1.19186734082177e-06   2.50784517111300e+01
   1.00860412000000e+08   1.73557657490164e-06   2.50984674936472e+01
   1.01260414000000e+08   2.52989434557094e-06   2.51264895891685e+01
   1.01660417000000e+08   2.15760815081012e-06   2.50944643371439e+01
   1.02060419000000e+08   1.37925883336720e-06   2.51104769631567e+01
   1.02460422000000e+08   1.49340041843971e-06   2.50464264590994e+01
   1.02860424000000e+08   1.96505243366119e-06   2.50304138330826e+01
   1.03260427000000e+08   2.67498739958683e-06   2.50544327721075e+01
   1.03660430000000e+08   2.35185507335700e-06   2.49903822680362e+01
   1.04060432000000e+08   1.51085021116160e-06   2.50144012070648e+01
   1.04460435000000e+08   1.42730880270392e-06   2.50384201460911e+01
   1.04860437000000e+08   1.57103170295159e-06   2.49343380769607e+01
   1.05260440000000e+08   2.12839904634166e-06   2.50624390851152e+01
   1.49075567000000e+08   4.69287484884262e-03   2.50384201460911e+01
   1.49475570000000e+08   6.77791319958487e-07   2.51304927456713e+01
   1.49875572000000e+08   2.07872835744638e-06   2.50424233025953e+01
   1.50275575000000e+08   2.01621628548310e-06   2.50824548676336e+01
   1.50675578000000e+08   2.11891688195465e-06   2.49703664855106e+01
   1.51075580000000e+08   3.14125372824492e-06   2.50304138330826e+01
   1.51475583000000e+08   1.13791645617312e-06   2.50784517111300e+01
   1.51875585000000e+08   2.61068589679780e-06   2.50304138330826e+01
   1.52275588000000e+08   2.39400719692640e-06   2.49183254509368e+01
   1.52675591000000e+08   2.42425244323385e-06   2.51264895891685e+01
   1.53075593000000e+08   3.29217778016755e-06   2.50904611806405e+01
   1.53475596000000e+08   1.53394694279996e-06   2.50504296156035e+01
   1.53875598000000e+08   2.79619848697621e-06   2.51304927456713e+01
   1.54275601000000e+08   2.51865321843070e-06   2.50584359286114e+01
   1.54675604000000e+08   1.74260947005678e-06   2.50304138330826e+01
   1.55075606000000e+08   2.56483031080279e-06   2.50864580241371e+01
   1.55475609000000e+08   7.37692744223750e-07   2.50224075200738e+01
   1.55875611000000e+08   1.93334903997311e-06   2.51264895891685e+01
   1.56275614000000e+08   1.73677813108952e-06   2.51264895891685e+01
   1.56675617000000e+08   1.77077856733376e-06   2.50144012070648e+01
   1.57075619000000e+08   2.61412219515478e-06   2.50584359286114e+01
   1.57475622000000e+08   1.03867819234438e-06   2.49743696420159e+01
   1.57875624000000e+08   2.08373558052699e-06   2.50424233025953e+01
   1.58275627000000e+08   1.95950315173832e-06   2.51144801196597e+01
   1.58675630000000e+08   1.41947850806901e-06   2.50264106765782e+01
   1.94241417000000e+08  -2.09302478469908e-03   2.50344169895869e+01
   1.94641419000000e+08   2.69447787104582e-06   2.50584359286114e+01
   1.95041422000000e+08   2.20764218283875e-06   2.50384201460911e+01
   1.95441424000000e+08   3.03591878036968e-06   2.50424233025953e+01
   1.95841427000000e+08   1.56523947225651e-06   2.50264106765782e+01
   1.96241430000000e+08   2.02393539439072e-06   2.50023917375508e+01
   1.96641432000000e+08   3.31063347402960e-06   2.50704453981228e+01
   1.97041435000000e+08   3.03701222037489e-06   2.49983885810460e+01
   1.97441437000000e+08   3.64742845704313e-06   2.49583570159945e+01
   1.97841440000000e+08   2.48853393713944e-06   2.50424233025953e+01
   1.98241442000000e+08   2.66271717919153e-06   2.49703664855106e+01
   1.98641445000000e+08   2.97450037578528e-06   2.50584359286114e+01
   1.99041448000000e+08   2.22267499339068e-06   2.50264106765782e+01
   1.99441450000000e+08   2.88852947960549e-06   2.49743696420159e+01
   1.99841453000000e+08   1.83731310698931e-06   2.50304138330826e+01
   2.00241455000000e+08   2.01111879505333e-06   2.50664422416190e+01
   2.00641458000000e+08   2.19247135646583e-06   2.49983885810460e+01
   2.01041461000000e+08   1.50092137118918e-06   2.50103980505602e+01
   2.01441463000000e+08   2.18436389332055e-06   2.50584359286114e+01
   2.01841466000000e+08   1.20380741464032e-06   2.50184043635693e+01
   2.02241468000000e+08   1.39922406106052e-06   2.49943854245411e+01
   2.02641471000000e+08   2.09792551686405e-06   2.50544327721075e+01
   2.03041474000000e+08   1.47149080476083e-06   2.51545116846868e+01
   2.03441476000000e+08   2.33177047448407e-06   2.50624390851152e+01
   2.03841479000000e+08   1.44083060149569e-06   2.50544327721075e+01
