   4.00003000000000e+05   1.59654791787034e-06   2.51545116846868e+01
   8.00006000000000e+05   2.16838407141040e-06   2.54707610481822e+01
   1.20000800000000e+06   2.04123034563963e-06   2.52425811277244e+01
   1.60001100000000e+06   1.94507947526290e-06   2.49543538594890e+01
   2.00001300000000e+06   1.83305382961407e-06   2.50784517111300e+01
   2.40001600000000e+06   2.41428551817080e-06   2.50944643371439e+01
   2.80001900000000e+06   2.25803660214297e-06   2.48702875728593e+01
   3.20002100000000e+06   1.43883789860411e-06   2.50944643371439e+01
   3.60002400000000e+06   2.52110976362019e-06   2.51465053716819e+01
   4.00002600000000e+06   2.09596191780292e-06   2.47581991906431e+01
   4.40002900000000e+06   2.01195439331059e-06   2.49103191379245e+01
   4.80003200000000e+06   1.63882782544533e-06   2.53346537272316e+01
   5.20003400000000e+06   2.08890719477495e-06   2.49863791115312e+01
   5.60003700000000e+06   2.28223893827817e-06   2.53266474142322e+01
   6.00003900000000e+06   1.35330083139706e-06   2.48622812598455e+01
   6.40004200000000e+06   1.94687072507804e-06   2.50464264590994e+01
   6.80004500000000e+06   2.27347163672675e-06   2.52185621887171e+01
   7.20004700000000e+06   1.57439740178233e-06   2.53466631967301e+01
   7.60005000000000e+06   1.93415803551034e-06   2.52425811277244e+01
   8.00005200000000e+06   1.82171322649083e-06   2.49663633290053e+01
   8.40005500000000e+06   2.21522259380436e-06   2.52225653452185e+01
   8.80005800000000e+06   1.67050757227116e-06   2.50344169895869e+01
   9.20006000000000e+06   1.58573061526113e-06   2.49583570159945e+01
   9.60006300000000e+06   2.33438800023578e-06   2.49383412334665e+01
   4.21994660000000e+07   1.57237707753666e-04   2.50464264590994e+01
   4.25994680000000e+07   2.14196120396082e-06   2.51184832761627e+01
   4.29994710000000e+07   1.58908892444742e-06   2.50704453981228e+01
   4.33994730000000e+07   2.23461688619864e-06   2.51264895891685e+01
   4.37994760000000e+07   1.81542020527559e-06   2.50944643371439e+01
   4.41994790000000e+07   1.73693342730985e-06   2.50904611806405e+01
   4.45994810000000e+07   2.18377977034834e-06   2.51104769631567e+01
   4.49994840000000e+07   1.56919043092785e-06   2.51304927456713e+01
   4.53994860000000e+07   1.94434051081771e-06   2.51184832761627e+01
   4.57994890000000e+07   1.77249819444114e-06   2.50824548676336e+01
   4.61994920000000e+07   1.85409021469241e-06   2.50784517111300e+01
   4.65994940000000e+07   2.04860930352879e-06   2.50624390851152e+01
   4.69994970000000e+07   1.26737666050758e-06   2.50824548676336e+01
   4.73994990000000e+07   2.05175865630736e-06   2.50824548676336e+01
   4.77995020000000e+07   1.56602925471816e-06   2.50664422416190e+01
   4.81995050000000e+07   1.60961292294814e-06   2.51304927456713e+01
   4.85995070000000e+07   1.77826245817414e-06   2.49863791115312e+01
   4.89995100000000e+07   1.66078257279878e-06   2.49623601725000e+01
   4.93995120000000e+07   2.04667617254017e-06   2.49503507029835e+01
   4.97995150000000e+07   1.52167922351509e-06   2.50344169895869e+01
   5.01995180000000e+07   1.80335041477520e-06   2.50544327721075e+01
   5.05995200000000e+07   2.04355296773429e-06   2.50584359286114e+01
   5.09995230000000e+07   1.52754682858358e-06   2.50464264590994e+01
   5.13995260000000e+07   2.04472030418401e-06   2.51064738066536e+01
   5.17995280000000e+07   1.65022595410846e-06   2.50864580241371e+01
   9.51807720000000e+07   1.77000241819769e-04   2.51064738066536e+01
   9.55807750000000e+07   1.84705402261898e-06   2.49343380769607e+01
   9.59807770000000e+07   1.82090684575087e-06   2.50384201460911e+01
   9.63807800000000e+07   1.81522386810684e-06   2.48983096684056e+01
   9.67807830000000e+07   2.21563936975144e-06   2.49423443899722e+01
   9.71807850000000e+07   1.94438598555280e-06   2.49503507029835e+01
   9.75807880000000e+07   2.27093482862983e-06   2.48822970423795e+01
   9.79807900000000e+07   2.12950521927269e-06   2.48342591642952e+01
   9.83807930000000e+07   2.16193689084321e-06   2.48182465382651e+01
   9.87807960000000e+07   1.90332809779648e-06   2.48542749468314e+01
   9.91807980000000e+07   1.93888308785972e-06   2.49903822680362e+01
   9.95808010000000e+07   2.17500723920239e-06   2.51665211541937e+01
   9.99808030000000e+07   1.82284634320240e-06   2.49583570159945e+01
   1.00380806000000e+08   2.12326267501339e-06   2.50824548676336e+01
   1.00780809000000e+08   2.00648241843737e-06   2.50784517111300e+01
   1.01180811000000e+08   2.06893469112401e-06   2.50744485546264e+01
   1.01580814000000e+08   1.95682196135749e-06   2.50424233025953e+01
   1.01980816000000e+08   1.93201412912458e-06   2.52345748147222e+01
   1.02380819000000e+08   2.04081152332947e-06   2.52465842842254e+01
   1.02780822000000e+08   1.81407369836961e-06   2.50904611806405e+01
   1.03180824000000e+08   1.80315282705124e-06   2.49703664855106e+01
   1.03580827000000e+08   2.02911314772791e-06   2.49623601725000e+01
   1.03980830000000e+08   1.92076845451083e-06   2.50103980505602e+01
   1.04380832000000e+08   1.98906286641432e-06   2.49143222944307e+01
   1.04780835000000e+08   1.84705345418479e-06   2.49143222944307e+01
   1.48567401000000e+08   2.20175192225724e-04   2.49103191379245e+01
   1.48967404000000e+08   1.66582174188079e-06   2.50063948940555e+01
   1.49367407000000e+08   1.57364127062465e-06   2.50184043635693e+01
   1.49767409000000e+08   1.66971130965976e-06   2.49983885810460e+01
   1.50167412000000e+08   1.75095044596674e-06   2.50063948940555e+01
   1.50567414000000e+08   1.58789202941989e-06   2.50264106765782e+01
   1.50967417000000e+08   1.48377046116366e-06   2.49583570159945e+01
   1.51367420000000e+08   1.67010875884444e-06   2.50264106765782e+01
   1.51767422000000e+08   1.40567215112242e-06   2.49623601725000e+01
   1.52167425000000e+08   1.70208056715637e-06   2.50224075200738e+01
   1.52567427000000e+08   1.49663924275956e-06   2.50784517111300e+01
   1.52967430000000e+08   1.86507770649769e-06   2.49423443899722e+01
   1.53367433000000e+08   1.68381518506067e-06   2.49383412334665e+01
   1.53767435000000e+08   1.70449436609488e-06   2.50344169895869e+01
   1.54167438000000e+08   1.88104354492680e-06   2.49743696420159e+01
   1.54567440000000e+08   1.70548787536973e-06   2.49543538594890e+01
   1.54967443000000e+08   1.67793825767149e-06   2.50023917375508e+01
   1.55367446000000e+08   1.77910101228917e-06   2.49703664855106e+01
   1.55767448000000e+08   1.76600929080450e-06   2.50304138330826e+01
   1.56167451000000e+08   1.76113542238454e-06   2.49983885810460e+01
   1.56567454000000e+08   1.56057387812325e-06   2.49543538594890e+01
   1.56967456000000e+08   1.85761132343032e-06   2.50063948940555e+01
   1.57367459000000e+08   1.79237986230874e-06   2.49623601725000e+01
   1.57767461000000e+08   1.65914707395132e-06   2.49943854245411e+01
   1.58167464000000e+08   1.83985844159906e-06   2.50344169895869e+01
   1.93157644000000e+08   1.52275315485895e-04   2.50864580241371e+01
   1.93557646000000e+08   1.94297763300710e-06   2.50664422416190e+01
   1.93957649000000e+08   2.07481025427114e-06   2.47702086601686e+01
   1.94357651000000e+08   1.91583558262209e-06   2.48863001988861e+01
   1.94757654000000e+08   1.93492837752274e-06   2.46941486864974e+01
   1.95157657000000e+08   1.97323652173509e-06   2.50744485546264e+01
   1.95557659000000e+08   1.62286539762135e-06   2.46341013388460e+01
   1.95957662000000e+08   2.07775065064197e-06   2.50103980505602e+01
   1.96357664000000e+08   1.71661770309584e-06   2.49343380769607e+01
   1.96757667000000e+08   1.95921165868640e-06   2.49343380769607e+01
   1.97157670000000e+08   1.84743328190962e-06   2.48262528512803e+01
   1.97557672000000e+08   1.81230745965877e-06   2.53626758227272e+01
   1.97957675000000e+08   1.99393548427906e-06   2.52265685017198e+01
   1.98357677000000e+08   1.72676584497822e-06   2.53066316317329e+01
   1.98757680000000e+08   1.87128432571626e-06   2.49743696420159e+01
   1.99157683000000e+08   1.78102834524907e-06   2.50624390851152e+01
   1.99557685000000e+08   1.63963454724581e-06   2.51625179976914e+01
   1.99957688000000e+08   1.94510448636720e-06   2.47301770950813e+01
   2.00357690000000e+08   1.59960848122864e-06   2.48702875728593e+01
   2.00757693000000e+08   1.84176315087825e-06   2.48262528512803e+01
   2.01157696000000e+08   1.69941506555915e-06   2.53146379447328e+01
   2.01557698000000e+08   1.62046558216389e-06   2.49143222944307e+01
   2.01957701000000e+08   1.86422505521477e-06   2.50103980505602e+01
   2.02357704000000e+08   1.48887886552984e-06   2.49983885810460e+01
   2.02757706000000e+08   1.70192936366220e-06   2.50784517111300e+01
