   4.00003000000000e+05   1.80283325335040e-06   2.50264106765782e+01
   8.00006000000000e+05   1.74198930835701e-06   2.49783727985210e+01
   1.20000800000000e+06   1.77341860307934e-06   2.50304138330826e+01
   1.60001100000000e+06   1.79980190750939e-06   2.50944643371439e+01
   2.00001300000000e+06   1.76232117610198e-06   2.50424233025953e+01
   2.40001600000000e+06   2.04436014428211e-06   2.50864580241371e+01
   2.80001900000000e+06   1.91583967534825e-06   2.50464264590994e+01
   3.20002100000000e+06   2.09865106626239e-06   2.49983885810460e+01
   3.60002400000000e+06   2.03634385798068e-06   2.50664422416190e+01
   4.00002600000000e+06   1.97717486116744e-06   2.50224075200738e+01
   4.40002900000000e+06   2.27386749429570e-06   2.50544327721075e+01
   4.80003200000000e+06   2.36021742239245e-06   2.50264106765782e+01
   5.20003400000000e+06   2.27915597861283e-06   2.50304138330826e+01
   5.60003700000000e+06   2.34398794418667e-06   2.50384201460911e+01
   6.00003900000000e+06   2.17836486626766e-06   2.50424233025953e+01
   6.40004200000000e+06   2.20296442421386e-06   2.49983885810460e+01
   6.80004500000000e+06   1.93712389773282e-06   2.50224075200738e+01
   7.20004700000000e+06   1.98224347514042e-06   2.50224075200738e+01
   7.60005000000000e+06   2.09983522836410e-06   2.50584359286114e+01
   8.00005200000000e+06   2.00334011424275e-06   2.51024706501504e+01
   8.40005500000000e+06   1.90644220765535e-06   2.50664422416190e+01
   8.80005800000000e+06   2.00568979380478e-06   2.50224075200738e+01
   9.20006000000000e+06   1.83400140940648e-06   2.50424233025953e+01
   9.60006300000000e+06   2.14669580600457e-06   2.50624390851152e+01
   4.21082760000000e+07  -2.07191216759384e-03   2.50344169895869e+01
   4.25082790000000e+07   1.67848622822930e-06   2.51024706501504e+01
   4.29082810000000e+07   2.37728227148182e-06   2.50944643371439e+01
   4.33082840000000e+07   2.30586738325655e-06   2.50744485546264e+01
   4.37082870000000e+07   2.85233272734331e-06   2.50664422416190e+01
   4.41082890000000e+07   1.78671484718507e-06   2.50144012070648e+01
   4.45082920000000e+07   1.54535700858105e-06   2.50224075200738e+01
   4.49082940000000e+07   2.08157007364207e-06   2.49863791115312e+01
   4.53082970000000e+07   2.08449318961357e-06   2.50144012070648e+01
   4.57083000000000e+07   2.44308716901287e-06   2.50184043635693e+01
   4.61083020000000e+07   1.57676470280421e-06   2.50384201460911e+01
   4.65083050000000e+07   1.51284439198207e-06   2.50784517111300e+01
   4.69083070000000e+07   1.98051975530689e-06   2.50384201460911e+01
   4.73083100000000e+07   2.08688811653701e-06   2.50704453981228e+01
   4.77083120000000e+07   2.19237585952214e-06   2.49823759550261e+01
   4.81083150000000e+07   1.45091200920433e-06   2.50224075200738e+01
   4.85083180000000e+07   1.58811803885328e-06   2.50464264590994e+01
   4.89083200000000e+07   1.88565240932803e-06   2.50664422416190e+01
   4.93083230000000e+07   1.97903841581137e-06   2.50424233025953e+01
   4.97083250000000e+07   2.07181483347085e-06   2.49423443899722e+01
   5.01083280000000e+07   1.34906349558150e-06   2.49863791115312e+01
   5.05083310000000e+07   1.56746943957842e-06   2.50344169895869e+01
   5.09083330000000e+07   1.83943495812855e-06   2.50624390851152e+01
   5.13083360000000e+07   1.99721421267895e-06   2.49943854245411e+01
   5.17083380000000e+07   1.97648364519409e-06   2.51184832761627e+01
   9.55057700000000e+07   4.63772471994162e-03   2.49743696420159e+01
   9.59057730000000e+07   2.17561546378420e-06   2.50464264590994e+01
   9.63057760000000e+07   8.45643626234960e-07   2.49743696420159e+01
   9.67057780000000e+07   1.78584537025017e-06   2.50544327721075e+01
   9.71057810000000e+07   8.50396645546425e-07   2.50504296156035e+01
   9.75057830000000e+07   6.80486095916422e-07   2.51104769631567e+01
   9.79057860000000e+07   1.57957776991680e-06   2.50384201460911e+01
   9.83057890000000e+07   9.36412675400788e-07   2.51024706501504e+01
   9.87057910000000e+07   1.71788735769951e-06   2.50384201460911e+01
   9.91057940000000e+07   1.19894139061216e-06   2.50824548676336e+01
   9.95057960000000e+07   7.72266389503784e-07   2.50824548676336e+01
   9.99057990000000e+07   1.84982513928844e-06   2.51705243106959e+01
   1.00305802000000e+08   9.71740291788592e-07   2.50744485546264e+01
   1.00705804000000e+08   2.06620552489767e-06   2.50864580241371e+01
   1.01105807000000e+08   1.16278135919856e-06   2.50504296156035e+01
   1.01505809000000e+08   1.07178595953883e-06   2.50504296156035e+01
   1.01905812000000e+08   1.92593643077998e-06   2.49263317639489e+01
   1.02305815000000e+08   1.29360728351458e-06   2.50063948940555e+01
   1.02705817000000e+08   2.01765737983806e-06   2.50784517111300e+01
   1.03105820000000e+08   1.33635023757961e-06   2.50624390851152e+01
   1.03505822000000e+08   1.23713050470542e-06   2.50304138330826e+01
   1.03905825000000e+08   2.09216500479670e-06   2.50063948940555e+01
   1.04305828000000e+08   1.53354108078929e-06   2.49383412334665e+01
   1.04705830000000e+08   2.36573600886913e-06   2.49503507029835e+01
   1.05105833000000e+08   1.58540512984473e-06   2.50824548676336e+01
   1.49123353000000e+08  -4.22942405566573e-03   2.50624390851152e+01
   1.49523355000000e+08   1.37575239023136e-06   2.50184043635693e+01
   1.49923358000000e+08   1.66541065027559e-06   2.49503507029835e+01
   1.50323360000000e+08   1.91809749594540e-06   2.50264106765782e+01
   1.50723363000000e+08   2.49995241574652e-06   2.50544327721075e+01
   1.51123366000000e+08   3.50859465925168e-07   2.50784517111300e+01
   1.51523368000000e+08   1.60457284437143e-06   2.50304138330826e+01
   1.51923371000000e+08   1.90193372873182e-06   2.50704453981228e+01
   1.52323373000000e+08   2.19974640458531e-06   2.50784517111300e+01
   1.52723376000000e+08   2.61009586211003e-06   2.49623601725000e+01
   1.53123379000000e+08   6.61351293729240e-07   2.49903822680362e+01
   1.53523381000000e+08   2.06814365810715e-06   2.50304138330826e+01
   1.53923384000000e+08   2.16523108065303e-06   2.50184043635693e+01
   1.54323386000000e+08   2.18895820580656e-06   2.50144012070648e+01
   1.54723389000000e+08   2.42652936321974e-06   2.51184832761627e+01
   1.55123392000000e+08   7.14290649739269e-07   2.49503507029835e+01
   1.55523394000000e+08   2.17082560993731e-06   2.50184043635693e+01
   1.55923397000000e+08   2.17027786675317e-06   2.49943854245411e+01
   1.56323399000000e+08   2.13114208236220e-06   2.50904611806405e+01
   1.56723402000000e+08   2.36588152802142e-06   2.50424233025953e+01
   1.57123404000000e+08   6.52389985589252e-07   2.50504296156035e+01
   1.57523407000000e+08   2.16078160519828e-06   2.50824548676336e+01
   1.57923410000000e+08   2.14989358937601e-06   2.51505085281844e+01
   1.58323412000000e+08   2.23789265874075e-06   2.50264106765782e+01
   1.58723415000000e+08   2.46030094785965e-06   2.50784517111300e+01
   1.93691361000000e+08   2.37778783775866e-03   2.50704453981228e+01
   1.94091364000000e+08   2.89997774416406e-06   2.49183254509368e+01
   1.94491366000000e+08   1.51918277424556e-06   2.50224075200738e+01
   1.94891369000000e+08   2.57133524428355e-06   2.50984674936472e+01
   1.95291371000000e+08   2.44411216954177e-06   2.50464264590994e+01
   1.95691374000000e+08   9.43916006690415e-07   2.50184043635693e+01
   1.96091377000000e+08   2.54819997280720e-06   2.51384990586767e+01
   1.96491379000000e+08   1.25892745472811e-06   2.51264895891685e+01
   1.96891382000000e+08   2.16327566704422e-06   2.49423443899722e+01
   1.97291384000000e+08   2.03831314138370e-06   2.50023917375508e+01
   1.97691387000000e+08   5.55682674985292e-07   2.49943854245411e+01
   1.98091390000000e+08   2.52360655395023e-06   2.50664422416190e+01
   1.98491392000000e+08   1.31329124997137e-06   2.50103980505602e+01
   1.98891395000000e+08   2.25127632802469e-06   2.49903822680362e+01
   1.99291397000000e+08   1.96400264940166e-06   2.49463475464779e+01
   1.99691400000000e+08   8.57967961565009e-07   2.49463475464779e+01
   2.00091403000000e+08   2.25351527660678e-06   2.50304138330826e+01
   2.00491405000000e+08   9.68879248830490e-07   2.49743696420159e+01
   2.00891408000000e+08   1.58660623128526e-06   2.49703664855106e+01
   2.01291410000000e+08   1.44915043165383e-06   2.49383412334665e+01
   2.01691413000000e+08   2.63466887417962e-07   2.49943854245411e+01
   2.02091415000000e+08   2.08478127206035e-06   2.49863791115312e+01
   2.02491418000000e+08   8.39012329834077e-07   2.50584359286114e+01
   2.02891421000000e+08   1.72999841652199e-06   2.50184043635693e+01
   2.03291423000000e+08   1.36485402890685e-06   2.50664422416190e+01
