   4.00003000000000e+05   1.77232379883208e-06   2.51184832761627e+01
   8.00006000000000e+05   1.60485240030539e-06   2.50784517111300e+01
   1.20000800000000e+06   1.71948988736403e-06   2.49503507029835e+01
   1.60001100000000e+06   1.78885295554210e-06   2.51344959021740e+01
   2.00001400000000e+06   1.56855662680755e-06   2.50264106765782e+01
   2.40001600000000e+06   1.82475400833937e-06   2.50144012070648e+01
   2.80001900000000e+06   1.64786456480215e-06   2.50144012070648e+01
   3.20002100000000e+06   1.68997212313116e-06   2.49863791115312e+01
   3.60002400000000e+06   1.78360653535492e-06   2.50144012070648e+01
   4.00002700000000e+06   1.61621551342250e-06   2.49863791115312e+01
   4.40002900000000e+06   1.85719250112015e-06   2.49663633290053e+01
   4.80003200000000e+06   1.60310685259901e-06   2.49983885810460e+01
   5.20003500000000e+06   1.48806327615603e-06   2.50103980505602e+01
   5.60003700000000e+06   1.69038185049430e-06   2.51024706501504e+01
   6.00004000000000e+06   1.40524809921772e-06   2.49983885810460e+01
   6.40004200000000e+06   1.68099575148517e-06   2.51224864326656e+01
   6.80004500000000e+06   1.53728581153700e-06   2.50224075200738e+01
   7.20004800000000e+06   1.81776158569846e-06   2.51064738066536e+01
   7.60005000000000e+06   1.92440188584442e-06   2.51264895891685e+01
   8.00005300000000e+06   1.65820142683515e-06   2.50384201460911e+01
   8.40005500000000e+06   1.97770759768900e-06   2.50224075200738e+01
   8.80005800000000e+06   1.78068989953317e-06   2.50944643371439e+01
   9.20006100000000e+06   1.76187700162700e-06   2.50184043635693e+01
   9.60006300000000e+06   1.93672667592182e-06   2.50384201460911e+01
   4.21615330000000e+07   2.35523795709014e-03   2.49743696420159e+01
   4.25615360000000e+07   9.54524807639245e-07   2.49903822680362e+01
   4.29615380000000e+07   1.93956066141254e-06   2.50864580241371e+01
   4.33615410000000e+07   2.62394041783409e-06   2.50504296156035e+01
   4.37615440000000e+07   2.40155532083008e-06   2.49863791115312e+01
   4.41615460000000e+07   2.28562657866860e-06   2.49903822680362e+01
   4.45615490000000e+07   1.13749376851047e-06   2.50784517111300e+01
   4.49615510000000e+07   2.24077234634024e-06   2.50304138330826e+01
   4.53615540000000e+07   2.57558508565126e-06   2.50184043635693e+01
   4.57615570000000e+07   2.25846633838955e-06   2.50103980505602e+01
   4.61615590000000e+07   2.09981635634904e-06   2.50544327721075e+01
   4.65615620000000e+07   1.17649733510916e-06   2.50504296156035e+01
   4.69615640000000e+07   2.37925314650056e-06   2.50624390851152e+01
   4.73615670000000e+07   2.44021998696553e-06   2.50384201460911e+01
   4.77615700000000e+07   2.02979572350159e-06   2.49863791115312e+01
   4.81615720000000e+07   1.89865193078731e-06   2.50944643371439e+01
   4.85615750000000e+07   1.12139207431028e-06   2.49823759550261e+01
   4.89615780000000e+07   2.36720120483369e-06   2.49983885810460e+01
   4.93615800000000e+07   1.98077077584458e-06   2.51224864326656e+01
   4.97615830000000e+07   1.61211733029631e-06   2.50984674936472e+01
   5.01615850000000e+07   1.52850714130182e-06   2.49983885810460e+01
   5.05615880000000e+07   9.47278806506802e-07   2.51264895891685e+01
   5.09615910000000e+07   2.24343148147454e-06   2.49983885810460e+01
   5.13615930000000e+07   1.69097177149524e-06   2.50224075200738e+01
   5.17615960000000e+07   1.38182156206312e-06   2.50224075200738e+01
   9.52579660000000e+07  -4.20644972473383e-03   2.50304138330826e+01
   9.56579680000000e+07   1.55457439632301e-06   2.50304138330826e+01
   9.60579710000000e+07   2.41701309278142e-06   2.49463475464779e+01
   9.64579740000000e+07   8.71581619321660e-07   2.50023917375508e+01
   9.68579760000000e+07   1.63383606377465e-06   2.50464264590994e+01
   9.72579790000000e+07   4.28991870649043e-06   2.49943854245411e+01
   9.76579810000000e+07   4.81960626075306e-07   2.50264106765782e+01
   9.80579840000000e+07   2.28871158469701e-06   2.50384201460911e+01
   9.84579870000000e+07   1.29059651499119e-06   2.49983885810460e+01
   9.88579890000000e+07   2.81039319816045e-06   2.49663633290053e+01
   9.92579920000000e+07   2.51010078500258e-06   2.49903822680362e+01
   9.96579950000000e+07   5.92380104080803e-07   2.50384201460911e+01
   1.00057997000000e+08   2.68339954345720e-06   2.49783727985210e+01
   1.00458000000000e+08   1.27398800486844e-06   2.49743696420159e+01
   1.00858002000000e+08   1.83027293587656e-06   2.49943854245411e+01
   1.01258005000000e+08   2.81179586636426e-06   2.50304138330826e+01
   1.01658008000000e+08   7.99318570443575e-07   2.50664422416190e+01
   1.02058010000000e+08   2.15353998100909e-06   2.49663633290053e+01
   1.02458013000000e+08   6.51898915293714e-07   2.50063948940555e+01
   1.02858015000000e+08   3.04656418848026e-06   2.50464264590994e+01
   1.03258018000000e+08   2.14593001146568e-06   2.50103980505602e+01
   1.03658021000000e+08   8.03467401055968e-07   2.50184043635693e+01
   1.04058023000000e+08   2.22013773054641e-06   2.51465053716819e+01
   1.04458026000000e+08   1.70226951468067e-06   2.50304138330826e+01
   1.04858029000000e+08   2.18703917198582e-06   2.50264106765782e+01
   1.48199445000000e+08   4.60430048406124e-03   2.50063948940555e+01
   1.48599448000000e+08   1.29055842990056e-06   2.49463475464779e+01
   1.48999450000000e+08   4.33939112554071e-06   2.49303349204548e+01
   1.49399453000000e+08   7.78600735884538e-07   2.49503507029835e+01
   1.49799456000000e+08   2.38022380472103e-06   2.48782938858728e+01
   1.50199458000000e+08  -1.45607884860510e-07   2.50144012070648e+01
   1.50599461000000e+08   1.86951001523994e-06   2.49863791115312e+01
   1.50999464000000e+08   4.24721247327398e-06   2.49463475464779e+01
   1.51399466000000e+08  -8.74255405847180e-08   2.49703664855106e+01
   1.51799469000000e+08   2.91889500658726e-06   2.50144012070648e+01
   1.52199471000000e+08  -3.20191929858993e-07   2.49743696420159e+01
   1.52599474000000e+08   2.27219834414427e-06   2.51344959021740e+01
   1.52999477000000e+08   3.87185400541057e-06   2.50584359286114e+01
   1.53399479000000e+08   5.84853978580213e-07   2.51064738066536e+01
   1.53799482000000e+08   2.83345957541314e-06   2.50224075200738e+01
   1.54199484000000e+08  -2.05696039756731e-07   2.50704453981228e+01
   1.54599487000000e+08   3.18514958053129e-06   2.49823759550261e+01
   1.54999490000000e+08   3.52523898072832e-06   2.49983885810460e+01
   1.55399492000000e+08   2.26751140530723e-07   2.50744485546264e+01
   1.55799495000000e+08   2.17312776840117e-06   2.49063159814183e+01
   1.56199498000000e+08   6.23783193987038e-07   2.50424233025953e+01
   1.56599500000000e+08   2.81507163890637e-06   2.48943065118992e+01
   1.56999503000000e+08   2.98335521620174e-06   2.49343380769607e+01
   1.57399505000000e+08  -5.60213038625079e-07   2.49823759550261e+01
   1.57799508000000e+08   2.50476432483993e-06   2.49663633290053e+01
   1.92823659000000e+08  -2.04326258972287e-03   2.50063948940555e+01
   1.93223661000000e+08   3.36451944349392e-06   2.50264106765782e+01
   1.93623664000000e+08   1.66779443588894e-06   2.50704453981228e+01
   1.94023667000000e+08   1.62419155458338e-06   2.50424233025953e+01
   1.94423669000000e+08   1.32338971070567e-06   2.50023917375508e+01
   1.94823672000000e+08   2.25123153541062e-06   2.50504296156035e+01
   1.95223675000000e+08   3.11812573272618e-06   2.49263317639489e+01
   1.95623677000000e+08   1.35560549097136e-06   2.49303349204548e+01
   1.96023680000000e+08   1.37000802169496e-06   2.49783727985210e+01
   1.96423682000000e+08   1.46691331792681e-06   2.49343380769607e+01
   1.96823685000000e+08   2.58575892075896e-06   2.49903822680362e+01
   1.97223688000000e+08   2.54188103099295e-06   2.50184043635693e+01
   1.97623690000000e+08   1.24532743939199e-06   2.50544327721075e+01
   1.98023693000000e+08   1.46057061556348e-06   2.50023917375508e+01
   1.98423695000000e+08   1.67501298165007e-06   2.50384201460911e+01
   1.98823698000000e+08   2.28849808081577e-06   2.50544327721075e+01
   1.99223701000000e+08   3.00213196169352e-06   2.49903822680362e+01
   1.99623703000000e+08   1.11936572011473e-06   2.49743696420159e+01
   2.00023706000000e+08   1.62988226293237e-06   2.49943854245411e+01
   2.00423709000000e+08   1.71507110735547e-06   2.49943854245411e+01
   2.00823711000000e+08   3.04617560686893e-06   2.50063948940555e+01
   2.01223714000000e+08   2.04310367735161e-06   2.50103980505602e+01
   2.01623716000000e+08   9.71255644799385e-07   2.49543538594890e+01
   2.02023719000000e+08   1.38935888571723e-06   2.49903822680362e+01
   2.02423722000000e+08   2.34026538237231e-06   2.49743696420159e+01
