   4.00002000000000e+05   1.31609760956053e-06   2.51064738066536e+01
   8.00005000000000e+05   1.69271925187786e-06   2.50984674936472e+01
   1.20000800000000e+06   1.68650205978338e-06   2.50824548676336e+01
   1.60001000000000e+06   1.37282347623113e-06   2.50023917375508e+01
   2.00001300000000e+06   2.16794001062226e-06   2.49943854245411e+01
   2.40001500000000e+06   1.85042961220461e-06   2.51425022151793e+01
   2.80001800000000e+06   2.10132088795945e-06   2.49383412334665e+01
   3.20002100000000e+06   2.26235192712920e-06   2.49623601725000e+01
   3.60002300000000e+06   1.85860449164466e-06   2.50784517111300e+01
   4.00002600000000e+06   2.36406913245446e-06   2.50384201460911e+01
   4.40002800000000e+06   2.04392699743039e-06   2.49703664855106e+01
   4.80003100000000e+06   2.17915589928452e-06   2.50144012070648e+01
   5.20003300000000e+06   2.40505642068456e-06   2.49863791115312e+01
   5.60003600000000e+06   1.81625273398822e-06   2.50664422416190e+01
   6.00003900000000e+06   2.36582332036051e-06   2.51745274671980e+01
   6.40004100000000e+06   1.86250849765202e-06   2.50023917375508e+01
   6.80004400000000e+06   1.91502635971119e-06   2.51144801196597e+01
   7.20004600000000e+06   2.21033042180352e-06   2.50304138330826e+01
   7.60004900000000e+06   1.59885757966549e-06   2.49903822680362e+01
   8.00005200000000e+06   2.00753947865451e-06   2.49583570159945e+01
   8.40005400000000e+06   1.42673547998129e-06   2.49823759550261e+01
   8.80005700000000e+06   1.33837397697789e-06   2.50544327721075e+01
   9.20005900000000e+06   1.92711877389229e-06   2.50704453981228e+01
   9.60006200000000e+06   1.05762978819257e-06   2.50744485546264e+01
   4.20875160000000e+07  -2.08893767558038e-03   2.49663633290053e+01
   4.24875190000000e+07   2.60328283729905e-06   2.51144801196597e+01
   4.28875210000000e+07   5.08801633714029e-07   2.50704453981228e+01
   4.32875240000000e+07   1.66181462191162e-06   2.50384201460911e+01
   4.36875260000000e+07   1.71074498211965e-06   2.50584359286114e+01
   4.40875290000000e+07   2.56884050031658e-06   2.50184043635693e+01
   4.44875320000000e+07   2.75202114607964e-06   2.50384201460911e+01
   4.48875340000000e+07   8.22225388219522e-07   2.50063948940555e+01
   4.52875370000000e+07   1.76931121131929e-06   2.49983885810460e+01
   4.56875390000000e+07   1.90235402897088e-06   2.49703664855106e+01
   4.60875420000000e+07   2.68941880676721e-06   2.50184043635693e+01
   4.64875450000000e+07   2.84532075056632e-06   2.50144012070648e+01
   4.68875470000000e+07   9.61617047323671e-07   2.49543538594890e+01
   4.72875500000000e+07   1.87407988505583e-06   2.50544327721075e+01
   4.76875520000000e+07   1.87245211691334e-06   2.50584359286114e+01
   4.80875550000000e+07   2.30381920118816e-06   2.49903822680362e+01
   4.84875570000000e+07   2.30686282520765e-06   2.50264106765782e+01
   4.88875600000000e+07   5.56219106329081e-07   2.50384201460911e+01
   4.92875630000000e+07   1.31202034481248e-06   2.49343380769607e+01
   4.96875650000000e+07   1.34172967136692e-06   2.50664422416190e+01
   5.00875680000000e+07   2.38020834331110e-06   2.49463475464779e+01
   5.04875700000000e+07   2.52829499913787e-06   2.50224075200738e+01
   5.08875730000000e+07   9.93791445580428e-07   2.50264106765782e+01
   5.12875760000000e+07   1.62529681801971e-06   2.50584359286114e+01
   5.16875780000000e+07   1.60881256761058e-06   2.50344169895869e+01
   9.53959010000000e+07   4.67427494004369e-03   2.50144012070648e+01
   9.57959040000000e+07   1.53417749970686e-06   2.51064738066536e+01
   9.61959060000000e+07   3.25531595990469e-06   2.50624390851152e+01
   9.65959090000000e+07   8.55211169437098e-07   2.49463475464779e+01
   9.69959110000000e+07   1.70172097568866e-06   2.50584359286114e+01
   9.73959140000000e+07   2.23861297854455e-06   2.50544327721075e+01
   9.77959160000000e+07   1.57319175286830e-06   2.50624390851152e+01
   9.81959190000000e+07   3.11591224999574e-06   2.50063948940555e+01
   9.85959220000000e+07   9.13743065211747e-07   2.49823759550261e+01
   9.89959240000000e+07   1.73855710272619e-06   2.49863791115312e+01
   9.93959270000000e+07   2.23140204980155e-06   2.50184043635693e+01
   9.97959290000000e+07   1.47754246881959e-06   2.49343380769607e+01
   1.00195932000000e+08   3.20579465551418e-06   2.50664422416190e+01
   1.00595935000000e+08   1.31453759877331e-06   2.50944643371439e+01
   1.00995937000000e+08   2.04224670596886e-06   2.49423443899722e+01
   1.01395940000000e+08   2.35464653997042e-06   2.50944643371439e+01
   1.01795942000000e+08   1.81251505182445e-06   2.50384201460911e+01
   1.02195945000000e+08   3.26763210978243e-06   2.51384990586767e+01
   1.02595948000000e+08   1.52077484472102e-06   2.50864580241371e+01
   1.02995950000000e+08   1.95956909010420e-06   2.51104769631567e+01
   1.03395953000000e+08   2.49460686063685e-06   2.50624390851152e+01
   1.03795955000000e+08   1.77030756276508e-06   2.50504296156035e+01
   1.04195958000000e+08   2.74946364697826e-06   2.51705243106959e+01
   1.04595960000000e+08   1.02105468613445e-06   2.50904611806405e+01
   1.04995963000000e+08   1.66531765444233e-06   2.51705243106959e+01
   1.48414911000000e+08  -4.27642418071628e-03   2.50504296156035e+01
   1.48814914000000e+08   9.16103090276010e-07   2.50103980505602e+01
   1.49214917000000e+08   7.28615475509287e-07   2.50824548676336e+01
   1.49614919000000e+08   3.38172230840428e-06   2.50624390851152e+01
   1.50014922000000e+08   3.16477689921157e-06   2.49943854245411e+01
   1.50414924000000e+08   7.60345244543714e-07   2.50784517111300e+01
   1.50814927000000e+08   5.35761273567914e-07   2.50544327721075e+01
   1.51214930000000e+08   5.35067783857812e-07   2.50784517111300e+01
   1.51614932000000e+08   2.71011708719016e-06   2.50304138330826e+01
   1.52014935000000e+08   3.09062443193397e-06   2.50744485546264e+01
   1.52414937000000e+08   1.02201124718704e-06   2.50063948940555e+01
   1.52814940000000e+08   7.90330091149372e-07   2.50264106765782e+01
   1.53214943000000e+08   6.82098402648990e-07   2.50424233025953e+01
   1.53614945000000e+08   2.90639513877977e-06   2.50384201460911e+01
   1.54014948000000e+08   2.95876566269726e-06   2.49783727985210e+01
   1.54414950000000e+08   9.19500678264740e-07   2.49863791115312e+01
   1.54814953000000e+08   6.99938595971616e-07   2.51264895891685e+01
   1.55214955000000e+08   5.31378759660583e-07   2.50063948940555e+01
   1.55614958000000e+08   2.60291039921867e-06   2.50144012070648e+01
   1.56014961000000e+08   2.61813806901046e-06   2.50504296156035e+01
   1.56414963000000e+08   7.74338730025192e-07   2.50944643371439e+01
   1.56814966000000e+08   5.66602011531359e-07   2.50063948940555e+01
   1.57214968000000e+08   3.01212054409916e-07   2.49903822680362e+01
   1.57614971000000e+08   2.17208526009927e-06   2.50304138330826e+01
   1.58014974000000e+08   2.76695618595113e-06   2.49583570159945e+01
   1.92997419000000e+08   2.40493775345385e-03   2.49943854245411e+01
   1.93397421000000e+08   2.90971524918859e-06   2.50624390851152e+01
   1.93797424000000e+08   1.88634146525146e-06   2.51104769631567e+01
   1.94197427000000e+08   1.16853072995582e-06   2.50023917375508e+01
   1.94597429000000e+08   2.18896593651152e-06   2.50864580241371e+01
   1.94997432000000e+08   2.91778917471675e-07   2.51184832761627e+01
   1.95397434000000e+08   2.41050224758510e-06   2.50344169895869e+01
   1.95797437000000e+08   1.29464046949579e-06   2.50224075200738e+01
   1.96197440000000e+08   1.38399627758190e-06   2.49863791115312e+01
   1.96597442000000e+08   2.08565643333714e-06   2.50384201460911e+01
   1.96997445000000e+08   7.47906824472011e-07   2.50144012070648e+01
   1.97397447000000e+08   2.42833016272925e-06   2.51104769631567e+01
   1.97797450000000e+08   1.32158334054111e-06   2.50704453981228e+01
   1.98197453000000e+08   1.12629845716583e-06   2.50224075200738e+01
   1.98597455000000e+08   2.29756597036612e-06   2.50304138330826e+01
   1.98997458000000e+08   4.17238879890647e-07   2.49663633290053e+01
   1.99397460000000e+08   2.35745324062009e-06   2.51024706501504e+01
   1.99797463000000e+08   1.28984697767009e-06   2.50184043635693e+01
   2.00197465000000e+08   1.49310130836966e-06   2.50144012070648e+01
   2.00597468000000e+08   2.41642169385159e-06   2.50384201460911e+01
   2.00997471000000e+08   7.44591318380117e-07   2.49783727985210e+01
   2.01397473000000e+08   2.49446247835294e-06   2.50904611806405e+01
   2.01797476000000e+08   1.68559893154452e-06   2.50664422416190e+01
   2.02197478000000e+08   1.78996526756237e-06   2.50264106765782e+01
   2.02597481000000e+08   2.95065797217831e-06   2.50624390851152e+01
