   4.00003000000000e+05   2.16867351809924e-06   2.50504296156035e+01
   8.00005000000000e+05   2.14785814023344e-06   2.50304138330826e+01
   1.20000800000000e+06   2.21038271774887e-06   2.49423443899722e+01
   1.60001100000000e+06   2.05494848160015e-06   2.51184832761627e+01
   2.00001300000000e+06   2.12363852369890e-06   2.49423443899722e+01
   2.40001600000000e+06   1.77480001184449e-06   2.50304138330826e+01
   2.80001800000000e+06   1.73766977695777e-06   2.50184043635693e+01
   3.20002100000000e+06   1.87108446425555e-06   2.50744485546264e+01
   3.60002400000000e+06   1.66798258760537e-06   2.49903822680362e+01
   4.00002600000000e+06   1.84902421551669e-06   2.50704453981228e+01
   4.40002900000000e+06   1.62301421369193e-06   2.50464264590994e+01
   4.80003100000000e+06   1.72245381691027e-06   2.51144801196597e+01
   5.20003400000000e+06   1.67164398590103e-06   2.49903822680362e+01
   5.60003700000000e+06   1.59529395205027e-06   2.49983885810460e+01
   6.00003900000000e+06   1.74744241121516e-06   2.50704453981228e+01
   6.40004200000000e+06   1.79882124484720e-06   2.50784517111300e+01
   6.80004400000000e+06   1.80409165295714e-06   2.50304138330826e+01
   7.20004700000000e+06   1.89550871709798e-06   2.49183254509368e+01
   7.60005000000000e+06   1.74825152043923e-06   2.50384201460911e+01
   8.00005200000000e+06   1.83258362085326e-06   2.50063948940555e+01
   8.40005500000000e+06   1.48102640196157e-06   2.51104769631567e+01
   8.80005700000000e+06   1.44115222155961e-06   2.49983885810460e+01
   9.20006000000000e+06   1.57690703872504e-06   2.50664422416190e+01
   9.60006300000000e+06   1.36993253363471e-06   2.50664422416190e+01
   4.21396050000000e+07   1.34762725792825e-04   2.51184832761627e+01
   4.25396080000000e+07   1.55327995798871e-06   2.50664422416190e+01
   4.29396100000000e+07   1.44056707540585e-06   2.49223286074429e+01
   4.33396130000000e+07   1.66538575285813e-06   2.50063948940555e+01
   4.37396160000000e+07   1.42691681048746e-06   2.49783727985210e+01
   4.41396180000000e+07   1.30671526221704e-06   2.50023917375508e+01
   4.45396210000000e+07   1.00126828783687e-06   2.50384201460911e+01
   4.49396230000000e+07   9.48637932651764e-07   2.50984674936472e+01
   4.53396260000000e+07   1.04483012819401e-06   2.51064738066536e+01
   4.57396290000000e+07   9.00488146271528e-07   2.50624390851152e+01
   4.61396310000000e+07   1.36844312237372e-06   2.50264106765782e+01
   4.65396340000000e+07   1.65246115102491e-06   2.50544327721075e+01
   4.69396360000000e+07   1.48688673107245e-06   2.50944643371439e+01
   4.73396390000000e+07   1.74238755334954e-06   2.50224075200738e+01
   4.77396420000000e+07   1.51972255935107e-06   2.51144801196597e+01
   4.81396440000000e+07   2.15292789107480e-06   2.50384201460911e+01
   4.85396470000000e+07   2.43127442445257e-06   2.50144012070648e+01
   4.89396490000000e+07   2.35608740695170e-06   2.50063948940555e+01
   4.93396520000000e+07   2.54712085734354e-06   2.50784517111300e+01
   4.97396550000000e+07   2.38854318013182e-06   2.49903822680362e+01
   5.01396570000000e+07   2.18728223444487e-06   2.50184043635693e+01
   5.05396600000000e+07   1.91503295354778e-06   2.50304138330826e+01
   5.09396630000000e+07   1.89708327980043e-06   2.49703664855106e+01
   5.13396650000000e+07   2.00915019377135e-06   2.48943065118992e+01
   5.17396680000000e+07   1.85058900115109e-06   2.49263317639489e+01
   9.53582540000000e+07   2.31775295105763e-04   2.49823759550261e+01
   9.57582560000000e+07   1.81735663318250e-06   2.49423443899722e+01
   9.61582590000000e+07   1.74955971488089e-06   2.50063948940555e+01
   9.65582620000000e+07   1.81329130555241e-06   2.49943854245411e+01
   9.69582640000000e+07   1.65759320225334e-06   2.50584359286114e+01
   9.73582670000000e+07   1.80975280272833e-06   2.50344169895869e+01
   9.77582690000000e+07   1.64743096320308e-06   2.49943854245411e+01
   9.81582720000000e+07   1.49390962178586e-06   2.50023917375508e+01
   9.85582750000000e+07   1.13994440198439e-06   2.49543538594890e+01
   9.89582770000000e+07   1.15715317861032e-06   2.49903822680362e+01
   9.93582800000000e+07   1.15479917894845e-06   2.50464264590994e+01
   9.97582830000000e+07   1.17041929570405e-06   2.49823759550261e+01
   1.00158285000000e+08   1.03404988749389e-06   2.50464264590994e+01
   1.00558288000000e+08   8.83272036844573e-07   2.49783727985210e+01
   1.00958290000000e+08   7.26451844457188e-07   2.49583570159945e+01
   1.01358293000000e+08   9.60824650064751e-07   2.50103980505602e+01
   1.01758296000000e+08   7.43440580208699e-07   2.50184043635693e+01
   1.02158298000000e+08   1.11686836135050e-06   2.50424233025953e+01
   1.02558301000000e+08   1.16300464014785e-06   2.50304138330826e+01
   1.02958303000000e+08   1.19707578960515e-06   2.49863791115312e+01
   1.03358306000000e+08   1.24464781947609e-06   2.50504296156035e+01
   1.03758309000000e+08   1.17901231533324e-06   2.49503507029835e+01
   1.04158311000000e+08   1.44874627494573e-06   2.50304138330826e+01
   1.04558314000000e+08   1.66595634709665e-06   2.50664422416190e+01
   1.04958316000000e+08   1.50876235238684e-06   2.50184043635693e+01
   1.48977359000000e+08   1.89025158761069e-04   2.49543538594890e+01
   1.49377361000000e+08   1.92302582036064e-06   2.49303349204548e+01
   1.49777364000000e+08   1.66229642672988e-06   2.49743696420159e+01
   1.50177367000000e+08   1.58649140757916e-06   2.48582781033385e+01
   1.50577369000000e+08   1.60638251145429e-06   2.48903033553927e+01
   1.50977372000000e+08   1.35483855956409e-06   2.49663633290053e+01
   1.51377374000000e+08   1.64720563589071e-06   2.49463475464779e+01
   1.51777377000000e+08   1.43199895319412e-06   2.50464264590994e+01
   1.52177380000000e+08   1.27666248772584e-06   2.49503507029835e+01
   1.52577382000000e+08   1.44414502756263e-06   2.50464264590994e+01
   1.52977385000000e+08   1.05716094367381e-06   2.49503507029835e+01
   1.53377387000000e+08   1.45188698752463e-06   2.50584359286114e+01
   1.53777390000000e+08   1.14601357381616e-06   2.51465053716819e+01
   1.54177393000000e+08   1.55679890667670e-06   2.50744485546264e+01
   1.54577395000000e+08   1.90173295777640e-06   2.50704453981228e+01
   1.54977398000000e+08   1.68221254170930e-06   2.50584359286114e+01
   1.55377400000000e+08   1.89137267625483e-06   2.50544327721075e+01
   1.55777403000000e+08   1.77167328274663e-06   2.50504296156035e+01
   1.56177406000000e+08   1.64318282713793e-06   2.49503507029835e+01
   1.56577408000000e+08   1.87911928151152e-06   2.49863791115312e+01
   1.56977411000000e+08   1.49744460031798e-06   2.49663633290053e+01
   1.57377413000000e+08   1.84738291864051e-06   2.49223286074429e+01
   1.57777416000000e+08   1.62592459673760e-06   2.49903822680362e+01
   1.58177419000000e+08   1.70697717294388e-06   2.49583570159945e+01
   1.58577421000000e+08   1.85117664841528e-06   2.49223286074429e+01
   1.93297859000000e+08   1.77812573383562e-04   2.50103980505602e+01
   1.93697862000000e+08   9.06058346572536e-07   2.50664422416190e+01
   1.94097864000000e+08   1.09390407487808e-06   2.50144012070648e+01
   1.94497867000000e+08   1.51320875829697e-06   2.50103980505602e+01
   1.94897870000000e+08   1.35328627948184e-06   2.50384201460911e+01
   1.95297872000000e+08   1.62435503625602e-06   2.50144012070648e+01
   1.95697875000000e+08   1.43256454521179e-06   2.50264106765782e+01
   1.96097878000000e+08   1.59041235292534e-06   2.51505085281844e+01
   1.96497880000000e+08   2.03418835553748e-06   2.50864580241371e+01
   1.96897883000000e+08   1.77853110017168e-06   2.50584359286114e+01
   1.97297885000000e+08   1.97205736185424e-06   2.51384990586767e+01
   1.97697888000000e+08   1.88614626495109e-06   2.49743696420159e+01
   1.98097891000000e+08   1.98693442143849e-06   2.50664422416190e+01
   1.98497893000000e+08   2.20334482037288e-06   2.50264106765782e+01
   1.98897896000000e+08   2.03811509891239e-06   2.50063948940555e+01
   1.99297898000000e+08   2.22619587475492e-06   2.50264106765782e+01
   1.99697901000000e+08   2.20218362301239e-06   2.49783727985210e+01
   2.00097904000000e+08   1.94825656762987e-06   2.51104769631567e+01
   2.00497906000000e+08   2.10918051379849e-06   2.50824548676336e+01
   2.00897909000000e+08   1.88283001989475e-06   2.50384201460911e+01
   2.01297911000000e+08   2.06133427127497e-06   2.49943854245411e+01
   2.01697914000000e+08   1.87284911135066e-06   2.50984674936472e+01
   2.02097917000000e+08   2.05100127459446e-06   2.51104769631567e+01
   2.02497919000000e+08   2.04083221433393e-06   2.50584359286114e+01
   2.02897922000000e+08   1.99962846636481e-06   2.51465053716819e+01
