   4.00003000000000e+05   1.57939109612926e-06   2.50864580241371e+01
   8.00005000000000e+05   1.69664053828456e-06   2.50824548676336e+01
   1.20000800000000e+06   1.56675389462180e-06   2.50103980505602e+01
   1.60001100000000e+06   1.47105265568825e-06   2.50103980505602e+01
   2.00001300000000e+06   1.64936147939443e-06   2.50224075200738e+01
   2.40001600000000e+06   1.52945381159952e-06   2.49783727985210e+01
   2.80001800000000e+06   1.57867566485947e-06   2.50744485546264e+01
   3.20002100000000e+06   2.03810714083374e-06   2.50063948940555e+01
   3.60002400000000e+06   1.80821587036917e-06   2.49743696420159e+01
   4.00002600000000e+06   2.09997483580082e-06   2.50824548676336e+01
   4.40002900000000e+06   1.81094117124303e-06   2.51024706501504e+01
   4.80003100000000e+06   1.99199371309078e-06   2.50664422416190e+01
   5.20003400000000e+06   1.71696649431397e-06   2.50544327721075e+01
   5.60003700000000e+06   1.63103766226413e-06   2.50824548676336e+01
   6.00003900000000e+06   1.68023132118833e-06   2.50384201460911e+01
   6.40004200000000e+06   1.65700441812078e-06   2.49983885810460e+01
   6.80004400000000e+06   1.79646474407491e-06   2.51024706501504e+01
   7.20004700000000e+06   1.87499995263352e-06   2.50304138330826e+01
   7.60005000000000e+06   1.82988685537566e-06   2.49983885810460e+01
   8.00005200000000e+06   2.05761512006575e-06   2.50984674936472e+01
   8.40005500000000e+06   1.89512320503127e-06   2.50984674936472e+01
   8.80005700000000e+06   1.88082412932999e-06   2.50824548676336e+01
   9.20006000000000e+06   1.75330626461800e-06   2.50103980505602e+01
   9.60006300000000e+06   1.75333320839854e-06   2.48782938858728e+01
   4.21660520000000e+07   2.39433767274022e-03   2.50063948940555e+01
   4.25660540000000e+07   2.04605271392211e-06   2.50023917375508e+01
   4.29660570000000e+07   7.93470462667756e-07   2.50824548676336e+01
   4.33660600000000e+07   2.73256637228769e-06   2.50984674936472e+01
   4.37660620000000e+07   2.30761361308396e-06   2.50944643371439e+01
   4.41660650000000e+07   1.30053524571849e-06   2.51384990586767e+01
   4.45660670000000e+07   2.64870072896883e-06   2.50824548676336e+01
   4.49660700000000e+07   6.17371370026376e-07   2.50744485546264e+01
   4.53660730000000e+07   2.03015133592999e-06   2.50304138330826e+01
   4.57660750000000e+07   1.44362843457202e-06   2.51064738066536e+01
   4.61660780000000e+07   6.45653244646383e-07   2.49983885810460e+01
   4.65660800000000e+07   1.82748749466555e-06   2.50784517111300e+01
   4.69660830000000e+07   4.34520728731513e-07   2.49903822680362e+01
   4.73660860000000e+07   1.99691953639558e-06   2.49583570159945e+01
   4.77660880000000e+07   1.68126484823006e-06   2.50224075200738e+01
   4.81660910000000e+07   7.40645191399381e-07   2.50023917375508e+01
   4.85660930000000e+07   1.88765795883228e-06   2.49223286074429e+01
   4.89660960000000e+07   7.08253196535225e-07   2.49663633290053e+01
   4.93660990000000e+07   2.29611987379030e-06   2.50464264590994e+01
   4.97661010000000e+07   1.92707148016780e-06   2.48903033553927e+01
   5.01661040000000e+07   1.10860719360062e-06   2.49663633290053e+01
   5.05661060000000e+07   2.19173239202064e-06   2.49423443899722e+01
   5.09661090000000e+07   1.17603212856920e-06   2.49743696420159e+01
   5.13661120000000e+07   2.56394173447916e-06   2.50464264590994e+01
   5.17661140000000e+07   2.28448448069685e-06   2.50023917375508e+01
   9.57866620000000e+07  -4.27067512646317e-03   2.50584359286114e+01
   9.61866640000000e+07   2.85744317807257e-06   2.50504296156035e+01
   9.65866670000000e+07   6.88419447669730e-07   2.50464264590994e+01
   9.69866690000000e+07   1.71458805198199e-06   2.50624390851152e+01
   9.73866720000000e+07   1.07167375063000e-06   2.49983885810460e+01
   9.77866750000000e+07   2.75183015219227e-06   2.49503507029835e+01
   9.81866770000000e+07   2.79363621302764e-06   2.51184832761627e+01
   9.85866800000000e+07   5.32605952230369e-07   2.50784517111300e+01
   9.89866820000000e+07   1.42295232308243e-06   2.50224075200738e+01
   9.93866850000000e+07   5.90018942148163e-07   2.50224075200738e+01
   9.97866880000000e+07   2.28158319259819e-06   2.50144012070648e+01
   1.00186690000000e+08   2.28196381613088e-06   2.50664422416190e+01
   1.00586693000000e+08   2.55697415241229e-07   2.50344169895869e+01
   1.00986695000000e+08   1.65411006491922e-06   2.51224864326656e+01
   1.01386698000000e+08   1.19935293696471e-06   2.50824548676336e+01
   1.01786701000000e+08   2.76158266387938e-06   2.51224864326656e+01
   1.02186703000000e+08   2.84413181361742e-06   2.51465053716819e+01
   1.02586706000000e+08   8.89724503849720e-07   2.51505085281844e+01
   1.02986708000000e+08   1.77531251210894e-06   2.50224075200738e+01
   1.03386711000000e+08   9.80356958280026e-07   2.50544327721075e+01
   1.03786714000000e+08   2.54210726780002e-06   2.51104769631567e+01
   1.04186716000000e+08   2.58639715866593e-06   2.50744485546264e+01
   1.04586719000000e+08   8.20661227862729e-07   2.51064738066536e+01
   1.04986721000000e+08   1.56623514158127e-06   2.50944643371439e+01
   1.05386724000000e+08   8.74378997650638e-07   2.50784517111300e+01
   1.49137960000000e+08   4.68165008351207e-03   2.49823759550261e+01
   1.49537963000000e+08   1.65081507930154e-06   2.50264106765782e+01
   1.49937965000000e+08   2.81725124295917e-06   2.50384201460911e+01
   1.50337968000000e+08   1.26118845855672e-06   2.50384201460911e+01
   1.50737971000000e+08   2.27614896175510e-06   2.49983885810460e+01
   1.51137973000000e+08   9.07789853954455e-07   2.49783727985210e+01
   1.51537976000000e+08   1.40377278512460e-06   2.50864580241371e+01
   1.51937978000000e+08   2.37620088228141e-06   2.51144801196597e+01
   1.52337981000000e+08   1.05148023976653e-06   2.51304927456713e+01
   1.52737984000000e+08   1.99064515982172e-06   2.50384201460911e+01
   1.53137986000000e+08   5.33488446308183e-07   2.50824548676336e+01
   1.53537989000000e+08   1.03853631117090e-06   2.49743696420159e+01
   1.53937991000000e+08   2.01408261091274e-06   2.50904611806405e+01
   1.54337994000000e+08   7.71951420119876e-07   2.49983885810460e+01
   1.54737997000000e+08   1.64787718404114e-06   2.49903822680362e+01
   1.55137999000000e+08   9.17888144158496e-07   2.49743696420159e+01
   1.55538002000000e+08   1.40835686579521e-06   2.49783727985210e+01
   1.55938004000000e+08   2.41872521655750e-06   2.49983885810460e+01
   1.56338007000000e+08   1.13841576876439e-06   2.50184043635693e+01
   1.56738010000000e+08   2.00100157599081e-06   2.49903822680362e+01
   1.57138012000000e+08   9.04440071280987e-07   2.49583570159945e+01
   1.57538015000000e+08   1.23714198707603e-06   2.49343380769607e+01
   1.57938017000000e+08   2.18322225009615e-06   2.49983885810460e+01
   1.58338020000000e+08   1.01885120784573e-06   2.51024706501504e+01
   1.58738022000000e+08   1.84453642759763e-06   2.49863791115312e+01
   1.93419007000000e+08  -2.09106248803437e-03   2.50984674936472e+01
   1.93819010000000e+08   1.33459900553135e-06   2.50624390851152e+01
   1.94219012000000e+08   2.03801550924254e-06   2.49823759550261e+01
   1.94619015000000e+08   1.62078924859088e-06   2.50504296156035e+01
   1.95019017000000e+08   2.21555478674418e-06   2.51264895891685e+01
   1.95419020000000e+08   3.19001833304355e-06   2.50184043635693e+01
   1.95819023000000e+08   2.17501201404957e-06   2.50984674936472e+01
   1.96219025000000e+08   2.83448230220529e-06   2.50184043635693e+01
   1.96619028000000e+08   2.31445551435172e-06   2.51425022151793e+01
   1.97019030000000e+08   2.81558482129185e-06   2.50984674936472e+01
   1.97419033000000e+08   3.60542048838397e-06   2.50184043635693e+01
   1.97819036000000e+08   2.77133244708239e-06   2.50224075200738e+01
   1.98219038000000e+08   3.32869763042254e-06   2.50744485546264e+01
   1.98619041000000e+08   2.91421997644647e-06   2.49983885810460e+01
   1.99019043000000e+08   2.74355920737435e-06   2.49703664855106e+01
   1.99419046000000e+08   3.41448640028830e-06   2.50224075200738e+01
   1.99819049000000e+08   2.50548259828065e-06   2.50344169895869e+01
   2.00219051000000e+08   3.04976128973067e-06   2.50344169895869e+01
   2.00619054000000e+08   2.61391255662602e-06   2.50864580241371e+01
   2.01019056000000e+08   2.07575430977158e-06   2.51384990586767e+01
   2.01419059000000e+08   2.66448091679194e-06   2.50384201460911e+01
   2.01819062000000e+08   1.78126026639802e-06   2.49223286074429e+01
   2.02219064000000e+08   2.34181720770721e-06   2.50904611806405e+01
   2.02619067000000e+08   1.84690429705370e-06   2.50103980505602e+01
   2.03019069000000e+08   1.64322068485490e-06   2.50304138330826e+01
