   4.00003000000000e+05   1.39499240958685e-06   2.50344169895869e+01
   8.00005000000000e+05   1.32357126858551e-06   2.49983885810460e+01
   1.20000800000000e+06   1.43609486258356e-06   2.50544327721075e+01
   1.60001000000000e+06   1.34370907289849e-06   2.50664422416190e+01
   2.00001300000000e+06   1.59530213750259e-06   2.49863791115312e+01
   2.40001600000000e+06   1.95412371795101e-06   2.50744485546264e+01
   2.80001800000000e+06   1.84726036422944e-06   2.50544327721075e+01
   3.20002100000000e+06   2.06916706702032e-06   2.50144012070648e+01
   3.60002300000000e+06   1.74376020822820e-06   2.50504296156035e+01
   4.00002600000000e+06   2.17952219827566e-06   2.50063948940555e+01
   4.40002900000000e+06   2.10532016353682e-06   2.50424233025953e+01
   4.80003100000000e+06   2.16859484680754e-06   2.49503507029835e+01
   5.20003400000000e+06   2.16389889828861e-06   2.50023917375508e+01
   5.60003600000000e+06   2.19966068470967e-06   2.50584359286114e+01
   6.00003900000000e+06   2.20981723941804e-06   2.50224075200738e+01
   6.40004200000000e+06   2.28384692491090e-06   2.49583570159945e+01
   6.80004400000000e+06   2.30141540669138e-06   2.49343380769607e+01
   7.20004700000000e+06   2.44205989474722e-06   2.49903822680362e+01
   7.60004900000000e+06   2.17837964555656e-06   2.49463475464779e+01
   8.00005200000000e+06   2.32798652177735e-06   2.50344169895869e+01
   8.40005500000000e+06   2.16158082366746e-06   2.49903822680362e+01
   8.80005700000000e+06   2.25527560360206e-06   2.49743696420159e+01
   9.20006000000000e+06   2.14106262319547e-06   2.50864580241371e+01
   9.60006200000000e+06   2.18458126255427e-06   2.50624390851152e+01
   4.24482610000000e+07   2.36228806897998e-03   2.49543538594890e+01
   4.28482630000000e+07   6.22096081315249e-07   2.49503507029835e+01
   4.32482660000000e+07   2.33801142712764e-06   2.49503507029835e+01
   4.36482680000000e+07   1.44307239224872e-06   2.50144012070648e+01
   4.40482710000000e+07   2.18473496715887e-06   2.50304138330826e+01
   4.44482730000000e+07   1.89651575510652e-06   2.50264106765782e+01
   4.48482760000000e+07   7.98190342266025e-07   2.50264106765782e+01
   4.52482790000000e+07   2.37649965129094e-06   2.50184043635693e+01
   4.56482810000000e+07   1.48325761983870e-06   2.50464264590994e+01
   4.60482840000000e+07   2.47813136411423e-06   2.50384201460911e+01
   4.64482860000000e+07   2.32532670452201e-06   2.50264106765782e+01
   4.68482890000000e+07   1.41028147027100e-06   2.49983885810460e+01
   4.72482920000000e+07   2.93674202112015e-06   2.49423443899722e+01
   4.76482940000000e+07   2.18216882785782e-06   2.50344169895869e+01
   4.80482970000000e+07   2.50670382229146e-06   2.49663633290053e+01
   4.84482990000000e+07   1.94579092749336e-06   2.49463475464779e+01
   4.88483020000000e+07   1.06371021502127e-06   2.49783727985210e+01
   4.92483050000000e+07   2.59643411482102e-06   2.49743696420159e+01
   4.96483070000000e+07   1.64439597938326e-06   2.49383412334665e+01
   5.00483100000000e+07   2.01690363610396e-06   2.49783727985210e+01
   5.04483120000000e+07   1.32398497498798e-06   2.49863791115312e+01
   5.08483150000000e+07   7.12125086010928e-07   2.50784517111300e+01
   5.12483180000000e+07   2.04428283723246e-06   2.49943854245411e+01
   5.16483200000000e+07   1.28478859551251e-06   2.50144012070648e+01
   5.20483230000000e+07   1.91495132639830e-06   2.49823759550261e+01
   9.58089300000000e+07  -4.23099985346198e-03   2.51425022151793e+01
   9.62089320000000e+07   4.20372907683486e-06   2.50824548676336e+01
   9.66089350000000e+07   1.86968577509106e-06   2.49423443899722e+01
   9.70089380000000e+07   2.44542138716497e-06   2.50904611806405e+01
   9.74089400000000e+07   1.25400470096793e-06   2.51024706501504e+01
   9.78089430000000e+07   5.09826122652157e-07   2.50704453981228e+01
   9.82089450000000e+07   4.17365754401544e-06   2.50344169895869e+01
   9.86089480000000e+07   1.62196636210865e-06   2.50224075200738e+01
   9.90089510000000e+07   2.35492757383327e-06   2.50824548676336e+01
   9.94089530000000e+07   1.11898327759263e-06   2.49903822680362e+01
   9.98089560000000e+07   8.78053015185287e-07   2.50103980505602e+01
   1.00208958000000e+08   3.86867122870171e-06   2.50384201460911e+01
   1.00608961000000e+08   1.30226658257016e-06   2.50664422416190e+01
   1.01008964000000e+08   2.02963633455511e-06   2.50664422416190e+01
   1.01408966000000e+08   9.83296558842994e-07   2.50063948940555e+01
   1.01808969000000e+08   8.18018861536984e-07   2.49263317639489e+01
   1.02208971000000e+08   3.56126793121803e-06   2.50344169895869e+01
   1.02608974000000e+08   7.97555799181282e-07   2.49983885810460e+01
   1.03008976000000e+08   1.79092296548333e-06   2.50304138330826e+01
   1.03408979000000e+08   5.65671541608026e-07   2.50864580241371e+01
   1.03808982000000e+08   9.32089562866167e-07   2.50584359286114e+01
   1.04208984000000e+08   3.46157980857242e-06   2.51184832761627e+01
   1.04608987000000e+08   8.73771455189853e-07   2.50184043635693e+01
   1.05008989000000e+08   1.73918590462563e-06   2.50224075200738e+01
   1.05408992000000e+08   8.34732929888560e-07   2.50984674936472e+01
   1.48738398000000e+08   4.63402504101396e-03   2.50384201460911e+01
   1.49138400000000e+08   1.91365211321681e-06   2.50304138330826e+01
   1.49538403000000e+08   2.61739296547603e-06   2.50824548676336e+01
   1.49938406000000e+08   1.74132389929582e-06   2.49463475464779e+01
   1.50338408000000e+08   8.30452108857571e-07   2.50264106765782e+01
   1.50738411000000e+08   3.11379585582472e-06   2.49983885810460e+01
   1.51138413000000e+08   1.51437723161507e-06   2.49663633290053e+01
   1.51538416000000e+08   2.29137685892056e-06   2.50944643371439e+01
   1.51938419000000e+08   1.42521400903206e-06   2.50344169895869e+01
   1.52338421000000e+08   8.60141881275922e-07   2.50023917375508e+01
   1.52738424000000e+08   2.96345524475328e-06   2.49583570159945e+01
   1.53138426000000e+08   1.33559456116927e-06   2.49903822680362e+01
   1.53538429000000e+08   2.06226832233369e-06   2.51064738066536e+01
   1.53938432000000e+08   1.30622379401757e-06   2.50704453981228e+01
   1.54338434000000e+08   1.12944223928935e-06   2.49343380769607e+01
   1.54738437000000e+08   3.03318483929615e-06   2.50224075200738e+01
   1.55138439000000e+08   1.42738610975357e-06   2.49983885810460e+01
   1.55538442000000e+08   2.09678887586051e-06   2.51344959021740e+01
   1.55938445000000e+08   1.32541561015387e-06   2.50224075200738e+01
   1.56338447000000e+08   1.10096516436897e-06   2.50063948940555e+01
   1.56738450000000e+08   2.78936295217136e-06   2.49943854245411e+01
   1.57138452000000e+08   1.11684221337782e-06   2.49463475464779e+01
   1.57538455000000e+08   1.85861460977321e-06   2.49863791115312e+01
   1.57938458000000e+08   1.27639577840455e-06   2.49983885810460e+01
   1.58338460000000e+08   1.25492908864544e-06   2.50304138330826e+01
   1.93433097000000e+08  -2.05726316198707e-03   2.50504296156035e+01
   1.93833099000000e+08   2.59983221440052e-06   2.49263317639489e+01
   1.94233102000000e+08   2.36011783272261e-06   2.50424233025953e+01
   1.94633104000000e+08   1.24742291518487e-06   2.50304138330826e+01
   1.95033107000000e+08   8.06765513061691e-07   2.50304138330826e+01
   1.95433110000000e+08   3.33644766215002e-06   2.49903822680362e+01
   1.95833112000000e+08   2.53761504609429e-06   2.50184043635693e+01
   1.96233115000000e+08   1.99876058104564e-06   2.49863791115312e+01
   1.96633117000000e+08   9.63716956903227e-07   2.50624390851152e+01
   1.97033120000000e+08   8.41008500174212e-07   2.50544327721075e+01
   1.97433123000000e+08   3.02389162243344e-06   2.50304138330826e+01
   1.97833125000000e+08   2.29139413931989e-06   2.50624390851152e+01
   1.98233128000000e+08   2.26877659770253e-06   2.49943854245411e+01
   1.98633130000000e+08   1.36897517677426e-06   2.50864580241371e+01
   1.99033133000000e+08   1.44952207392635e-06   2.50144012070648e+01
   1.99433136000000e+08   3.55575389221485e-06   2.50664422416190e+01
   1.99833138000000e+08   2.51951018981345e-06   2.51344959021740e+01
   2.00233141000000e+08   2.18317632061371e-06   2.50264106765782e+01
   2.00633143000000e+08   1.24886923913436e-06   2.50664422416190e+01
   2.01033146000000e+08   1.73681223714084e-06   2.51024706501504e+01
   2.01433149000000e+08   3.37166625286045e-06   2.50624390851152e+01
   2.01833151000000e+08   2.35819175031793e-06   2.50944643371439e+01
   2.02233154000000e+08   1.96443943423219e-06   2.50544327721075e+01
   2.02633156000000e+08   1.32817058329238e-06   2.50784517111300e+01
   2.03033159000000e+08   1.68495978414285e-06   2.52305716582210e+01
