   4.00003000000000e+05   1.65890787684475e-06   2.50344169895869e+01
   8.00005000000000e+05   1.65839605870133e-06   2.50784517111300e+01
   1.20000800000000e+06   1.77205538420822e-06   2.50584359286114e+01
   1.60001000000000e+06   1.42167186822917e-06   2.50184043635693e+01
   2.00001300000000e+06   1.69508257386042e-06   2.50584359286114e+01
   2.40001600000000e+06   1.50059884163056e-06   2.49783727985210e+01
   2.80001800000000e+06   1.62631795319612e-06   2.50384201460911e+01
   3.20002100000000e+06   1.73633532085660e-06   2.50864580241371e+01
   3.60002300000000e+06   1.46797810884891e-06   2.49823759550261e+01
   4.00002600000000e+06   1.81816051281203e-06   2.50103980505602e+01
   4.40002900000000e+06   1.52792438257165e-06   2.50304138330826e+01
   4.80003100000000e+06   1.61776779350475e-06   2.50184043635693e+01
   5.20003400000000e+06   1.71187605246814e-06   2.51224864326656e+01
   5.60003600000000e+06   1.50860330450087e-06   2.50224075200738e+01
   6.00003900000000e+06   1.75603543084435e-06   2.51104769631567e+01
   6.40004100000000e+06   1.50156461131701e-06   2.49663633290053e+01
   6.80004400000000e+06   1.81971836354933e-06   2.50464264590994e+01
   7.20004700000000e+06   1.71132148807374e-06   2.50904611806405e+01
   7.60004900000000e+06   1.69237000591238e-06   2.50464264590994e+01
   8.00005200000000e+06   1.81385689757008e-06   2.50144012070648e+01
   8.40005400000000e+06   1.61699483669508e-06   2.49903822680362e+01
   8.80005700000000e+06   1.83767417638592e-06   2.49743696420159e+01
   9.20006000000000e+06   1.80704228114337e-06   2.50584359286114e+01
   9.60006200000000e+06   1.72012676102895e-06   2.49743696420159e+01
   4.22483550000000e+07   1.42262753797695e-04   2.51505085281844e+01
   4.26483570000000e+07   1.74276954112429e-06   2.50023917375508e+01
   4.30483600000000e+07   1.99860255634121e-06   2.51825337802020e+01
   4.34483630000000e+07   1.73788600932312e-06   2.51344959021740e+01
   4.38483650000000e+07   1.92674815480132e-06   2.50344169895869e+01
   4.42483680000000e+07   1.77987465121987e-06   2.50744485546264e+01
   4.46483700000000e+07   1.85778947070503e-06   2.52145590322157e+01
   4.50483730000000e+07   1.91775257007976e-06   2.51465053716819e+01
   4.54483750000000e+07   1.66797769907134e-06   2.50464264590994e+01
   4.58483780000000e+07   1.85524686457939e-06   2.50224075200738e+01
   4.62483810000000e+07   1.79162259428267e-06   2.51625179976914e+01
   4.66483830000000e+07   1.80157144313853e-06   2.51184832761627e+01
   4.70483860000000e+07   1.89546642559435e-06   2.50504296156035e+01
   4.74483880000000e+07   1.67558243902022e-06   2.50264106765782e+01
   4.78483910000000e+07   1.94882659343421e-06   2.50063948940555e+01
   4.82483940000000e+07   1.73417163296108e-06   2.51825337802020e+01
   4.86483960000000e+07   1.79158678292879e-06   2.50144012070648e+01
   4.90483990000000e+07   1.96404039343179e-06   2.50544327721075e+01
   4.94484010000000e+07   1.54549047692853e-06   2.49103191379245e+01
   4.98484040000000e+07   1.94861877389485e-06   2.49503507029835e+01
   5.02484070000000e+07   1.65157666742743e-06   2.50784517111300e+01
   5.06484090000000e+07   1.89940999462124e-06   2.48342591642952e+01
   5.10484120000000e+07   1.90801597454993e-06   2.51024706501504e+01
   5.14484140000000e+07   1.83691713573353e-06   2.50824548676336e+01
   5.18484170000000e+07   2.01912575903407e-06   2.50664422416190e+01
   9.52310890000000e+07   2.08975121495314e-04   2.50824548676336e+01
   9.56310910000000e+07   1.59282410550077e-06   2.50063948940555e+01
   9.60310940000000e+07   1.97733515960863e-06   2.51144801196597e+01
   9.64310970000000e+07   1.88187630101311e-06   2.50544327721075e+01
   9.68310990000000e+07   1.61661500897026e-06   2.49543538594890e+01
   9.72311020000000e+07   2.22931134885584e-06   2.50063948940555e+01
   9.76311040000000e+07   1.73575199369225e-06   2.50224075200738e+01
   9.80311070000000e+07   1.93423784367042e-06   2.50984674936472e+01
   9.84311090000000e+07   2.04839147954772e-06   2.50384201460911e+01
   9.88311120000000e+07   1.67562700426060e-06   2.50264106765782e+01
   9.92311150000000e+07   2.35603738474310e-06   2.51384990586767e+01
   9.96311170000000e+07   1.61427522016311e-06   2.51344959021740e+01
   1.00031120000000e+08   2.19045318772260e-06   2.49863791115312e+01
   1.00431122000000e+08   1.93125561054330e-06   2.50984674936472e+01
   1.00831125000000e+08   1.80061465471226e-06   2.50704453981228e+01
   1.01231128000000e+08   2.17871433960681e-06   2.51785306237000e+01
   1.01631130000000e+08   1.64828838933317e-06   2.50904611806405e+01
   1.02031133000000e+08   2.06542927116971e-06   2.50144012070648e+01
   1.02431135000000e+08   1.91821459338826e-06   2.50144012070648e+01
   1.02831138000000e+08   1.61109426244366e-06   2.50384201460911e+01
   1.03231141000000e+08   2.17638671529130e-06   2.49903822680362e+01
   1.03631143000000e+08   1.44590921991039e-06   2.50824548676336e+01
   1.04031146000000e+08   2.03654212782567e-06   2.50544327721075e+01
   1.04431148000000e+08   1.65758024195384e-06   2.49823759550261e+01
   1.04831151000000e+08   1.75490492893005e-06   2.49623601725000e+01
   1.48533837000000e+08   1.90850172657520e-04   2.50304138330826e+01
   1.48933839000000e+08   1.88635806352977e-06   2.49623601725000e+01
   1.49333842000000e+08   1.90449907222501e-06   2.50504296156035e+01
   1.49733844000000e+08   1.95489201360033e-06   2.50704453981228e+01
   1.50133847000000e+08   1.71350825439731e-06   2.51425022151793e+01
   1.50533849000000e+08   2.17638284993882e-06   2.50664422416190e+01
   1.50933852000000e+08   1.48302649449761e-06   2.50184043635693e+01
   1.51333855000000e+08   1.78999778199795e-06   2.49903822680362e+01
   1.51733857000000e+08   1.59004900979198e-06   2.50864580241371e+01
   1.52133860000000e+08   1.61539355758578e-06   2.49983885810460e+01
   1.52533862000000e+08   1.75430420767952e-06   2.50784517111300e+01
   1.52933865000000e+08   1.48203662320157e-06   2.50464264590994e+01
   1.53333868000000e+08   1.78281140961190e-06   2.50864580241371e+01
   1.53733870000000e+08   1.58962814111874e-06   2.50944643371439e+01
   1.54133873000000e+08   1.56583018906531e-06   2.50023917375508e+01
   1.54533875000000e+08   1.80407016614481e-06   2.49943854245411e+01
   1.54933878000000e+08   1.34589686240361e-06   2.48702875728593e+01
   1.55333881000000e+08   1.61850869062619e-06   2.50144012070648e+01
   1.55733883000000e+08   1.34742947466293e-06   2.50184043635693e+01
   1.56133886000000e+08   1.43610873237776e-06   2.50744485546264e+01
   1.56533888000000e+08   1.54274118813191e-06   2.49943854245411e+01
   1.56933891000000e+08   1.23844415611529e-06   2.50224075200738e+01
   1.57333893000000e+08   1.58647867465334e-06   2.50344169895869e+01
   1.57733896000000e+08   1.33963055759523e-06   2.50184043635693e+01
   1.58133899000000e+08   1.37885137974081e-06   2.50144012070648e+01
   1.93148031000000e+08   1.66150028235279e-04   2.49783727985210e+01
   1.93548034000000e+08   1.60566867180023e-06   2.49423443899722e+01
   1.93948036000000e+08   1.82554413186153e-06   2.49663633290053e+01
   1.94348039000000e+08   1.45486308156251e-06   2.51625179976914e+01
   1.94748042000000e+08   1.79743108219554e-06   2.50184043635693e+01
   1.95148044000000e+08   1.82791359293333e-06   2.51304927456713e+01
   1.95548047000000e+08   1.70408588928694e-06   2.51585148411891e+01
   1.95948049000000e+08   2.01796456167358e-06   2.51905400932058e+01
   1.96348052000000e+08   1.61896412009810e-06   2.52906190057322e+01
   1.96748055000000e+08   2.07049697564798e-06   2.50464264590994e+01
   1.97148057000000e+08   1.70409805377858e-06   2.49023128249120e+01
   1.97548060000000e+08   1.87477075996867e-06   2.51705243106959e+01
   1.97948062000000e+08   1.94356243810034e-06   2.50023917375508e+01
   1.98348065000000e+08   1.76329558598809e-06   2.50344169895869e+01
   1.98748068000000e+08   1.91505591828900e-06   2.48302560077878e+01
   1.99148070000000e+08   1.84586349405436e-06   2.49423443899722e+01
   1.99548073000000e+08   1.84667760549928e-06   2.49103191379245e+01
   1.99948075000000e+08   1.98222028302553e-06   2.50544327721075e+01
   2.00348078000000e+08   1.71899409906473e-06   2.49143222944307e+01
   2.00748081000000e+08   2.14827014133334e-06   2.49823759550261e+01
   2.01148083000000e+08   1.93924188351957e-06   2.50864580241371e+01
   2.01548086000000e+08   2.09744166568271e-06   2.49103191379245e+01
   2.01948088000000e+08   2.03692025024793e-06   2.51104769631567e+01
   2.02348091000000e+08   1.95378015632741e-06   2.52105558757142e+01
   2.02748094000000e+08   2.08517235478212e-06   2.49543538594890e+01
