   4.00002000000000e+05   1.84224768418062e-06   2.48903033553927e+01
   8.00005000000000e+05   1.79629000740533e-06   2.50544327721075e+01
   1.20000800000000e+06   1.56405781126523e-06   2.51144801196597e+01
   1.60001000000000e+06   1.92010497812589e-06   2.49983885810460e+01
   2.00001300000000e+06   1.65471692525898e-06   2.50144012070648e+01
   2.40001500000000e+06   1.72695558831037e-06   2.49903822680362e+01
   2.80001800000000e+06   1.91035746865964e-06   2.49303349204548e+01
   3.20002100000000e+06   1.64821722137276e-06   2.49623601725000e+01
   3.60002300000000e+06   2.02617934519367e-06   2.49263317639489e+01
   4.00002600000000e+06   1.60252182013210e-06   2.51144801196597e+01
   4.40002900000000e+06   1.80646566150244e-06   2.50103980505602e+01
   4.80003100000000e+06   1.83276711140934e-06   2.50864580241371e+01
   5.20003400000000e+06   1.58691909746267e-06   2.49743696420159e+01
   5.60003600000000e+06   1.85894384685525e-06   2.49463475464779e+01
   6.00003900000000e+06   1.63457093549368e-06   2.50103980505602e+01
   6.40004200000000e+06   1.81035443347355e-06   2.50384201460911e+01
   6.80004400000000e+06   1.86677959845838e-06   2.50504296156035e+01
   7.20004700000000e+06   1.61815319188463e-06   2.50184043635693e+01
   7.60005000000000e+06   2.01151237888553e-06   2.50344169895869e+01
   8.00005200000000e+06   1.61467630732659e-06   2.51024706501504e+01
   8.40005500000000e+06   1.87439377441478e-06   2.51224864326656e+01
   8.80005700000000e+06   1.96582846001547e-06   2.50344169895869e+01
   9.20006000000000e+06   1.80994550191826e-06   2.50584359286114e+01
   9.60006300000000e+06   2.06133995561686e-06   2.50544327721075e+01
   4.21398380000000e+07   2.34366254881024e-03   2.49623601725000e+01
   4.25398400000000e+07   1.88288356639532e-06   2.51064738066536e+01
   4.29398430000000e+07   2.78480024462624e-06   2.50784517111300e+01
   4.33398460000000e+07   1.76619789726828e-06   2.50063948940555e+01
   4.37398480000000e+07   1.34169181364996e-06   2.50304138330826e+01
   4.41398510000000e+07   1.40748068133689e-06   2.51344959021740e+01
   4.45398540000000e+07   1.96830092136224e-06   2.50584359286114e+01
   4.49398560000000e+07   2.98656891573046e-06   2.49903822680362e+01
   4.53398590000000e+07   1.25097267300589e-06   2.50063948940555e+01
   4.57398610000000e+07   1.50691630551592e-06   2.49903822680362e+01
   4.61398640000000e+07   1.66017832725629e-06   2.51545116846868e+01
   4.65398670000000e+07   2.53639996117272e-06   2.49423443899722e+01
   4.69398690000000e+07   2.85611577055533e-06   2.50944643371439e+01
   4.73398720000000e+07   1.74405374764319e-06   2.50304138330826e+01
   4.77398740000000e+07   1.81265170340339e-06   2.50824548676336e+01
   4.81398770000000e+07   2.15466729969194e-06   2.50023917375508e+01
   4.85398800000000e+07   2.26076804210606e-06   2.50304138330826e+01
   4.89398820000000e+07   2.93196990241995e-06   2.50664422416190e+01
   4.93398850000000e+07   1.29394788928039e-06   2.50384201460911e+01
   4.97398880000000e+07   1.79548919732042e-06   2.50464264590994e+01
   5.01398900000000e+07   2.10887219509459e-06   2.49903822680362e+01
   5.05398930000000e+07   2.56227849604329e-06   2.51224864326656e+01
   5.09398950000000e+07   2.62564276454214e-06   2.50424233025953e+01
   5.13398980000000e+07   1.19841467949300e-06   2.50784517111300e+01
   5.17399010000000e+07   2.11280462281138e-06   2.49743696420159e+01
   9.57266690000000e+07  -4.19567478820682e-03   2.50424233025953e+01
   9.61266720000000e+07   4.03080048272386e-06   2.50344169895869e+01
   9.65266740000000e+07   2.43041517933307e-06   2.50344169895869e+01
   9.69266770000000e+07   7.76420449710713e-07   2.50264106765782e+01
   9.73266790000000e+07   1.66961672221078e-06   2.50264106765782e+01
   9.77266820000000e+07   8.18270279978606e-07   2.51785306237000e+01
   9.81266850000000e+07   4.18446961703012e-06   2.51184832761627e+01
   9.85266870000000e+07   2.30033265324892e-06   2.51425022151793e+01
   9.89266900000000e+07   9.17112743081816e-07   2.51505085281844e+01
   9.93266920000000e+07   2.17303727367835e-06   2.51344959021740e+01
   9.97266950000000e+07   1.49628397139168e-06   2.50584359286114e+01
   1.00126698000000e+08   4.52608492196305e-06   2.52265685017198e+01
   1.00526700000000e+08   1.77202537088306e-06   2.50624390851152e+01
   1.00926703000000e+08   1.15984255444346e-06   2.50704453981228e+01
   1.01326706000000e+08   2.31057583732763e-06   2.51745274671980e+01
   1.01726708000000e+08   2.01168359126314e-06   2.50544327721075e+01
   1.02126711000000e+08   4.16784314438701e-06   2.50063948940555e+01
   1.02526713000000e+08   1.25142514662002e-06   2.49743696420159e+01
   1.02926716000000e+08   9.31192175812612e-07   2.50144012070648e+01
   1.03326719000000e+08   2.29150896302599e-06   2.50224075200738e+01
   1.03726721000000e+08   1.86896238574263e-06   2.50464264590994e+01
   1.04126724000000e+08   3.72048430108407e-06   2.50344169895869e+01
   1.04526727000000e+08   6.80445737089030e-07   2.50944643371439e+01
   1.04926729000000e+08   1.18227376333380e-06   2.51505085281844e+01
   1.05326732000000e+08   2.37579274653399e-06   2.50304138330826e+01
   1.48834993000000e+08   4.59682522341609e-03   2.49663633290053e+01
   1.49234996000000e+08   1.11999338514579e-06   2.50704453981228e+01
   1.49634998000000e+08   2.37749964071554e-06   2.50744485546264e+01
   1.50035001000000e+08   2.22798280447023e-06   2.50624390851152e+01
   1.50435003000000e+08   1.77455581251706e-06   2.50744485546264e+01
   1.50835006000000e+08   1.82401151960221e-06   2.51264895891685e+01
   1.51235009000000e+08   1.65996914347488e-06   2.50624390851152e+01
   1.51635011000000e+08   2.76561377177131e-06   2.50744485546264e+01
   1.52035014000000e+08   2.39740074903239e-06   2.50464264590994e+01
   1.52435017000000e+08   1.41872396852705e-06   2.51344959021740e+01
   1.52835019000000e+08   1.47895968893863e-06   2.51425022151793e+01
   1.53235022000000e+08   1.37151414492109e-06   2.50023917375508e+01
   1.53635024000000e+08   2.51505070991698e-06   2.50744485546264e+01
   1.54035027000000e+08   1.81229495410662e-06   2.49783727985210e+01
   1.54435030000000e+08   1.26766246921761e-06   2.49983885810460e+01
   1.54835032000000e+08   1.43671786645427e-06   2.50424233025953e+01
   1.55235035000000e+08   1.52516133766767e-06   2.50504296156035e+01
   1.55635038000000e+08   2.27044029088574e-06   2.50624390851152e+01
   1.56035040000000e+08   1.60434865392745e-06   2.51024706501504e+01
   1.56435043000000e+08   9.83140012067452e-07   2.49903822680362e+01
   1.56835045000000e+08   1.54295980792085e-06   2.50023917375508e+01
   1.57235048000000e+08   1.35693392167013e-06   2.49823759550261e+01
   1.57635051000000e+08   2.21151572077360e-06   2.50344169895869e+01
   1.58035053000000e+08   1.21480013604014e-06   2.50264106765782e+01
   1.58435056000000e+08   1.31537331071740e-06   2.51184832761627e+01
   1.93802660000000e+08  -2.03293771483004e-03   2.50984674936472e+01
   1.94202662000000e+08   1.91404751603841e-06   2.50103980505602e+01
   1.94602665000000e+08   2.33631197943396e-07   2.49783727985210e+01
   1.95002667000000e+08   2.39342898566974e-06   2.49663633290053e+01
   1.95402670000000e+08   2.63786660070764e-06   2.49903822680362e+01
   1.95802673000000e+08   2.67137352238933e-06   2.49983885810460e+01
   1.96202675000000e+08   1.64768061949871e-06   2.50464264590994e+01
   1.96602678000000e+08   3.34466051299387e-07   2.50264106765782e+01
   1.97002681000000e+08   2.67728523795085e-06   2.50784517111300e+01
   1.97402683000000e+08   2.49320805778552e-06   2.49783727985210e+01
   1.97802686000000e+08   2.31910962611437e-06   2.50744485546264e+01
   1.98202688000000e+08   1.52630184402369e-06   2.49743696420159e+01
   1.98602691000000e+08   8.59299177591311e-07   2.49863791115312e+01
   1.99002694000000e+08   3.15935290018388e-06   2.50384201460911e+01
   1.99402696000000e+08   2.62933917838382e-06   2.51064738066536e+01
   1.99802699000000e+08   2.42274882111815e-06   2.51945432497076e+01
   2.00202702000000e+08   1.19990045277518e-06   2.50264106765782e+01
   2.00602704000000e+08   6.15628664490941e-07   2.49743696420159e+01
   2.01002707000000e+08   2.69610222858319e-06   2.49983885810460e+01
   2.01402709000000e+08   1.88614035323553e-06   2.50664422416190e+01
   2.01802712000000e+08   1.49579216213169e-06   2.50264106765782e+01
   2.02202715000000e+08   7.66384118833230e-07   2.49063159814183e+01
   2.02602717000000e+08   7.55568578370003e-07   2.49863791115312e+01
   2.03002720000000e+08   2.56951375376957e-06   2.49503507029835e+01
   2.03402723000000e+08   1.38877260269510e-06   2.50304138330826e+01
