   4.00002000000000e+05   2.26788210966333e-06   2.50504296156035e+01
   8.00005000000000e+05   2.44438797381008e-06   2.49663633290053e+01
   1.20000800000000e+06   2.21275377043639e-06   2.49023128249120e+01
   1.60001000000000e+06   2.34825665756944e-06   2.50744485546264e+01
   2.00001300000000e+06   2.28110593525344e-06   2.48863001988861e+01
   2.40001500000000e+06   2.17835054172610e-06   2.49543538594890e+01
   2.80001800000000e+06   2.45649516728008e-06   2.49263317639489e+01
   3.20002000000000e+06   2.24049585995090e-06   2.50304138330826e+01
   3.60002300000000e+06   2.50568177762034e-06   2.50384201460911e+01
   4.00002600000000e+06   2.39593737205723e-06   2.50103980505602e+01
   4.40002800000000e+06   2.37645554079791e-06   2.50984674936472e+01
   4.80003100000000e+06   2.54750943895488e-06   2.50464264590994e+01
   5.20003300000000e+06   2.24068367060681e-06   2.50464264590994e+01
   5.60003600000000e+06   2.39360656451026e-06   2.50344169895869e+01
   6.00003900000000e+06   2.33891069001402e-06   2.50824548676336e+01
   6.40004100000000e+06   2.21859750126896e-06   2.51865369367039e+01
   6.80004400000000e+06   2.44044508690422e-06   2.51384990586767e+01
   7.20004600000000e+06   1.60760805556492e-06   2.50544327721075e+01
   7.60004900000000e+06   1.75660022705415e-06   2.50424233025953e+01
   8.00005100000000e+06   1.58006230321917e-06   2.50864580241371e+01
   8.40005400000000e+06   1.58706427555444e-06   2.50744485546264e+01
   8.80005700000000e+06   1.64643665812036e-06   2.50023917375508e+01
   9.20005900000000e+06   1.17552121992048e-06   2.50063948940555e+01
   9.60006200000000e+06   1.10957955712365e-06   2.50864580241371e+01
   4.20198960000000e+07   1.42700228025205e-04   2.49783727985210e+01
   4.24198980000000e+07   1.89530726402154e-06   2.49943854245411e+01
   4.28199010000000e+07   1.88454475846811e-06   2.50664422416190e+01
   4.32199040000000e+07   1.63438801337179e-06   2.50584359286114e+01
   4.36199060000000e+07   1.51131803249882e-06   2.50063948940555e+01
   4.40199090000000e+07   1.70017369782727e-06   2.50304138330826e+01
   4.44199110000000e+07   1.55876477947459e-06   2.50664422416190e+01
   4.48199140000000e+07   1.69117492987425e-06   2.49303349204548e+01
   4.52199170000000e+07   1.74020908616512e-06   2.49703664855106e+01
   4.56199190000000e+07   1.77558126779331e-06   2.51024706501504e+01
   4.60199220000000e+07   1.84727207397373e-06   2.49383412334665e+01
   4.64199240000000e+07   1.73319403984351e-06   2.50063948940555e+01
   4.68199270000000e+07   1.84629186605889e-06   2.49863791115312e+01
   4.72199290000000e+07   2.09749191526498e-06   2.50103980505602e+01
   4.76199320000000e+07   2.04241632673074e-06   2.49623601725000e+01
   4.80199350000000e+07   2.16020544030471e-06   2.50264106765782e+01
   4.84199370000000e+07   2.12366467167158e-06   2.50824548676336e+01
   4.88199400000000e+07   2.18948389374418e-06   2.50023917375508e+01
   4.92199420000000e+07   2.21719869841763e-06   2.50384201460911e+01
   4.96199450000000e+07   2.21664799937571e-06   2.50264106765782e+01
   5.00199480000000e+07   2.27627811000275e-06   2.50384201460911e+01
   5.04199500000000e+07   2.21062214222911e-06   2.49903822680362e+01
   5.08199530000000e+07   2.22797257265483e-06   2.49823759550261e+01
   5.12199550000000e+07   2.10450730264711e-06   2.50464264590994e+01
   5.16199580000000e+07   2.01350485440344e-06   2.50304138330826e+01
   9.53079610000000e+07   1.81600276846439e-04   2.50624390851152e+01
   9.57079630000000e+07   2.79562482319307e-06   2.50704453981228e+01
   9.61079660000000e+07   2.87315447167202e-06   2.50504296156035e+01
   9.65079690000000e+07   2.72337319984217e-06   2.50103980505602e+01
   9.69079710000000e+07   2.94405936074327e-06   2.50103980505602e+01
   9.73079740000000e+07   2.82573705590039e-06   2.50584359286114e+01
   9.77079760000000e+07   2.90342518383113e-06   2.50544327721075e+01
   9.81079790000000e+07   2.90618618237204e-06   2.50224075200738e+01
   9.85079820000000e+07   2.88704427475750e-06   2.50584359286114e+01
   9.89079840000000e+07   2.97306291940913e-06   2.50584359286114e+01
   9.93079870000000e+07   3.29647036778624e-06   2.50264106765782e+01
   9.97079890000000e+07   3.25470023199159e-06   2.50063948940555e+01
   1.00107992000000e+08   3.48516391568410e-06   2.50304138330826e+01
   1.00507994000000e+08   3.18278557642770e-06   2.49583570159945e+01
   1.00907997000000e+08   3.19857190334005e-06   2.49303349204548e+01
   1.01308000000000e+08   2.26510383072309e-06   2.50824548676336e+01
   1.01708002000000e+08   2.19831372305634e-06   2.50584359286114e+01
   1.02108005000000e+08   2.15337831832585e-06   2.49903822680362e+01
   1.02508007000000e+08   2.12213785744098e-06   2.50144012070648e+01
   1.02908010000000e+08   2.06585445994278e-06   2.49703664855106e+01
   1.03308013000000e+08   1.69475617894932e-06   2.50144012070648e+01
   1.03708015000000e+08   1.49275422245410e-06   2.50103980505602e+01
   1.04108018000000e+08   1.80955646555958e-06   2.50464264590994e+01
   1.04508020000000e+08   1.53964799665118e-06   2.49743696420159e+01
   1.04908023000000e+08   1.77384208654985e-06   2.49983885810460e+01
   1.48648922000000e+08   2.00150243472308e-04   2.50103980505602e+01
   1.49048925000000e+08   1.83767042472027e-06   2.49623601725000e+01
   1.49448928000000e+08   1.81775203600409e-06   2.50144012070648e+01
   1.49848930000000e+08   1.60386275638302e-06   2.49703664855106e+01
   1.50248933000000e+08   1.89802256045368e-06   2.49263317639489e+01
   1.50648935000000e+08   1.58182717768796e-06   2.49343380769607e+01
   1.51048938000000e+08   2.00094814317708e-06   2.50023917375508e+01
   1.51448940000000e+08   2.03770673579129e-06   2.48782938858728e+01
   1.51848943000000e+08   1.87696844022867e-06   2.49583570159945e+01
   1.52248946000000e+08   2.25314192903170e-06   2.49103191379245e+01
   1.52648948000000e+08   1.88259332389862e-06   2.48983096684056e+01
   1.53048951000000e+08   2.00059571398015e-06   2.49583570159945e+01
   1.53448953000000e+08   1.71854958352924e-06   2.49663633290053e+01
   1.53848956000000e+08   1.66255222211475e-06   2.49903822680362e+01
   1.54248959000000e+08   1.82282974492409e-06   2.51264895891685e+01
   1.54648961000000e+08   1.64936602686794e-06   2.51144801196597e+01
   1.55048964000000e+08   1.92280663213751e-06   2.50744485546264e+01
   1.55448966000000e+08   2.33109449254698e-06   2.50904611806405e+01
   1.55848969000000e+08   2.09088989322481e-06   2.51104769631567e+01
   1.56248971000000e+08   2.42658893512271e-06   2.51184832761627e+01
   1.56648974000000e+08   2.00648355530575e-06   2.51224864326656e+01
   1.57048977000000e+08   2.14958026845125e-06   2.51304927456713e+01
   1.57448979000000e+08   1.70565567714220e-06   2.50584359286114e+01
   1.57848982000000e+08   1.64337336627796e-06   2.50504296156035e+01
   1.58248984000000e+08   1.85387932560843e-06   2.49343380769607e+01
   1.93235815000000e+08   1.58112758072093e-04   2.51344959021740e+01
   1.93635817000000e+08   1.92592096937005e-06   2.50424233025953e+01
   1.94035820000000e+08   1.94867629943474e-06   2.49823759550261e+01
   1.94435823000000e+08   1.70548821643024e-06   2.51064738066536e+01
   1.94835825000000e+08   1.94903032024740e-06   2.50744485546264e+01
   1.95235828000000e+08   1.33958906189946e-06   2.50184043635693e+01
   1.95635830000000e+08   1.48569154134748e-06   2.48622812598455e+01
   1.96035833000000e+08   1.49288871398312e-06   2.49663633290053e+01
   1.96435836000000e+08   1.26617612750124e-06   2.49503507029835e+01
   1.96835838000000e+08   1.66126505973807e-06   2.49743696420159e+01
   1.97235841000000e+08   1.45425076425454e-06   2.50023917375508e+01
   1.97635843000000e+08   1.61518596542010e-06   2.49183254509368e+01
   1.98035846000000e+08   1.66304755566671e-06   2.50184043635693e+01
   1.98435848000000e+08   1.50601681525586e-06   2.51064738066536e+01
   1.98835851000000e+08   1.83374777407153e-06   2.50664422416190e+01
   1.99235854000000e+08   2.00179715648119e-06   2.50424233025953e+01
   1.99635856000000e+08   2.30684008784010e-06   2.50424233025953e+01
   2.00035859000000e+08   2.44204943555815e-06   2.49943854245411e+01
   2.00435861000000e+08   2.02443948182918e-06   2.51024706501504e+01
   2.00835864000000e+08   2.46680997406656e-06   2.50144012070648e+01
   2.01235867000000e+08   1.80096890289860e-06   2.50904611806405e+01
   2.01635869000000e+08   2.08851406569011e-06   2.49783727985210e+01
   2.02035872000000e+08   1.93923233382520e-06   2.50664422416190e+01
   2.02435874000000e+08   1.80059748799977e-06   2.50984674936472e+01
   2.02835877000000e+08   2.06071740649350e-06   2.49783727985210e+01
