   4.00003000000000e+05   1.96142786990094e-06   2.49823759550261e+01
   8.00005000000000e+05   1.97832332560210e-06   2.49103191379245e+01
   1.20000800000000e+06   1.69569409536052e-06   2.50824548676336e+01
   1.60001000000000e+06   1.87848343102814e-06   2.49703664855106e+01
   2.00001300000000e+06   1.63925972174184e-06   2.50384201460911e+01
   2.40001600000000e+06   1.74393164797948e-06   2.50624390851152e+01
   2.80001800000000e+06   1.90607477179583e-06   2.51144801196597e+01
   3.20002100000000e+06   1.92189122572017e-06   2.50464264590994e+01
   3.60002300000000e+06   2.12149302569742e-06   2.51224864326656e+01
   4.00002600000000e+06   2.04940738512960e-06   2.50864580241371e+01
   4.40002900000000e+06   2.06156710191863e-06   2.52185621887171e+01
   4.80003100000000e+06   2.22441826736031e-06   2.50184043635693e+01
   5.20003400000000e+06   2.12759755413572e-06   2.50584359286114e+01
   5.60003700000000e+06   2.51156484409876e-06   2.50864580241371e+01
   6.00003900000000e+06   2.23226356865780e-06   2.51024706501504e+01
   6.40004200000000e+06   2.33677496908058e-06   2.50544327721075e+01
   6.80004400000000e+06   2.31761100621952e-06   2.50103980505602e+01
   7.20004700000000e+06   2.02190858544782e-06   2.50144012070648e+01
   7.60005000000000e+06   2.18399509321898e-06   2.49903822680362e+01
   8.00005200000000e+06   1.97092890630302e-06   2.51184832761627e+01
   8.40005500000000e+06   2.03654371944140e-06   2.51304927456713e+01
   8.80005700000000e+06   2.13890234590508e-06   2.49903822680362e+01
   9.20006000000000e+06   1.77348942997924e-06   2.49943854245411e+01
   9.60006300000000e+06   2.11896190194238e-06   2.50144012070648e+01
   4.22019590000000e+07   2.34677526168525e-03   2.49183254509368e+01
   4.26019610000000e+07   1.70397174770187e-06   2.49543538594890e+01
   4.30019640000000e+07   1.84311306838936e-06   2.49343380769607e+01
   4.34019670000000e+07   3.18760112349992e-06   2.49743696420159e+01
   4.38019690000000e+07   1.09824520677648e-06   2.49903822680362e+01
   4.42019720000000e+07   1.23314362099336e-06   2.48903033553927e+01
   4.46019750000000e+07   1.98388056560361e-06   2.50103980505602e+01
   4.50019770000000e+07   2.21639015762776e-06   2.49903822680362e+01
   4.54019800000000e+07   3.13604732582462e-06   2.49423443899722e+01
   4.58019820000000e+07   1.12793816242629e-06   2.48943065118992e+01
   4.62019850000000e+07   1.68068356742879e-06   2.50704453981228e+01
   4.66019880000000e+07   2.36950950238679e-06   2.50063948940555e+01
   4.70019900000000e+07   2.28435260396509e-06   2.50544327721075e+01
   4.74019930000000e+07   2.93727634925744e-06   2.50264106765782e+01
   4.78019960000000e+07   9.59771455200098e-07   2.51224864326656e+01
   4.82019980000000e+07   1.91728599929775e-06   2.51184832761627e+01
   4.86020010000000e+07   2.34691378864227e-06   2.50544327721075e+01
   4.90020030000000e+07   2.11497399504879e-06   2.50624390851152e+01
   4.94020060000000e+07   2.33356399803597e-06   2.50584359286114e+01
   4.98020090000000e+07   5.72984447444469e-07   2.50424233025953e+01
   5.02020110000000e+07   1.69460690813139e-06   2.50264106765782e+01
   5.06020140000000e+07   2.15528143598931e-06   2.50224075200738e+01
   5.10020160000000e+07   1.92874040294555e-06   2.49863791115312e+01
   5.14020190000000e+07   2.15659315472294e-06   2.49103191379245e+01
   5.18020220000000e+07   5.84419808546954e-07   2.48822970423795e+01
   9.54650610000000e+07  -4.19587502256036e-03   2.49503507029835e+01
   9.58650640000000e+07   2.24122254621761e-06   2.51745274671980e+01
   9.62650660000000e+07   1.33057721996011e-06   2.51184832761627e+01
   9.66650690000000e+07   2.91300375465653e-06   2.50904611806405e+01
   9.70650720000000e+07   4.49985833483879e-07   2.50624390851152e+01
   9.74650740000000e+07   3.53472728420456e-06   2.51224864326656e+01
   9.78650770000000e+07   2.00765953195514e-06   2.50224075200738e+01
   9.82650790000000e+07   1.25866085909365e-06   2.50624390851152e+01
   9.86650820000000e+07   2.92901927423372e-06   2.50624390851152e+01
   9.90650850000000e+07   5.46598300843470e-07   2.50304138330826e+01
   9.94650870000000e+07   3.80565006707911e-06   2.50944643371439e+01
   9.98650900000000e+07   1.67663290540077e-06   2.50344169895869e+01
   1.00265093000000e+08   1.58366174218827e-06   2.50063948940555e+01
   1.00665095000000e+08   2.77995991382340e-06   2.50144012070648e+01
   1.01065098000000e+08   8.62138676893665e-07   2.50144012070648e+01
   1.01465100000000e+08   3.63335652764363e-06   2.49143222944307e+01
   1.01865103000000e+08   1.48887011164334e-06   2.50384201460911e+01
   1.02265106000000e+08   1.53579696871020e-06   2.50224075200738e+01
   1.02665108000000e+08   2.71574799626251e-06   2.50824548676336e+01
   1.03065111000000e+08   8.75878754413861e-07   2.49903822680362e+01
   1.03465114000000e+08   3.64754919246479e-06   2.50304138330826e+01
   1.03865116000000e+08   1.10522876184405e-06   2.50224075200738e+01
   1.04265119000000e+08   1.75599370777491e-06   2.51184832761627e+01
   1.04665121000000e+08   2.51841561293986e-06   2.50304138330826e+01
   1.05065124000000e+08   8.23494076485076e-07   2.50544327721075e+01
   1.48820987000000e+08   4.59379982203245e-03   2.50624390851152e+01
   1.49220989000000e+08   2.68341796072491e-06   2.49983885810460e+01
   1.49620992000000e+08   3.05734170069627e-06   2.49183254509368e+01
   1.50020994000000e+08   1.87572641152656e-06   2.50144012070648e+01
   1.50420997000000e+08   7.17822160822834e-07   2.50063948940555e+01
   1.50821000000000e+08   2.87817647404154e-06   2.50624390851152e+01
   1.51221002000000e+08   2.76362129625340e-06   2.50224075200738e+01
   1.51621005000000e+08   3.01927525470091e-06   2.50664422416190e+01
   1.52021008000000e+08   1.73839589479030e-06   2.49863791115312e+01
   1.52421010000000e+08   1.09484085442091e-06   2.49943854245411e+01
   1.52821013000000e+08   3.10830728267320e-06   2.49943854245411e+01
   1.53221015000000e+08   2.66914094027015e-06   2.51384990586767e+01
   1.53621018000000e+08   2.73323439614614e-06   2.50424233025953e+01
   1.54021021000000e+08   1.59489309226046e-06   2.50344169895869e+01
   1.54421023000000e+08   1.35745426632639e-06   2.50864580241371e+01
   1.54821026000000e+08   3.17510557579226e-06   2.51224864326656e+01
   1.55221029000000e+08   2.17951151171292e-06   2.50384201460911e+01
   1.55621031000000e+08   2.11328210752981e-06   2.50664422416190e+01
   1.56021034000000e+08   1.05857816379284e-06   2.49823759550261e+01
   1.56421036000000e+08   1.26431882563338e-06   2.51585148411891e+01
   1.56821039000000e+08   2.92939716928231e-06   2.49983885810460e+01
   1.57221042000000e+08   1.95202846953180e-06   2.49543538594890e+01
   1.57621044000000e+08   1.80546282990690e-06   2.50384201460911e+01
   1.58021047000000e+08   1.07736082100018e-06   2.49703664855106e+01
   1.58421049000000e+08   1.47240450587560e-06   2.50103980505602e+01
   1.93604573000000e+08  -2.03866255469620e-03   2.48422654773099e+01
   1.94004576000000e+08   1.27739485833445e-06   2.49783727985210e+01
   1.94404578000000e+08   4.04399224862573e-06   2.49583570159945e+01
   1.94804581000000e+08  -8.16548379134474e-07   2.49223286074429e+01
   1.95204584000000e+08   1.98792349692667e-06   2.50224075200738e+01
   1.95604586000000e+08   2.82744395008194e-06   2.49943854245411e+01
   1.96004589000000e+08   1.61052093972103e-06   2.50544327721075e+01
   1.96404591000000e+08   3.78017853108759e-06   2.50023917375508e+01
   1.96804594000000e+08  -7.00612588389049e-07   2.51264895891685e+01
   1.97204597000000e+08   2.30313776228286e-06   2.52425811277244e+01
   1.97604599000000e+08   2.64440336650296e-06   2.51665211541937e+01
   1.98004602000000e+08   1.57538465828111e-06   2.50504296156035e+01
   1.98404605000000e+08   3.26595954902587e-06   2.51264895891685e+01
   1.98804607000000e+08  -7.84937185471790e-07   2.51184832761627e+01
   1.99204610000000e+08   2.46899026024039e-06   2.50904611806405e+01
   1.99604612000000e+08   2.34689446187986e-06   2.51224864326656e+01
   2.00004615000000e+08   1.33616174480267e-06   2.49503507029835e+01
   2.00404618000000e+08   2.61566106019018e-06   2.50464264590994e+01
   2.00804620000000e+08  -7.68744257584331e-07   2.49263317639489e+01
   2.01204623000000e+08   2.86173917629640e-06   2.49223286074429e+01
   2.01604626000000e+08   2.19698108594457e-06   2.50184043635693e+01
   2.02004628000000e+08   1.28496117213217e-06   2.50344169895869e+01
   2.02404631000000e+08   2.30557475333626e-06   2.48702875728593e+01
   2.02804633000000e+08  -4.65329492271849e-07   2.49143222944307e+01
   2.03204636000000e+08   3.24793450090510e-06   2.48983096684056e+01
