   4.00002000000000e+05   1.44770717724896e-06   2.50824548676336e+01
   8.00005000000000e+05   1.20755737498257e-06   2.49983885810460e+01
   1.20000800000000e+06   1.20756362775865e-06   2.50504296156035e+01
   1.60001000000000e+06   1.40814472615602e-06   2.50103980505602e+01
   2.00001300000000e+06   1.20680681447993e-06   2.49943854245411e+01
   2.40001500000000e+06   1.48254048326635e-06   2.49863791115312e+01
   2.80001800000000e+06   1.41854593493917e-06   2.50103980505602e+01
   3.20002100000000e+06   1.33492096665577e-06   2.50184043635693e+01
   3.60002300000000e+06   1.57539807332796e-06   2.50504296156035e+01
   4.00002600000000e+06   1.33728053697268e-06   2.50103980505602e+01
   4.40002800000000e+06   1.63340064318618e-06   2.49863791115312e+01
   4.80003100000000e+06   1.50522794228891e-06   2.49743696420159e+01
   5.20003400000000e+06   1.43026886689768e-06   2.49823759550261e+01
   5.60003600000000e+06   1.61872208082059e-06   2.49903822680362e+01
   6.00003900000000e+06   1.42164549288282e-06   2.50624390851152e+01
   6.40004100000000e+06   1.47591049426410e-06   2.50784517111300e+01
   6.80004400000000e+06   1.54351812398090e-06   2.51144801196597e+01
   7.20004700000000e+06   1.31990861973463e-06   2.50103980505602e+01
   7.60004900000000e+06   1.61618902438931e-06   2.50464264590994e+01
   8.00005200000000e+06   1.48085564433131e-06   2.50304138330826e+01
   8.40005500000000e+06   1.74429840171797e-06   2.50144012070648e+01
   8.80005700000000e+06   1.66504048593197e-06   2.50944643371439e+01
   9.20006000000000e+06   1.62126264058315e-06   2.50664422416190e+01
   9.60006200000000e+06   1.82520261660102e-06   2.50464264590994e+01
   4.21332320000000e+07   2.39822501316667e-03   2.51024706501504e+01
   4.25332350000000e+07   1.90738387573219e-06   2.50504296156035e+01
   4.29332380000000e+07   6.23611015271308e-07   2.49863791115312e+01
   4.33332400000000e+07   1.17605145533162e-06   2.50704453981228e+01
   4.37332430000000e+07   2.54317933467973e-06   2.50224075200738e+01
   4.41332450000000e+07   1.46491436225915e-06   2.49823759550261e+01
   4.45332480000000e+07   2.16998432733817e-06   2.49503507029835e+01
   4.49332510000000e+07   1.25059898437030e-06   2.50144012070648e+01
   4.53332530000000e+07   1.46402874179330e-06   2.50264106765782e+01
   4.57332560000000e+07   2.64758386947506e-06   2.50224075200738e+01
   4.61332580000000e+07   1.21936022878799e-06   2.50584359286114e+01
   4.65332610000000e+07   1.94974381884094e-06   2.50144012070648e+01
   4.69332640000000e+07   9.24258756640484e-07   2.50264106765782e+01
   4.73332660000000e+07   1.17237721042329e-06   2.50184043635693e+01
   4.77332690000000e+07   2.36518849305867e-06   2.50464264590994e+01
   4.81332710000000e+07   1.11074109554465e-06   2.50144012070648e+01
   4.85332740000000e+07   1.79677965661540e-06   2.50144012070648e+01
   4.89332770000000e+07   9.12110124318133e-07   2.51184832761627e+01
   4.93332790000000e+07   1.11559484139434e-06   2.49423443899722e+01
   4.97332820000000e+07   2.19282856050995e-06   2.49023128249120e+01
   5.01332840000000e+07   1.37837139391195e-06   2.50304138330826e+01
   5.05332870000000e+07   2.15710201700858e-06   2.50584359286114e+01
   5.09332900000000e+07   1.42382748435921e-06   2.50264106765782e+01
   5.13332920000000e+07   1.31269246139709e-06   2.50424233025953e+01
   5.17332950000000e+07   2.44931311499386e-06   2.50063948940555e+01
   9.53436900000000e+07  -4.27264906466007e-03   2.50944643371439e+01
   9.57436920000000e+07   2.04827279048914e-06   2.50784517111300e+01
   9.61436950000000e+07   9.91150955087505e-07   2.50304138330826e+01
   9.65436980000000e+07   2.43811768996238e-06   2.50063948940555e+01
   9.69437000000000e+07   2.10238317777112e-06   2.50544327721075e+01
   9.73437030000000e+07   4.14504143009253e-07   2.50584359286114e+01
   9.77437050000000e+07   1.93064261111431e-06   2.50304138330826e+01
   9.81437080000000e+07   1.21866469271481e-06   2.51104769631567e+01
   9.85437110000000e+07   2.71403450824437e-06   2.50544327721075e+01
   9.89437130000000e+07   2.44963962359179e-06   2.50424233025953e+01
   9.93437160000000e+07   8.45440183638857e-07   2.50224075200738e+01
   9.97437180000000e+07   2.16048761103593e-06   2.50664422416190e+01
   1.00143721000000e+08   1.24659959510609e-06   2.51064738066536e+01
   1.00543724000000e+08   2.62868093159341e-06   2.49743696420159e+01
   1.00943726000000e+08   2.54439851232746e-06   2.49343380769607e+01
   1.01343729000000e+08   8.77108504937496e-07   2.49423443899722e+01
   1.01743731000000e+08   2.24036784857162e-06   2.49783727985210e+01
   1.02143734000000e+08   1.54590895817819e-06   2.50624390851152e+01
   1.02543737000000e+08   2.86911426883307e-06   2.50544327721075e+01
   1.02943739000000e+08   2.81426332549017e-06   2.50304138330826e+01
   1.03343742000000e+08   1.32054321966280e-06   2.49663633290053e+01
   1.03743744000000e+08   2.26661404667539e-06   2.50224075200738e+01
   1.04143747000000e+08   1.21396624308545e-06   2.49343380769607e+01
   1.04543750000000e+08   2.26560860028258e-06   2.50304138330826e+01
   1.04943752000000e+08   2.47512502937752e-06   2.50384201460911e+01
   1.48613313000000e+08   4.66465018689632e-03   2.49983885810460e+01
   1.49013316000000e+08   2.08887217922893e-06   2.50224075200738e+01
   1.49413319000000e+08   2.04249613489083e-06   2.50384201460911e+01
   1.49813321000000e+08   1.01536943475367e-06   2.50624390851152e+01
   1.50213324000000e+08   2.45590945269214e-06   2.50384201460911e+01
   1.50613326000000e+08   2.33417972594907e-06   2.49823759550261e+01
   1.51013329000000e+08   2.54368842433905e-06   2.49743696420159e+01
   1.51413332000000e+08   2.60640740634699e-06   2.50144012070648e+01
   1.51813334000000e+08   1.32526895413321e-06   2.49663633290053e+01
   1.52213337000000e+08   2.54051224146679e-06   2.49623601725000e+01
   1.52613339000000e+08   2.32761476581800e-06   2.50224075200738e+01
   1.53013342000000e+08   2.71073281510326e-06   2.49663633290053e+01
   1.53413345000000e+08   2.62156800090452e-06   2.50023917375508e+01
   1.53813347000000e+08   1.29246393498761e-06   2.50664422416190e+01
   1.54213350000000e+08   1.91721233022690e-06   2.50584359286114e+01
   1.54613352000000e+08   1.81945119948068e-06   2.49983885810460e+01
   1.55013355000000e+08   2.01708940039680e-06   2.50304138330826e+01
   1.55413358000000e+08   2.07871403290483e-06   2.50984674936472e+01
   1.55813360000000e+08   1.00852707873855e-06   2.50944643371439e+01
   1.56213363000000e+08   2.21941058953234e-06   2.50424233025953e+01
   1.56613365000000e+08   2.00447720999364e-06   2.50704453981228e+01
   1.57013368000000e+08   2.45857836489449e-06   2.50023917375508e+01
   1.57413371000000e+08   2.40543067775434e-06   2.49863791115312e+01
   1.57813373000000e+08   1.21159348509536e-06   2.50304138330826e+01
   1.58213376000000e+08   2.06696017812646e-06   2.50904611806405e+01
   1.93215335000000e+08  -2.07575014792383e-03   2.49743696420159e+01
   1.93615337000000e+08   1.91976846508624e-06   2.50144012070648e+01
   1.94015340000000e+08   1.50531684539601e-06   2.49503507029835e+01
   1.94415342000000e+08   1.46018987834395e-06   2.51064738066536e+01
   1.94815345000000e+08   2.03509307539207e-06   2.50624390851152e+01
   1.95215348000000e+08   1.48437811731128e-06   2.50664422416190e+01
   1.95615350000000e+08   2.19861567529733e-06   2.50344169895869e+01
   1.96015353000000e+08   1.82203086751542e-06   2.51264895891685e+01
   1.96415356000000e+08   1.66666779932712e-06   2.51505085281844e+01
   1.96815358000000e+08   2.20169954445737e-06   2.50264106765782e+01
   1.97215361000000e+08   1.61088723871217e-06   2.50264106765782e+01
   1.97615363000000e+08   2.46827835326258e-06   2.51625179976914e+01
   1.98015366000000e+08   1.86641796062759e-06   2.50904611806405e+01
   1.98415369000000e+08   1.63998345215077e-06   2.50984674936472e+01
   1.98815371000000e+08   2.10173129744362e-06   2.50063948940555e+01
   1.99215374000000e+08   1.56317196342570e-06   2.51545116846868e+01
   1.99615376000000e+08   2.38618872572260e-06   2.49783727985210e+01
   2.00015379000000e+08   1.95118059309607e-06   2.50224075200738e+01
   2.00415382000000e+08   1.73086732502270e-06   2.49703664855106e+01
   2.00815384000000e+08   2.12890859074832e-06   2.50063948940555e+01
   2.01215387000000e+08   1.68343069617549e-06   2.50264106765782e+01
   2.01615389000000e+08   2.49800814344781e-06   2.50063948940555e+01
   2.02015392000000e+08   2.27020109377918e-06   2.49903822680362e+01
   2.02415395000000e+08   2.03550871447078e-06   2.51184832761627e+01
   2.02815397000000e+08   2.45456863012805e-06   2.49703664855106e+01
