   4.00003000000000e+05   1.96258497453528e-06   2.50063948940555e+01
   8.00006000000000e+05   1.69920440384885e-06   2.50144012070648e+01
   1.20000800000000e+06   2.01012380784960e-06   2.50063948940555e+01
   1.60001100000000e+06   1.70450039149728e-06   2.49943854245411e+01
   2.00001300000000e+06   1.89895445146249e-06   2.50904611806405e+01
   2.40001600000000e+06   1.92206016436103e-06   2.50063948940555e+01
   2.80001800000000e+06   1.69003203609464e-06   2.51304927456713e+01
   3.20002100000000e+06   2.04826210392639e-06   2.50224075200738e+01
   3.60002400000000e+06   1.69571808328328e-06   2.50544327721075e+01
   4.00002600000000e+06   1.92677657651075e-06   2.50304138330826e+01
   4.40002900000000e+06   1.61477692017797e-06   2.50224075200738e+01
   4.80003100000000e+06   1.34606943902327e-06   2.50424233025953e+01
   5.20003400000000e+06   1.65228391324490e-06   2.49983885810460e+01
   5.60003700000000e+06   1.30932744468737e-06   2.50304138330826e+01
   6.00003900000000e+06   1.52084510318673e-06   2.50384201460911e+01
   6.40004200000000e+06   1.51751191879157e-06   2.50744485546264e+01
   6.80004400000000e+06   1.22573658245528e-06   2.50144012070648e+01
   7.20004700000000e+06   1.65989433753566e-06   2.50784517111300e+01
   7.60005000000000e+06   1.27633450119902e-06   2.50264106765782e+01
   8.00005200000000e+06   1.49698735185666e-06   2.50063948940555e+01
   8.40005500000000e+06   1.41206771786528e-06   2.50384201460911e+01
   8.80005700000000e+06   1.19153094146895e-06   2.50584359286114e+01
   9.20006000000000e+06   1.52648340190353e-06   2.50224075200738e+01
   9.60006300000000e+06   1.19297806122631e-06   2.49663633290053e+01
   4.21984540000000e+07   2.38366238772869e-03   2.50624390851152e+01
   4.25984560000000e+07   3.33409343511448e-06   2.49783727985210e+01
   4.29984590000000e+07   4.13543460808796e-07   2.50864580241371e+01
   4.33984620000000e+07   2.33517766901059e-06   2.51144801196597e+01
   4.37984640000000e+07   1.33811681735096e-06   2.50464264590994e+01
   4.41984670000000e+07   1.27421355955448e-06   2.50424233025953e+01
   4.45984690000000e+07   2.80180552181264e-06   2.50984674936472e+01
   4.49984720000000e+07  -3.57421363617050e-08   2.50023917375508e+01
   4.53984750000000e+07   1.84338671260775e-06   2.50504296156035e+01
   4.57984770000000e+07   8.01639544079080e-07   2.49663633290053e+01
   4.61984800000000e+07   1.03853653854458e-06   2.50544327721075e+01
   4.65984820000000e+07   2.53680877904117e-06   2.50544327721075e+01
   4.69984850000000e+07   6.18096640536692e-09   2.50464264590994e+01
   4.73984880000000e+07   1.75721470441204e-06   2.50063948940555e+01
   4.77984900000000e+07   8.14815621197340e-07   2.50184043635693e+01
   4.81984930000000e+07   1.01019611520314e-06   2.49663633290053e+01
   4.85984950000000e+07   2.54685051004344e-06   2.50544327721075e+01
   4.89984980000000e+07   1.31891141563756e-07   2.50504296156035e+01
   4.93985010000000e+07   1.83488498350926e-06   2.50744485546264e+01
   4.97985030000000e+07   8.59778992889915e-07   2.50384201460911e+01
   5.01985060000000e+07   1.13596081519063e-06   2.50023917375508e+01
   5.05985080000000e+07   2.49912773142569e-06   2.50744485546264e+01
   5.09985110000000e+07   1.87807088991576e-07   2.50264106765782e+01
   5.13985140000000e+07   1.83852534973994e-06   2.50424233025953e+01
   5.17985160000000e+07   9.28324709548178e-07   2.50944643371439e+01
   9.52056270000000e+07  -4.24364954233170e-03   2.50464264590994e+01
   9.56056300000000e+07   1.25447058962891e-07   2.50624390851152e+01
   9.60056330000000e+07   2.82206679003139e-06   2.49783727985210e+01
   9.64056350000000e+07  -4.27830372018434e-07   2.50864580241371e+01
   9.68056380000000e+07   2.83830627267889e-06   2.50023917375508e+01
   9.72056400000000e+07   1.15609941531147e-06   2.50504296156035e+01
   9.76056430000000e+07  -1.98677447826867e-08   2.50344169895869e+01
   9.80056460000000e+07   2.62907997239381e-06   2.50184043635693e+01
   9.84056480000000e+07  -8.46537986376461e-08   2.50184043635693e+01
   9.88056510000000e+07   3.31994033331284e-06   2.50624390851152e+01
   9.92056530000000e+07   1.57449073867610e-06   2.50304138330826e+01
   9.96056560000000e+07   6.94648463195335e-07   2.50103980505602e+01
   1.00005658000000e+08   3.01030991067819e-06   2.50224075200738e+01
   1.00405661000000e+08   1.79528541366381e-07   2.49463475464779e+01
   1.00805664000000e+08   3.30077000398887e-06   2.50584359286114e+01
   1.01205666000000e+08   1.50022992784216e-06   2.50784517111300e+01
   1.01605669000000e+08   7.51447771563107e-07   2.50023917375508e+01
   1.02005671000000e+08   2.96560710921767e-06   2.50304138330826e+01
   1.02405674000000e+08   2.93874819590201e-07   2.50784517111300e+01
   1.02805677000000e+08   3.22218602377689e-06   2.50304138330826e+01
   1.03205679000000e+08   1.37710355829768e-06   2.50784517111300e+01
   1.03605682000000e+08   8.90708179213107e-07   2.50784517111300e+01
   1.04005684000000e+08   2.84938801087264e-06   2.51064738066536e+01
   1.04405687000000e+08   5.89943965678685e-07   2.50544327721075e+01
   1.04805690000000e+08   3.35263553097320e-06   2.50504296156035e+01
   1.48447954000000e+08   4.65675024315715e-03   2.49583570159945e+01
   1.48847956000000e+08   2.69202473646146e-06   2.50384201460911e+01
   1.49247959000000e+08   5.20224034517014e-07   2.50544327721075e+01
   1.49647962000000e+08   2.31606713896326e-06   2.49543538594890e+01
   1.50047964000000e+08   2.18733157453244e-06   2.50103980505602e+01
   1.50447967000000e+08   2.84530329963673e-07   2.50384201460911e+01
   1.50847969000000e+08   2.80911626759917e-06   2.49543538594890e+01
   1.51247972000000e+08   6.87678834765393e-07   2.49983885810460e+01
   1.51647975000000e+08   2.51200208367663e-06   2.50144012070648e+01
   1.52047977000000e+08   2.19708726945100e-06   2.49863791115312e+01
   1.52447980000000e+08   2.78894276561914e-07   2.50103980505602e+01
   1.52847982000000e+08   2.50198036155780e-06   2.50184043635693e+01
   1.53247985000000e+08   5.62079037536023e-07   2.49783727985210e+01
   1.53647988000000e+08   2.21477694140049e-06   2.50384201460911e+01
   1.54047990000000e+08   1.89741967915324e-06   2.49023128249120e+01
   1.54447993000000e+08   5.19588809311244e-07   2.50704453981228e+01
   1.54847995000000e+08   2.81147981695540e-06   2.50744485546264e+01
   1.55247998000000e+08   9.39365122576419e-07   2.51545116846868e+01
   1.55648001000000e+08   2.58652107731905e-06   2.49623601725000e+01
   1.56048003000000e+08   2.18196214518684e-06   2.50464264590994e+01
   1.56448006000000e+08   5.78196249989560e-07   2.49783727985210e+01
   1.56848008000000e+08   2.56957650890399e-06   2.50944643371439e+01
   1.57248011000000e+08   7.66004291108402e-07   2.50664422416190e+01
   1.57648013000000e+08   2.40456824940338e-06   2.49703664855106e+01
   1.58048016000000e+08   1.84200700914516e-06   2.50144012070648e+01
   1.92711186000000e+08  -2.06642481498420e-03   2.49543538594890e+01
   1.93111189000000e+08   2.02794240067306e-06   2.49583570159945e+01
   1.93511191000000e+08   1.92963625522680e-07   2.50264106765782e+01
   1.93911194000000e+08   1.33138485125528e-06   2.50384201460911e+01
   1.94311197000000e+08   2.86972090179916e-06   2.49663633290053e+01
   1.94711199000000e+08   1.63574520684051e-06   2.49463475464779e+01
   1.95111202000000e+08   2.06940399039013e-06   2.50544327721075e+01
   1.95511204000000e+08   5.28916132225277e-07   2.50664422416190e+01
   1.95911207000000e+08   1.56907071868773e-06   2.50784517111300e+01
   1.96311210000000e+08   2.98399277198769e-06   2.50584359286114e+01
   1.96711212000000e+08   1.53871803831862e-06   2.50584359286114e+01
   1.97111215000000e+08   2.10475491257966e-06   2.50744485546264e+01
   1.97511217000000e+08   6.00345117618417e-07   2.50744485546264e+01
   1.97911220000000e+08   1.71516592217813e-06   2.50304138330826e+01
   1.98311223000000e+08   2.93727862299420e-06   2.49863791115312e+01
   1.98711225000000e+08   1.83275210474676e-06   2.50023917375508e+01
   1.99111228000000e+08   2.31288481700176e-06   2.49903822680362e+01
   1.99511230000000e+08   8.76926890214236e-07   2.49663633290053e+01
   1.99911233000000e+08   1.99769965547603e-06   2.50824548676336e+01
   2.00311236000000e+08   3.08485414279858e-06   2.49423443899722e+01
   2.00711238000000e+08   1.78045434040541e-06   2.50584359286114e+01
   2.01111241000000e+08   2.25385565499892e-06   2.50023917375508e+01
   2.01511243000000e+08   9.54974439082434e-07   2.51224864326656e+01
   2.01911246000000e+08   2.13210978472489e-06   2.50384201460911e+01
   2.02311249000000e+08   2.94798564937082e-06   2.50264106765782e+01
