   4.00002000000000e+05   1.89111506188056e-06   2.50984674936472e+01
   8.00005000000000e+05   1.83201416348311e-06   2.50704453981228e+01
   1.20000700000000e+06   1.85133239938295e-06   2.50504296156035e+01
   1.60001000000000e+06   1.70134705967939e-06   2.50063948940555e+01
   2.00001300000000e+06   1.82106282409222e-06   2.49863791115312e+01
   2.40001500000000e+06   1.77869958406518e-06   2.50864580241371e+01
   2.80001800000000e+06   1.69176098552271e-06   2.50744485546264e+01
   3.20002000000000e+06   1.90075729733508e-06   2.50023917375508e+01
   3.60002300000000e+06   1.71876320109732e-06   2.49143222944307e+01
   4.00002600000000e+06   1.86660793133342e-06   2.50824548676336e+01
   4.40002800000000e+06   1.76772368831735e-06   2.50063948940555e+01
   4.80003100000000e+06   1.71617466548923e-06   2.50384201460911e+01
   5.20003300000000e+06   1.73725618424214e-06   2.50103980505602e+01
   5.60003600000000e+06   1.52323218571837e-06   2.50544327721075e+01
   6.00003900000000e+06   1.68145481893589e-06   2.50184043635693e+01
   6.40004100000000e+06   1.63026038535463e-06   2.50464264590994e+01
   6.80004400000000e+06   1.62514595558605e-06   2.49543538594890e+01
   7.20004600000000e+06   1.89154161489569e-06   2.50264106765782e+01
   7.60004900000000e+06   1.77946901658288e-06   2.49503507029835e+01
   8.00005200000000e+06   1.82713927188161e-06   2.50224075200738e+01
   8.40005400000000e+06   1.83691224719951e-06   2.50224075200738e+01
   8.80005700000000e+06   1.80408983396774e-06   2.50224075200738e+01
   9.20005900000000e+06   1.95017787518736e-06   2.49303349204548e+01
   9.60006200000000e+06   1.82891960776033e-06   2.49263317639489e+01
   4.24057210000000e+07  -2.03243759460747e-03   2.50144012070648e+01
   4.28057230000000e+07   2.72949682766921e-06   2.50664422416190e+01
   4.32057260000000e+07  -4.82010165114843e-08   2.50184043635693e+01
   4.36057290000000e+07   2.08757296604745e-06   2.50184043635693e+01
   4.40057310000000e+07   1.94568815459206e-06   2.50424233025953e+01
   4.44057340000000e+07   2.74779540632153e-06   2.50504296156035e+01
   4.48057360000000e+07   1.88574222192983e-06   2.50464264590994e+01
   4.52057390000000e+07  -8.99554635225286e-08   2.50344169895869e+01
   4.56057420000000e+07   2.38056259149744e-06   2.49983885810460e+01
   4.60057440000000e+07   1.94528706742858e-06   2.49903822680362e+01
   4.64057470000000e+07   2.37452377405134e-06   2.50384201460911e+01
   4.68057490000000e+07   1.30489092953212e-06   2.49823759550261e+01
   4.72057520000000e+07   8.06784754558976e-08   2.50544327721075e+01
   4.76057550000000e+07   2.65013068201370e-06   2.51384990586767e+01
   4.80057570000000e+07   1.69033967267751e-06   2.50023917375508e+01
   4.84057600000000e+07   1.97071472030075e-06   2.49863791115312e+01
   4.88057620000000e+07   9.81005541689228e-07   2.49503507029835e+01
   4.92057650000000e+07   8.18091109522356e-07   2.50023917375508e+01
   4.96057680000000e+07   3.24393226946995e-06   2.50304138330826e+01
   5.00057700000000e+07   1.88926173905202e-06   2.49783727985210e+01
   5.04057730000000e+07   2.08571555049275e-06   2.51104769631567e+01
   5.08057750000000e+07   1.12784744032979e-06   2.49503507029835e+01
   5.12057780000000e+07   1.55950135649618e-06   2.49583570159945e+01
   5.16057810000000e+07   3.52900406141998e-06   2.50304138330826e+01
   5.20057830000000e+07   1.74452793544333e-06   2.50784517111300e+01
   9.56930740000000e+07   4.57362504675984e-03   2.49463475464779e+01
   9.60930760000000e+07   1.08539018128795e-06   2.49143222944307e+01
   9.64930790000000e+07   1.12910436200764e-06   2.50264106765782e+01
   9.68930810000000e+07   1.75747913999658e-06   2.49503507029835e+01
   9.72930840000000e+07   2.34701019508066e-06   2.50464264590994e+01
   9.76930870000000e+07   1.41001578413125e-06   2.49343380769607e+01
   9.80930890000000e+07   1.04764581010386e-06   2.49783727985210e+01
   9.84930920000000e+07   1.31059118757548e-06   2.50504296156035e+01
   9.88930940000000e+07   1.95989764506521e-06   2.49663633290053e+01
   9.92930970000000e+07   2.24629616241145e-06   2.50624390851152e+01
   9.96931000000000e+07   1.35767038500489e-06   2.50103980505602e+01
   1.00093102000000e+08   1.27190821785916e-06   2.50864580241371e+01
   1.00493105000000e+08   1.70004739175056e-06   2.50704453981228e+01
   1.00893107000000e+08   2.20456240640488e-06   2.51264895891685e+01
   1.01293110000000e+08   2.13478870136896e-06   2.50544327721075e+01
   1.01693113000000e+08   1.26077748063835e-06   2.49783727985210e+01
   1.02093115000000e+08   1.48555534451589e-06   2.51625179976914e+01
   1.02493118000000e+08   1.92434731616231e-06   2.50944643371439e+01
   1.02893120000000e+08   2.30453520089213e-06   2.49743696420159e+01
   1.03293123000000e+08   2.01952207135037e-06   2.50944643371439e+01
   1.03693126000000e+08   1.43612658121128e-06   2.48943065118992e+01
   1.04093128000000e+08   1.83584836577211e-06   2.49823759550261e+01
   1.04493131000000e+08   2.32061938731931e-06   2.49543538594890e+01
   1.04893133000000e+08   2.29218903768924e-06   2.49263317639489e+01
   1.05293136000000e+08   1.66612164775870e-06   2.49743696420159e+01
   1.49022669000000e+08  -4.17102454230189e-03   2.49423443899722e+01
   1.49422671000000e+08   3.07448345893135e-07   2.51865369367039e+01
   1.49822674000000e+08   1.51524363900535e-06   2.49383412334665e+01
   1.50222676000000e+08   4.59071998193394e-06   2.48782938858728e+01
   1.50622679000000e+08   2.08853543881560e-06   2.51625179976914e+01
   1.51022682000000e+08   1.07322841813584e-06   2.48302560077878e+01
   1.51422684000000e+08   5.99260204126040e-07   2.46060792432705e+01
   1.51822687000000e+08   2.29910801863298e-06   2.50304138330826e+01
   1.52222690000000e+08   4.28413932240801e-06   2.52225653452185e+01
   1.52622692000000e+08   1.14908368686883e-06   2.46381044953566e+01
   1.53022695000000e+08   8.88924944320024e-07   2.52145590322157e+01
   1.53422697000000e+08   1.11490942344972e-06   2.53346537272316e+01
   1.53822700000000e+08   2.89604508907360e-06   2.47061581560259e+01
   1.54222703000000e+08   3.74172827832808e-06   2.55228020826445e+01
   1.54622705000000e+08   4.61153973674300e-07   2.41737383397095e+01
   1.55022708000000e+08   1.01907448879501e-06   2.49983885810460e+01
   1.55422710000000e+08   1.53973405758734e-06   2.47021549995165e+01
   1.55822713000000e+08   3.14869134854234e-06   2.50144012070648e+01
   1.56222716000000e+08   2.99158637062646e-06   2.39135331659086e+01
   1.56622718000000e+08  -5.64674458303216e-08   2.48022339122339e+01
   1.57022721000000e+08   1.50864411807561e-06   2.46140855562924e+01
   1.57422723000000e+08   2.10855182558589e-06   2.47421865646082e+01
   1.57822726000000e+08   3.18494267048663e-06   2.49783727985210e+01
   1.58222729000000e+08   2.28228077503445e-06   2.53866947617211e+01
   1.58622731000000e+08  -1.21048842061100e-07   2.49623601725000e+01
   1.93307685000000e+08   2.34436290338635e-03   2.50584359286114e+01
   1.93707688000000e+08   7.90933768257673e-07   2.49903822680362e+01
   1.94107690000000e+08   2.36209370996221e-06   2.50304138330826e+01
   1.94507693000000e+08   2.22576409214525e-06   2.49583570159945e+01
   1.94907696000000e+08   1.49515108205378e-06   2.50904611806405e+01
   1.95307698000000e+08   2.29469765145041e-06   2.50103980505602e+01
   1.95707701000000e+08   8.48163665523316e-07   2.49863791115312e+01
   1.96107703000000e+08   2.60253932538035e-06   2.50704453981228e+01
   1.96507706000000e+08   2.07908033189597e-06   2.50184043635693e+01
   1.96907709000000e+08   1.47383479998098e-06   2.50304138330826e+01
   1.97307711000000e+08   2.06796016755106e-06   2.50424233025953e+01
   1.97707714000000e+08   1.02873627838562e-06   2.50063948940555e+01
   1.98107716000000e+08   2.69183033196896e-06   2.49783727985210e+01
   1.98507719000000e+08   1.77301888015791e-06   2.50784517111300e+01
   1.98907722000000e+08   1.41595933200733e-06   2.50584359286114e+01
   1.99307724000000e+08   2.00975409825332e-06   2.50544327721075e+01
   1.99707727000000e+08   1.26933457522682e-06   2.50504296156035e+01
   2.00107729000000e+08   2.68039775619400e-06   2.50464264590994e+01
   2.00507732000000e+08   1.58406407990697e-06   2.49663633290053e+01
   2.00907735000000e+08   1.38903544666391e-06   2.50864580241371e+01
   2.01307737000000e+08   1.81255495590449e-06   2.50504296156035e+01
   2.01707740000000e+08   1.15072054995835e-06   2.50864580241371e+01
   2.02107742000000e+08   2.48319861384516e-06   2.50224075200738e+01
   2.02507745000000e+08   1.19613139304420e-06   2.51024706501504e+01
   2.02907748000000e+08   1.42076714837458e-06   2.50184043635693e+01
