   4.00002000000000e+05   2.20552760765713e-06   2.49583570159945e+01
   8.00005000000000e+05   1.98773932424956e-06   2.50023917375508e+01
   1.20000800000000e+06   2.65497715190577e-06   2.50144012070648e+01
   1.60001000000000e+06   2.41000157075177e-06   2.50023917375508e+01
   2.00001300000000e+06   2.02134629034845e-06   2.50063948940555e+01
   2.40001500000000e+06   2.01214743356104e-06   2.49343380769607e+01
   2.80001800000000e+06   2.84930024463392e-06   2.48582781033385e+01
   3.20002100000000e+06   1.30056366742792e-06   2.50103980505602e+01
   3.60002300000000e+06   2.34629806072917e-06   2.49783727985210e+01
   4.00002600000000e+06   1.79869209659955e-06   2.50664422416190e+01
   4.40002800000000e+06   2.67649147644988e-06   2.49543538594890e+01
   4.80003100000000e+06   1.58732893851266e-06   2.49023128249120e+01
   5.20003400000000e+06   1.82836242856865e-06   2.49663633290053e+01
   5.60003600000000e+06   2.62429080066795e-06   2.50264106765782e+01
   6.00003900000000e+06   2.04930756808608e-06   2.51665211541937e+01
   6.40004100000000e+06   1.66756944963709e-06   2.51184832761627e+01
   6.80004400000000e+06   2.35647848967346e-06   2.49423443899722e+01
   7.20004700000000e+06   2.25377743845456e-06   2.50304138330826e+01
   7.60004900000000e+06   2.27695841203968e-06   2.50504296156035e+01
   8.00005200000000e+06   1.53209282416356e-06   2.49543538594890e+01
   8.40005400000000e+06   2.48147580350633e-06   2.50704453981228e+01
   8.80005700000000e+06   2.18265950024943e-06   2.50063948940555e+01
   9.20006000000000e+06   1.26968348013179e-06   2.50744485546264e+01
   9.60006200000000e+06   2.13477164834330e-06   2.49223286074429e+01
   4.22561870000000e+07  -2.05934979021549e-03   2.50384201460911e+01
   4.26561900000000e+07   9.24907510579942e-07   2.49983885810460e+01
   4.30561920000000e+07   2.10374787457113e-06   2.49943854245411e+01
   4.34561950000000e+07   1.49716674968658e-06   2.50624390851152e+01
   4.38561980000000e+07   2.06526488000236e-06   2.50504296156035e+01
   4.42562000000000e+07   2.43899012275506e-06   2.50264106765782e+01
   4.46562030000000e+07   1.22220660614403e-06   2.50464264590994e+01
   4.50562050000000e+07   2.03034915102762e-06   2.49743696420159e+01
   4.54562080000000e+07   1.36512971948832e-06   2.49703664855106e+01
   4.58562110000000e+07   2.64142499872833e-06   2.50304138330826e+01
   4.62562130000000e+07   2.26782071877096e-06   2.50344169895869e+01
   4.66562160000000e+07   6.48368768452201e-07   2.50224075200738e+01
   4.70562180000000e+07   1.79344851858332e-06   2.50464264590994e+01
   4.74562210000000e+07   1.76436412857583e-06   2.50744485546264e+01
   4.78562240000000e+07   2.16912849282380e-06   2.51264895891685e+01
   4.82562260000000e+07   1.60884644628823e-06   2.49943854245411e+01
   4.86562290000000e+07   8.68414019805641e-07   2.50184043635693e+01
   4.90562310000000e+07   2.32192314797430e-06   2.50664422416190e+01
   4.94562340000000e+07   1.43463716995029e-06   2.50344169895869e+01
   4.98562370000000e+07   2.06322511075996e-06   2.49463475464779e+01
   5.02562390000000e+07   1.63107813477836e-06   2.50384201460911e+01
   5.06562420000000e+07   1.12548264041834e-06   2.50424233025953e+01
   5.10562440000000e+07   1.68883195783565e-06   2.49903822680362e+01
   5.14562470000000e+07   1.68294195646013e-06   2.49943854245411e+01
   5.18562500000000e+07   2.06251411327685e-06   2.50023917375508e+01
   9.58519480000000e+07   4.62264986708760e-03   2.49423443899722e+01
   9.62519510000000e+07   3.42271960107610e-07   2.50063948940555e+01
   9.66519530000000e+07   3.13099735649303e-06   2.49983885810460e+01
   9.70519560000000e+07   9.69600819189509e-07   2.50184043635693e+01
   9.74519580000000e+07   2.38757274928503e-06   2.49983885810460e+01
   9.78519610000000e+07   9.32650721097161e-07   2.49943854245411e+01
   9.82519640000000e+07   5.25424127317820e-07   2.50184043635693e+01
   9.86519660000000e+07   2.78016000265779e-06   2.50384201460911e+01
   9.90519690000000e+07   8.33825936297217e-07   2.50224075200738e+01
   9.94519720000000e+07   2.12315057979140e-06   2.49583570159945e+01
   9.98519740000000e+07   5.18723425102507e-07   2.49943854245411e+01
   1.00251977000000e+08   7.62065610615537e-07   2.49783727985210e+01
   1.00651979000000e+08   2.64903087554558e-06   2.50384201460911e+01
   1.01051982000000e+08   6.42939880890481e-07   2.49343380769607e+01
   1.01451985000000e+08   1.79972857949906e-06   2.49663633290053e+01
   1.01851987000000e+08   4.70004806629731e-07   2.50624390851152e+01
   1.02251990000000e+08   9.92345803751959e-07   2.49823759550261e+01
   1.02651992000000e+08   3.08136327475950e-06   2.50304138330826e+01
   1.03051995000000e+08   1.01004127373017e-06   2.49743696420159e+01
   1.03451998000000e+08   2.45582714342163e-06   2.50624390851152e+01
   1.03852000000000e+08   9.68155518421554e-07   2.49663633290053e+01
   1.04252003000000e+08   1.67009579854493e-06   2.49503507029835e+01
   1.04652005000000e+08   2.83901135844644e-06   2.50904611806405e+01
   1.05052008000000e+08   9.08704464563925e-07   2.50744485546264e+01
   1.05452011000000e+08   2.06838649319252e-06   2.50344169895869e+01
   1.49118188000000e+08  -4.21602465212345e-03   2.49783727985210e+01
   1.49518190000000e+08   1.71320425579324e-06   2.49903822680362e+01
   1.49918193000000e+08   7.42755332794331e-07   2.50063948940555e+01
   1.50318195000000e+08   3.34677520186233e-06   2.51144801196597e+01
   1.50718198000000e+08   1.83412680598849e-06   2.49943854245411e+01
   1.51118201000000e+08   1.15797774924431e-06   2.50023917375508e+01
   1.51518203000000e+08   1.83539611953165e-06   2.50264106765782e+01
   1.51918206000000e+08   9.26882250951166e-07   2.50504296156035e+01
   1.52318209000000e+08   3.44338491231611e-06   2.50864580241371e+01
   1.52718211000000e+08   1.68471865436004e-06   2.50184043635693e+01
   1.53118214000000e+08   1.01805221675022e-06   2.50184043635693e+01
   1.53518216000000e+08   1.88361934760906e-06   2.51184832761627e+01
   1.53918219000000e+08   1.26100610486901e-06   2.50984674936472e+01
   1.54318222000000e+08   3.38402833222062e-06   2.49743696420159e+01
   1.54718224000000e+08   1.26175621062430e-06   2.50224075200738e+01
   1.55118227000000e+08   9.90425860436517e-07   2.50584359286114e+01
   1.55518229000000e+08   1.90563287105761e-06   2.50504296156035e+01
   1.55918232000000e+08   1.29205682242173e-06   2.51104769631567e+01
   1.56318235000000e+08   3.06994093079993e-06   2.50023917375508e+01
   1.56718237000000e+08   1.09003758552717e-06   2.49383412334665e+01
   1.57118240000000e+08   1.19408912269137e-06   2.50624390851152e+01
   1.57518242000000e+08   1.91709955288388e-06   2.50224075200738e+01
   1.57918245000000e+08   1.40623205879820e-06   2.49823759550261e+01
   1.58318248000000e+08   3.08499261336692e-06   2.50103980505602e+01
   1.58718250000000e+08   1.14318777377775e-06   2.50184043635693e+01
   1.93464930000000e+08   2.37117591314018e-03   2.50424233025953e+01
   1.93864932000000e+08   1.06672337096825e-06   2.50344169895869e+01
   1.94264935000000e+08   1.57457191107824e-06   2.49903822680362e+01
   1.94664937000000e+08   1.94217727766954e-06   2.50784517111300e+01
   1.95064940000000e+08   3.18825937029033e-06   2.49863791115312e+01
   1.95464943000000e+08   9.15635098408529e-07   2.50904611806405e+01
   1.95864945000000e+08   8.84843245785305e-07   2.50984674936472e+01
   1.96264948000000e+08   1.61585467139957e-06   2.51344959021740e+01
   1.96664951000000e+08   2.12122836273920e-06   2.50264106765782e+01
   1.97064953000000e+08   2.94929736810445e-06   2.51705243106959e+01
   1.97464956000000e+08   8.10831693343061e-07   2.50224075200738e+01
   1.97864958000000e+08   1.05055050880765e-06   2.49823759550261e+01
   1.98264961000000e+08   1.78429263542057e-06   2.50984674936472e+01
   1.98664964000000e+08   2.22509834202356e-06   2.51104769631567e+01
   1.99064966000000e+08   2.80273002317699e-06   2.50464264590994e+01
   1.99464969000000e+08   7.08756260792143e-07   2.50464264590994e+01
   1.99864971000000e+08   1.13736109597085e-06   2.51505085281844e+01
   2.00264974000000e+08   2.07370908356097e-06   2.50304138330826e+01
   2.00664977000000e+08   2.36274854614749e-06   2.51104769631567e+01
   2.01064979000000e+08   2.53816642725724e-06   2.50544327721075e+01
   2.01464982000000e+08   5.31668661096774e-07   2.50464264590994e+01
   2.01864984000000e+08   1.40836357331864e-06   2.51144801196597e+01
   2.02264987000000e+08   2.32477782446949e-06   2.50864580241371e+01
   2.02664990000000e+08   2.51954475061211e-06   2.49823759550261e+01
   2.03064992000000e+08   2.49068625635118e-06   2.49543538594890e+01
