   4.00002000000000e+05   2.05949459086696e-06   2.51224864326656e+01
   8.00005000000000e+05   2.38617690229148e-06   2.50824548676336e+01
   1.20000800000000e+06   2.10886673812638e-06   2.49703664855106e+01
   1.60001000000000e+06   2.22834296437213e-06   2.50624390851152e+01
   2.00001300000000e+06   1.93496157407935e-06   2.51184832761627e+01
   2.40001500000000e+06   1.76736966750468e-06   2.51024706501504e+01
   2.80001800000000e+06   1.85683438758133e-06   2.50184043635693e+01
   3.20002100000000e+06   1.84458258445375e-06   2.50144012070648e+01
   3.60002300000000e+06   1.81270615939866e-06   2.50304138330826e+01
   4.00002600000000e+06   1.95996608454152e-06   2.50624390851152e+01
   4.40002800000000e+06   1.66895529218891e-06   2.50264106765782e+01
   4.80003100000000e+06   2.00645445147529e-06   2.50023917375508e+01
   5.20003400000000e+06   1.73888849985815e-06   2.48983096684056e+01
   5.60003600000000e+06   1.80684128281428e-06   2.49303349204548e+01
   6.00003900000000e+06   1.62536605330388e-06   2.50264106765782e+01
   6.40004100000000e+06   1.54744918745564e-06   2.49463475464779e+01
   6.80004400000000e+06   1.60740171395446e-06   2.49703664855106e+01
   7.20004700000000e+06   1.52929089836107e-06   2.49983885810460e+01
   7.60004900000000e+06   1.61034506618307e-06   2.49223286074429e+01
   8.00005200000000e+06   2.13108364732761e-06   2.49023128249120e+01
   8.40005500000000e+06   2.00511976800044e-06   2.50344169895869e+01
   8.80005700000000e+06   2.21077266360226e-06   2.50063948940555e+01
   9.20006000000000e+06   2.10728444471897e-06   2.49983885810460e+01
   9.60006200000000e+06   2.14044166568783e-06   2.50984674936472e+01
   4.24900530000000e+07   2.39275000058115e-03   2.50944643371439e+01
   4.28900550000000e+07   2.01731427296181e-06   2.49823759550261e+01
   4.32900580000000e+07   1.22590995488281e-06   2.50464264590994e+01
   4.36900610000000e+07   1.30909984363825e-06   2.50624390851152e+01
   4.40900630000000e+07   1.67735379363876e-06   2.50464264590994e+01
   4.44900660000000e+07   2.07064044843719e-06   2.50584359286114e+01
   4.48900680000000e+07   2.23926417675102e-06   2.50464264590994e+01
   4.52900710000000e+07   1.48802485000488e-06   2.50504296156035e+01
   4.56900740000000e+07   1.41830298616696e-06   2.50264106765782e+01
   4.60900760000000e+07   1.72882380411465e-06   2.49503507029835e+01
   4.64900790000000e+07   1.99172950487991e-06   2.49823759550261e+01
   4.68900810000000e+07   2.10702114600281e-06   2.49583570159945e+01
   4.72900840000000e+07   1.50152595779218e-06   2.49703664855106e+01
   4.76900870000000e+07   1.64630023391510e-06   2.49663633290053e+01
   4.80900890000000e+07   2.36015102927922e-06   2.49863791115312e+01
   4.84900920000000e+07   2.58468526226352e-06   2.49223286074429e+01
   4.88900940000000e+07   2.84848056253395e-06   2.49983885810460e+01
   4.92900970000000e+07   2.25344433602004e-06   2.50584359286114e+01
   4.96901000000000e+07   2.10560801860993e-06   2.50704453981228e+01
   5.00901020000000e+07   2.09455788535706e-06   2.50584359286114e+01
   5.04901050000000e+07   2.42025066654605e-06   2.50224075200738e+01
   5.08901070000000e+07   2.45565456680197e-06   2.51304927456713e+01
   5.12901100000000e+07   2.02795899895136e-06   2.50864580241371e+01
   5.16901130000000e+07   1.81815335054125e-06   2.51104769631567e+01
   5.20901150000000e+07   1.76996411482833e-06   2.50344169895869e+01
   9.60124280000000e+07  -4.29394934326410e-03   2.50063948940555e+01
   9.64124300000000e+07   3.00401165986841e-06   2.50704453981228e+01
   9.68124330000000e+07   1.74882279679878e-06   2.50304138330826e+01
   9.72124360000000e+07   1.94054246094311e-06   2.50624390851152e+01
   9.76124380000000e+07   2.44779039348941e-06   2.51104769631567e+01
   9.80124410000000e+07   1.99357623387186e-06   2.50344169895869e+01
   9.84124430000000e+07   2.98406143883767e-06   2.50584359286114e+01
   9.88124460000000e+07   1.90529010524187e-06   2.50184043635693e+01
   9.92124480000000e+07   2.08648248190002e-06   2.50103980505602e+01
   9.96124510000000e+07   2.39870814766618e-06   2.49743696420159e+01
   1.00012454000000e+08   1.29216493860440e-06   2.50344169895869e+01
   1.00412456000000e+08   2.25643748308357e-06   2.49863791115312e+01
   1.00812459000000e+08   1.26478016682086e-06   2.50144012070648e+01
   1.01212461000000e+08   1.35009770474426e-06   2.49783727985210e+01
   1.01612464000000e+08   1.68987048709823e-06   2.49943854245411e+01
   1.02012467000000e+08   1.13581768346194e-06   2.49983885810460e+01
   1.02412469000000e+08   2.21703885472380e-06   2.49983885810460e+01
   1.02812472000000e+08   1.31245519696677e-06   2.49823759550261e+01
   1.03212474000000e+08   1.43598299473524e-06   2.51224864326656e+01
   1.03612477000000e+08   1.74495164628752e-06   2.50304138330826e+01
   1.04012480000000e+08   1.18994853437471e-06   2.51024706501504e+01
   1.04412482000000e+08   2.15650675272627e-06   2.50384201460911e+01
   1.04812485000000e+08   1.46461388794705e-06   2.49743696420159e+01
   1.05212487000000e+08   1.36724258936738e-06   2.49463475464779e+01
   1.05612490000000e+08   1.66325094141939e-06   2.50584359286114e+01
   1.49443448000000e+08   4.69304947182536e-03   2.49823759550261e+01
   1.49843450000000e+08   1.75269428837055e-06   2.49463475464779e+01
   1.50243453000000e+08   2.78864331448858e-06   2.49703664855106e+01
   1.50643455000000e+08   2.20713877752132e-06   2.49983885810460e+01
   1.51043458000000e+08   1.76826313236234e-06   2.49663633290053e+01
   1.51443461000000e+08   2.46811396209523e-06   2.50464264590994e+01
   1.51843463000000e+08   1.35273376145051e-06   2.49663633290053e+01
   1.52243466000000e+08   1.92370453078183e-06   2.50384201460911e+01
   1.52643468000000e+08   1.49223183143476e-06   2.50184043635693e+01
   1.53043471000000e+08   9.02403371583205e-07   2.50544327721075e+01
   1.53443474000000e+08   1.63304719080770e-06   2.50264106765782e+01
   1.53843476000000e+08   1.24259088352119e-06   2.50904611806405e+01
   1.54243479000000e+08   2.31836065722746e-06   2.50103980505602e+01
   1.54643481000000e+08   2.00568069885776e-06   2.50384201460911e+01
   1.55043484000000e+08   1.39725830194948e-06   2.50224075200738e+01
   1.55443487000000e+08   2.05919286599965e-06   2.50103980505602e+01
   1.55843489000000e+08   1.58956777340791e-06   2.50344169895869e+01
   1.56243492000000e+08   2.47623529503471e-06   2.50184043635693e+01
   1.56643494000000e+08   2.21183768189803e-06   2.50704453981228e+01
   1.57043497000000e+08   1.55907866883354e-06   2.50544327721075e+01
   1.57443500000000e+08   2.23336883209413e-06   2.49823759550261e+01
   1.57843502000000e+08   1.70430428170221e-06   2.49823759550261e+01
   1.58243505000000e+08   2.45541946242156e-06   2.49383412334665e+01
   1.58643507000000e+08   2.23251140596403e-06   2.50664422416190e+01
   1.59043510000000e+08   1.60774209234660e-06   2.50544327721075e+01
   1.93992657000000e+08  -2.08228756673634e-03   2.51104769631567e+01
   1.94392659000000e+08   1.60271099503007e-06   2.51545116846868e+01
   1.94792662000000e+08   1.98359452951991e-06   2.50784517111300e+01
   1.95192665000000e+08   1.42415149184671e-06   2.51425022151793e+01
   1.95592667000000e+08   2.12246050068643e-06   2.50184043635693e+01
   1.95992670000000e+08   1.42306112138613e-06   2.50304138330826e+01
   1.96392672000000e+08   8.82116069078620e-07   2.50664422416190e+01
   1.96792675000000e+08   1.11796873625281e-06   2.49943854245411e+01
   1.97192678000000e+08   6.01378872033820e-07   2.49463475464779e+01
   1.97592680000000e+08   1.20548759241501e-06   2.49143222944307e+01
   1.97992683000000e+08   1.46573904657998e-06   2.49423443899722e+01
   1.98392685000000e+08   1.24481664443010e-06   2.49503507029835e+01
   1.98792688000000e+08   1.53053008489223e-06   2.48502717903243e+01
   1.99192691000000e+08   1.07399830540089e-06   2.49263317639489e+01
   1.99592693000000e+08   1.46952947943646e-06   2.49143222944307e+01
   1.99992696000000e+08   2.02771661861334e-06   2.49223286074429e+01
   2.00392698000000e+08   1.90974014913081e-06   2.49183254509368e+01
   2.00792701000000e+08   2.14949136534415e-06   2.49503507029835e+01
   2.01192704000000e+08   1.62953313065373e-06   2.50824548676336e+01
   2.01592706000000e+08   1.97193185158540e-06   2.50384201460911e+01
   2.01992709000000e+08   2.43462523030757e-06   2.49943854245411e+01
   2.02392711000000e+08   2.28744465857744e-06   2.50784517111300e+01
   2.02792714000000e+08   2.54804717769730e-06   2.50544327721075e+01
   2.03192717000000e+08   1.92793368114508e-06   2.50224075200738e+01
   2.03592719000000e+08   2.21391951527039e-06   2.51344959021740e+01
