   4.00002000000000e+05   1.71728140685445e-06   2.49583570159945e+01
   8.00005000000000e+05   2.24667655857047e-06   2.50624390851152e+01
   1.20000700000000e+06   1.77522770172800e-06   2.49863791115312e+01
   1.60001000000000e+06   2.04902858058631e-06   2.51144801196597e+01
   2.00001300000000e+06   1.85762917226384e-06   2.50063948940555e+01
   2.40001500000000e+06   1.47753542023565e-06   2.50944643371439e+01
   2.80001800000000e+06   1.99196756511810e-06   2.50544327721075e+01
   3.20002000000000e+06   1.53225323629158e-06   2.51144801196597e+01
   3.60002300000000e+06   1.72892055161356e-06   2.51425022151793e+01
   4.00002600000000e+06   2.00230056179862e-06   2.50944643371439e+01
   4.40002800000000e+06   1.82486348876409e-06   2.50344169895869e+01
   4.80003100000000e+06   2.24590485231602e-06   2.50584359286114e+01
   5.20003300000000e+06   1.82795133696345e-06   2.50544327721075e+01
   5.60003600000000e+06   2.11627252610924e-06   2.54787673611771e+01
   6.00003900000000e+06   1.88615558727179e-06   2.50023917375508e+01
   6.40004100000000e+06   1.60371769197809e-06   2.51144801196597e+01
   6.80004400000000e+06   1.94547919818433e-06   2.50224075200738e+01
   7.20004600000000e+06   1.63692129717674e-06   2.50384201460911e+01
   7.60004900000000e+06   1.77634888132161e-06   2.51344959021740e+01
   8.00005100000000e+06   1.65214464686869e-06   2.50144012070648e+01
   8.40005400000000e+06   1.35876200602070e-06   2.50023917375508e+01
   8.80005700000000e+06   1.66224992881325e-06   2.50424233025953e+01
   9.20005900000000e+06   1.36931623728742e-06   2.50304138330826e+01
   9.60006200000000e+06   1.59493492901674e-06   2.49863791115312e+01
   4.20653610000000e+07   2.37718806602061e-03   2.50344169895869e+01
   4.24653640000000e+07   2.57654360069637e-08   2.49783727985210e+01
   4.28653660000000e+07   2.70327836915385e-06   2.50624390851152e+01
   4.32653690000000e+07   2.05879655368335e-06   2.50504296156035e+01
   4.36653710000000e+07   1.23141182939435e-06   2.50144012070648e+01
   4.40653740000000e+07   2.24572568185977e-06   2.50344169895869e+01
   4.44653770000000e+07  -9.85154571253588e-08   2.50144012070648e+01
   4.48653790000000e+07   2.54354267781309e-06   2.50904611806405e+01
   4.52653820000000e+07   1.90424486845586e-06   2.50063948940555e+01
   4.56653840000000e+07   1.16630394586537e-06   2.49863791115312e+01
   4.60653870000000e+07   2.47419916377112e-06   2.50144012070648e+01
   4.64653900000000e+07   7.34100581212260e-07   2.50504296156035e+01
   4.68653920000000e+07   3.16661407850916e-06   2.50264106765782e+01
   4.72653950000000e+07   2.43159297497186e-06   2.49303349204548e+01
   4.76653970000000e+07   1.60910553859139e-06   2.50023917375508e+01
   4.80654000000000e+07   2.81779171018570e-06   2.50544327721075e+01
   4.84654030000000e+07   8.95196251349262e-07   2.50744485546264e+01
   4.88654050000000e+07   3.23073027175269e-06   2.50224075200738e+01
   4.92654080000000e+07   2.48691867454909e-06   2.50103980505602e+01
   4.96654100000000e+07   1.83191309588437e-06   2.49943854245411e+01
   5.00654130000000e+07   2.67750033344782e-06   2.49143222944307e+01
   5.04654160000000e+07   8.37976074308244e-07   2.49903822680362e+01
   5.08654180000000e+07   3.28476744471118e-06   2.50424233025953e+01
   5.12654210000000e+07   2.23011488742486e-06   2.49383412334665e+01
   5.16654230000000e+07   1.73360456301452e-06   2.50944643371439e+01
   9.53301650000000e+07  -4.25744941458106e-03   2.51184832761627e+01
   9.57301680000000e+07   2.05678225029260e-06   2.49943854245411e+01
   9.61301710000000e+07   3.00044848700054e-06   2.50544327721075e+01
   9.65301730000000e+07  -3.26170201958575e-08   2.50824548676336e+01
   9.69301760000000e+07   4.19464186052210e-06   2.51024706501504e+01
   9.73301780000000e+07   1.97305348592636e-06   2.50704453981228e+01
   9.77301810000000e+07   2.11817018680449e-06   2.51024706501504e+01
   9.81301840000000e+07   2.74360900220927e-06   2.50544327721075e+01
   9.85301860000000e+07   1.89448883247678e-08   2.50744485546264e+01
   9.89301890000000e+07   4.16462216890068e-06   2.50144012070648e+01
   9.93301910000000e+07   1.84056011676148e-06   2.49663633290053e+01
   9.97301940000000e+07   1.95175061890041e-06   2.50824548676336e+01
   1.00130196000000e+08   2.58366549132916e-06   2.50224075200738e+01
   1.00530199000000e+08  -1.61138871135336e-08   2.50224075200738e+01
   1.00930202000000e+08   3.96233963328996e-06   2.50184043635693e+01
   1.01330204000000e+08   1.60568811224948e-06   2.50144012070648e+01
   1.01730207000000e+08   1.87834018561261e-06   2.50384201460911e+01
   1.02130209000000e+08   2.21940445044311e-06   2.49383412334665e+01
   1.02530212000000e+08   2.16689191034902e-08   2.49663633290053e+01
   1.02930215000000e+08   3.78712684323546e-06   2.50464264590994e+01
   1.03330217000000e+08   1.25518761251442e-06   2.50304138330826e+01
   1.03730220000000e+08   1.67485609381401e-06   2.50184043635693e+01
   1.04130222000000e+08   2.09805807571684e-06   2.50544327721075e+01
   1.04530225000000e+08   1.58627656787758e-07   2.50544327721075e+01
   1.04930228000000e+08   3.56639679921500e-06   2.51344959021740e+01
   1.48700344000000e+08   4.64437436312437e-03   2.49903822680362e+01
   1.49100346000000e+08   2.98884742733208e-06   2.49783727985210e+01
   1.49500349000000e+08   1.51314168306271e-06   2.49543538594890e+01
   1.49900351000000e+08   2.15012801163539e-06   2.49783727985210e+01
   1.50300354000000e+08   2.35677953241975e-06   2.50144012070648e+01
   1.50700357000000e+08   1.53081793996535e-06   2.49703664855106e+01
   1.51100359000000e+08   3.09192705572059e-06   2.50264106765782e+01
   1.51500362000000e+08   1.66312099736388e-06   2.49583570159945e+01
   1.51900364000000e+08   2.36386085816775e-06   2.50184043635693e+01
   1.52300367000000e+08   2.43523959397862e-06   2.50464264590994e+01
   1.52700370000000e+08   1.79569076408370e-06   2.49943854245411e+01
   1.53100372000000e+08   3.19459013553569e-06   2.50023917375508e+01
   1.53500375000000e+08   1.85502278782224e-06   2.49503507029835e+01
   1.53900377000000e+08   2.37596168517484e-06   2.50824548676336e+01
   1.54300380000000e+08   2.15054910768231e-06   2.50864580241371e+01
   1.54700383000000e+08   1.65784535965940e-06   2.50784517111300e+01
   1.55100385000000e+08   2.92987351713236e-06   2.50144012070648e+01
   1.55500388000000e+08   1.59025057655526e-06   2.51184832761627e+01
   1.55900390000000e+08   2.20290098695841e-06   2.50624390851152e+01
   1.56300393000000e+08   1.87857176570105e-06   2.50063948940555e+01
   1.56700395000000e+08   1.60001957283384e-06   2.50184043635693e+01
   1.57100398000000e+08   2.71280600827595e-06   2.49103191379245e+01
   1.57500401000000e+08   1.44208388519473e-06   2.50063948940555e+01
   1.57900403000000e+08   2.07633092941251e-06   2.50384201460911e+01
   1.58300406000000e+08   1.76010723862419e-06   2.49503507029835e+01
   1.92989475000000e+08  -2.07252474501729e-03   2.50384201460911e+01
   1.93389478000000e+08   2.98654504149454e-06   2.50103980505602e+01
   1.93789480000000e+08   1.59607770910952e-06   2.50864580241371e+01
   1.94189483000000e+08   1.26616384932277e-06   2.50224075200738e+01
   1.94589485000000e+08   2.03940157916804e-06   2.50144012070648e+01
   1.94989488000000e+08   2.75223487733456e-06   2.50464264590994e+01
   1.95389491000000e+08   3.27800944432965e-06   2.49423443899722e+01
   1.95789493000000e+08   1.66113261457213e-06   2.49703664855106e+01
   1.96189496000000e+08   1.14209876755922e-06   2.50384201460911e+01
   1.96589498000000e+08   1.80061101673346e-06   2.49383412334665e+01
   1.96989501000000e+08   2.38697202803451e-06   2.50464264590994e+01
   1.97389504000000e+08   2.84334328171099e-06   2.49823759550261e+01
   1.97789506000000e+08   1.39299606871646e-06   2.50704453981228e+01
   1.98189509000000e+08   1.18245213798218e-06   2.50544327721075e+01
   1.98589511000000e+08   1.79723485871364e-06   2.50544327721075e+01
   1.98989514000000e+08   2.35182187680039e-06   2.50384201460911e+01
   1.99389517000000e+08   2.80708536593011e-06   2.50184043635693e+01
   1.99789519000000e+08   1.19836920475791e-06   2.50864580241371e+01
   2.00189522000000e+08   1.00130171176716e-06   2.51184832761627e+01
   2.00589524000000e+08   1.59342357619607e-06   2.51064738066536e+01
   2.00989527000000e+08   2.12235772778513e-06   2.50224075200738e+01
   2.01389530000000e+08   2.35065499509801e-06   2.50144012070648e+01
   2.01789532000000e+08   9.39624214879586e-07   2.50103980505602e+01
   2.02189535000000e+08   1.11660187940288e-06   2.49263317639489e+01
   2.02589537000000e+08   1.59218507178593e-06   2.48782938858728e+01
