   4.00003000000000e+05   1.78212428636471e-06   2.49983885810460e+01
   8.00005000000000e+05   1.87441412435874e-06   2.50304138330826e+01
   1.20000800000000e+06   1.70606267602125e-06   2.50544327721075e+01
   1.60001000000000e+06   1.84785847068270e-06   2.50984674936472e+01
   2.00001300000000e+06   1.81545169652964e-06   2.49783727985210e+01
   2.40001600000000e+06   1.73417902260553e-06   2.49583570159945e+01
   2.80001800000000e+06   1.82870928711054e-06   2.49903822680362e+01
   3.20002100000000e+06   1.62910225753876e-06   2.49663633290053e+01
   3.60002300000000e+06   1.79531991761905e-06   2.49863791115312e+01
   4.00002600000000e+06   1.74936610619625e-06   2.50624390851152e+01
   4.40002900000000e+06   1.67012865404104e-06   2.50304138330826e+01
   4.80003100000000e+06   1.73102785083756e-06   2.50264106765782e+01
   5.20003400000000e+06   1.60936599513661e-06   2.49703664855106e+01
   5.60003600000000e+06   1.75213483544212e-06   2.50464264590994e+01
   6.00003900000000e+06   1.69158693097415e-06   2.49903822680362e+01
   6.40004200000000e+06   2.08381970878690e-06   2.50544327721075e+01
   6.80004400000000e+06   2.45415276367567e-06   2.50144012070648e+01
   7.20004700000000e+06   2.30005844059633e-06   2.50424233025953e+01
   7.60004900000000e+06   2.41234761233500e-06   2.49943854245411e+01
   8.00005200000000e+06   2.36588880397903e-06   2.51224864326656e+01
   8.40005500000000e+06   2.44127136284078e-06   2.50504296156035e+01
   8.80005700000000e+06   2.57096394307155e-06   2.50384201460911e+01
   9.20006000000000e+06   2.40222379943589e-06   2.50103980505602e+01
   9.60006200000000e+06   2.63770766650850e-06   2.50464264590994e+01
   4.22279760000000e+07   1.25437800306827e-04   2.50504296156035e+01
   4.26279790000000e+07   1.17569311441912e-06   2.51104769631567e+01
   4.30279820000000e+07   1.03216075331147e-06   2.51064738066536e+01
   4.34279840000000e+07   1.10664404928684e-06   2.50744485546264e+01
   4.38279870000000e+07   1.10165490241343e-06   2.51144801196597e+01
   4.42279890000000e+07   1.28530382426106e-06   2.51024706501504e+01
   4.46279920000000e+07   2.07595644496905e-06   2.49863791115312e+01
   4.50279950000000e+07   1.81270604571182e-06   2.50664422416190e+01
   4.54279970000000e+07   2.11643009606632e-06   2.50023917375508e+01
   4.58280000000000e+07   2.03224294637039e-06   2.50184043635693e+01
   4.62280020000000e+07   2.09046720556216e-06   2.49783727985210e+01
   4.66280050000000e+07   2.54827659773582e-06   2.50504296156035e+01
   4.70280080000000e+07   2.30789987654134e-06   2.50304138330826e+01
   4.74280100000000e+07   2.62447883869754e-06   2.49023128249120e+01
   4.78280130000000e+07   2.45866181103338e-06   2.49663633290053e+01
   4.82280150000000e+07   2.44810939875606e-06   2.50344169895869e+01
   4.86280180000000e+07   2.85888609141693e-06   2.50063948940555e+01
   4.90280210000000e+07   2.61242030319409e-06   2.49463475464779e+01
   4.94280230000000e+07   2.82110704574734e-06   2.49743696420159e+01
   4.98280260000000e+07   2.70691339210316e-06   2.50824548676336e+01
   5.02280280000000e+07   2.71630710813042e-06   2.50824548676336e+01
   5.06280310000000e+07   2.91863420898153e-06   2.50624390851152e+01
   5.10280340000000e+07   2.63585025095381e-06   2.50664422416190e+01
   5.14280360000000e+07   2.87101329377037e-06   2.50624390851152e+01
   5.18280390000000e+07   2.81044822258991e-06   2.50424233025953e+01
   9.55011660000000e+07   2.22275251871906e-04   2.50103980505602e+01
   9.59011690000000e+07   1.27324494769709e-06   2.50704453981228e+01
   9.63011720000000e+07   1.73180444562604e-06   2.50424233025953e+01
   9.67011740000000e+07   1.70529767729022e-06   2.50264106765782e+01
   9.71011770000000e+07   1.43848183142836e-06   2.50144012070648e+01
   9.75011790000000e+07   1.97969097825990e-06   2.50824548676336e+01
   9.79011820000000e+07   1.43478007430531e-06   2.51425022151793e+01
   9.83011850000000e+07   1.98226121028711e-06   2.50504296156035e+01
   9.87011870000000e+07   2.17286537917971e-06   2.50704453981228e+01
   9.91011900000000e+07   2.09678478313435e-06   2.50944643371439e+01
   9.95011920000000e+07   2.38774237004691e-06   2.51144801196597e+01
   9.99011950000000e+07   1.98504380932718e-06   2.50984674936472e+01
   1.00301198000000e+08   2.21940263145370e-06   2.49383412334665e+01
   1.00701200000000e+08   2.10102302844462e-06   2.50464264590994e+01
   1.01101203000000e+08   1.75144361946877e-06   2.50464264590994e+01
   1.01501205000000e+08   2.15589784602344e-06   2.49903822680362e+01
   1.01901208000000e+08   1.75532682078483e-06   2.50544327721075e+01
   1.02301211000000e+08   2.16092894333997e-06   2.50304138330826e+01
   1.02701213000000e+08   2.05279752663046e-06   2.50504296156035e+01
   1.03101216000000e+08   1.90376579212170e-06   2.49823759550261e+01
   1.03501218000000e+08   2.36468304137816e-06   2.50344169895869e+01
   1.03901221000000e+08   1.80846802777523e-06   2.50144012070648e+01
   1.04301224000000e+08   2.02247247216292e-06   2.49623601725000e+01
   1.04701226000000e+08   1.71498220424837e-06   2.49743696420159e+01
   1.05101229000000e+08   1.41919088036957e-06   2.50984674936472e+01
   1.48545243000000e+08   1.71100196894258e-04   2.49703664855106e+01
   1.48945245000000e+08   1.77012304902746e-06   2.50384201460911e+01
   1.49345248000000e+08   2.08611800189829e-06   2.50864580241371e+01
   1.49745250000000e+08   2.13321231967711e-06   2.50624390851152e+01
   1.50145253000000e+08   1.78652567228710e-06   2.50384201460911e+01
   1.50545256000000e+08   2.14665374187462e-06   2.50023917375508e+01
   1.50945258000000e+08   1.73539706338488e-06   2.49583570159945e+01
   1.51345261000000e+08   1.86520867373474e-06   2.50864580241371e+01
   1.51745263000000e+08   2.15528098124196e-06   2.50103980505602e+01
   1.52145266000000e+08   1.59394687671011e-06   2.50264106765782e+01
   1.52545269000000e+08   2.02499018087110e-06   2.50504296156035e+01
   1.52945271000000e+08   1.56111434534978e-06   2.50304138330826e+01
   1.53345274000000e+08   1.77560411884770e-06   2.51024706501504e+01
   1.53745276000000e+08   1.84526550128794e-06   2.50544327721075e+01
   1.54145279000000e+08   1.56502346726484e-06   2.50063948940555e+01
   1.54545282000000e+08   2.13903763324197e-06   2.49663633290053e+01
   1.54945284000000e+08   1.81975042323756e-06   2.50384201460911e+01
   1.55345287000000e+08   1.98262387129944e-06   2.50704453981228e+01
   1.55745289000000e+08   2.02441015062504e-06   2.50784517111300e+01
   1.56145292000000e+08   1.82908320311981e-06   2.50864580241371e+01
   1.56545295000000e+08   2.07634002435952e-06   2.49543538594890e+01
   1.56945297000000e+08   1.77093852471444e-06   2.50184043635693e+01
   1.57345300000000e+08   1.90641378594592e-06   2.50624390851152e+01
   1.57745302000000e+08   2.02930345949426e-06   2.50784517111300e+01
   1.58145305000000e+08   1.74142849118653e-06   2.50264106765782e+01
   1.93510019000000e+08   1.65362856932916e-04   2.50224075200738e+01
   1.93910022000000e+08   1.63140327913425e-06   2.50704453981228e+01
   1.94310024000000e+08   1.78711866283265e-06   2.49983885810460e+01
   1.94710027000000e+08   1.88185401839291e-06   2.50144012070648e+01
   1.95110029000000e+08   2.13538282878289e-06   2.50344169895869e+01
   1.95510032000000e+08   1.89750335266581e-06   2.50103980505602e+01
   1.95910035000000e+08   2.06626327781123e-06   2.49863791115312e+01
   1.96310037000000e+08   2.36310461332323e-06   2.49343380769607e+01
   1.96710040000000e+08   2.31063108913077e-06   2.49983885810460e+01
   1.97110042000000e+08   2.66707115770259e-06   2.49983885810460e+01
   1.97510045000000e+08   2.39775681620813e-06   2.49503507029835e+01
   1.97910048000000e+08   2.49714207711804e-06   2.50063948940555e+01
   1.98310050000000e+08   2.43578165282088e-06   2.49663633290053e+01
   1.98710053000000e+08   2.05689548238297e-06   2.49823759550261e+01
   1.99110055000000e+08   2.28185763262445e-06   2.50384201460911e+01
   1.99510058000000e+08   2.05691299015598e-06   2.49943854245411e+01
   1.99910061000000e+08   2.10020402846567e-06   2.50304138330826e+01
   2.00310063000000e+08   2.21719733417558e-06   2.50384201460911e+01
   2.00710066000000e+08   1.73694650129619e-06   2.50344169895869e+01
   2.01110068000000e+08   2.02520959646790e-06   2.51184832761627e+01
   2.01510071000000e+08   1.79707421921194e-06   2.50704453981228e+01
   2.01910074000000e+08   1.87913644822402e-06   2.50344169895869e+01
   2.02310076000000e+08   1.79978053438390e-06   2.51184832761627e+01
   2.02710079000000e+08   1.48963749779796e-06   2.49983885810460e+01
   2.03110081000000e+08   1.72282204857765e-06   2.50103980505602e+01
