   4.00003000000000e+05   2.50558923653443e-06   2.50624390851152e+01
   8.00005000000000e+05   1.84339523912058e-06   2.50544327721075e+01
   1.20000800000000e+06   2.06189406526391e-06   2.50103980505602e+01
   1.60001000000000e+06   1.84101804734382e-06   2.51104769631567e+01
   2.00001300000000e+06   1.84745567821665e-06   2.50904611806405e+01
   2.40001500000000e+06   2.07673747354420e-06   2.51184832761627e+01
   2.80001800000000e+06   1.36871915401571e-06   2.50464264590994e+01
   3.20002100000000e+06   1.37313702452957e-06   2.50704453981228e+01
   3.60002300000000e+06   1.31934223190910e-06   2.50544327721075e+01
   4.00002600000000e+06   1.17362071705429e-06   2.50744485546264e+01
   4.40002800000000e+06   1.40674990234402e-06   2.51625179976914e+01
   4.80003100000000e+06   1.22474841646181e-06   2.51425022151793e+01
   5.20003400000000e+06   1.44351747621840e-06   2.51425022151793e+01
   5.60003600000000e+06   1.52396307839808e-06   2.50344169895869e+01
   6.00003900000000e+06   1.16968374186399e-06   2.50624390851152e+01
   6.40004100000000e+06   1.64543700975628e-06   2.50904611806405e+01
   6.80004400000000e+06   1.08218694094830e-06   2.50904611806405e+01
   7.20004700000000e+06   1.27863575016818e-06   2.49783727985210e+01
   7.60004900000000e+06   1.15911461762153e-06   2.50384201460911e+01
   8.00005200000000e+06   1.05383446680207e-06   2.49743696420159e+01
   8.40005400000000e+06   1.32706679778494e-06   2.49663633290053e+01
   8.80005700000000e+06   1.22907988497900e-06   2.50464264590994e+01
   9.20006000000000e+06   1.33176888539310e-06   2.50424233025953e+01
   9.60006200000000e+06   1.54356109760556e-06   2.50864580241371e+01
   4.21574520000000e+07   1.52937689563259e-04   2.50984674936472e+01
   4.25574550000000e+07   1.28685837808007e-06   2.50504296156035e+01
   4.29574580000000e+07   1.35014079205575e-06   2.50304138330826e+01
   4.33574600000000e+07   1.74898696059245e-06   2.51184832761627e+01
   4.37574630000000e+07   1.48946435274411e-06   2.50264106765782e+01
   4.41574650000000e+07   1.64897107879369e-06   2.50224075200738e+01
   4.45574680000000e+07   1.66849270044622e-06   2.50184043635693e+01
   4.49574710000000e+07   1.56541614160233e-06   2.50784517111300e+01
   4.53574730000000e+07   1.73140870174393e-06   2.50744485546264e+01
   4.57574760000000e+07   1.52554741816857e-06   2.50624390851152e+01
   4.61574780000000e+07   1.63488039106596e-06   2.50704453981228e+01
   4.65574810000000e+07   1.65913240834925e-06   2.51384990586767e+01
   4.69574840000000e+07   1.66544589319528e-06   2.50384201460911e+01
   4.73574860000000e+07   1.92443303603795e-06   2.49903822680362e+01
   4.77574890000000e+07   1.65057087997411e-06   2.50664422416190e+01
   4.81574910000000e+07   1.92119978237315e-06   2.49823759550261e+01
   4.85574940000000e+07   1.86775810107065e-06   2.50264106765782e+01
   4.89574960000000e+07   1.96703058463754e-06   2.49143222944307e+01
   4.93574990000000e+07   2.20300194087031e-06   2.50624390851152e+01
   4.97575020000000e+07   1.96368841898220e-06   2.49623601725000e+01
   5.01575040000000e+07   2.20784932025708e-06   2.49863791115312e+01
   5.05575070000000e+07   2.03455988412315e-06   2.49343380769607e+01
   5.09575090000000e+07   2.41430188907543e-06   2.50063948940555e+01
   5.13575120000000e+07   2.53598022936785e-06   2.50784517111300e+01
   5.17575150000000e+07   2.42798500948993e-06   2.50584359286114e+01
   9.55073120000000e+07   1.88850215636194e-04   2.49983885810460e+01
   9.59073150000000e+07   2.17914589484280e-06   2.50824548676336e+01
   9.63073170000000e+07   2.16683361031755e-06   2.50184043635693e+01
   9.67073200000000e+07   2.03105946638971e-06   2.50704453981228e+01
   9.71073230000000e+07   1.92127731679648e-06   2.51104769631567e+01
   9.75073250000000e+07   1.85585702183744e-06   2.50544327721075e+01
   9.79073280000000e+07   1.84082887244585e-06   2.50704453981228e+01
   9.83073300000000e+07   1.81796769993525e-06   2.50144012070648e+01
   9.87073330000000e+07   2.14376041185460e-06   2.50264106765782e+01
   9.91073360000000e+07   2.24084874389519e-06   2.50344169895869e+01
   9.95073380000000e+07   2.23695815293468e-06   2.50784517111300e+01
   9.99073410000000e+07   2.38619531955919e-06   2.50864580241371e+01
   1.00307343000000e+08   2.29141846830316e-06   2.50264106765782e+01
   1.00707346000000e+08   2.06958793569356e-06   2.50063948940555e+01
   1.01107349000000e+08   1.76344610736123e-06   2.49623601725000e+01
   1.01507351000000e+08   1.70410521604936e-06   2.50704453981228e+01
   1.01907354000000e+08   1.80878384981042e-06   2.50704453981228e+01
   1.02307356000000e+08   1.56972214426787e-06   2.50264106765782e+01
   1.02707359000000e+08   1.80679614913970e-06   2.50904611806405e+01
   1.03107362000000e+08   1.60464753662382e-06   2.50704453981228e+01
   1.03507364000000e+08   1.60639865498524e-06   2.51384990586767e+01
   1.03907367000000e+08   1.64996902185521e-06   2.50624390851152e+01
   1.04307369000000e+08   1.51618826293998e-06   2.50344169895869e+01
   1.04707372000000e+08   1.83198039849231e-06   2.49623601725000e+01
   1.05107374000000e+08   1.79452035808936e-06   2.50784517111300e+01
   1.48633529000000e+08   2.10825150134042e-04   2.51184832761627e+01
   1.49033532000000e+08   2.28856424655532e-06   2.50664422416190e+01
   1.49433534000000e+08   1.92603306459205e-06   2.49743696420159e+01
   1.49833537000000e+08   2.50354287345544e-06   2.49983885810460e+01
   1.50233540000000e+08   1.98930615624704e-06   2.50304138330826e+01
   1.50633542000000e+08   2.22501080315851e-06   2.49903822680362e+01
   1.51033545000000e+08   1.90814785128168e-06   2.50063948940555e+01
   1.51433547000000e+08   1.73069020092953e-06   2.50063948940555e+01
   1.51833550000000e+08   2.17830256588059e-06   2.49583570159945e+01
   1.52233553000000e+08   1.63887693815923e-06   2.50063948940555e+01
   1.52633555000000e+08   2.07482594305475e-06   2.50704453981228e+01
   1.53033558000000e+08   2.41701877712330e-06   2.50504296156035e+01
   1.53433560000000e+08   2.18442164623411e-06   2.50184043635693e+01
   1.53833563000000e+08   2.63517631537979e-06   2.50063948940555e+01
   1.54233566000000e+08   2.18678383134829e-06   2.50504296156035e+01
   1.54633568000000e+08   2.35567677009385e-06   2.50784517111300e+01
   1.55033571000000e+08   2.05491937776969e-06   2.50304138330826e+01
   1.55433573000000e+08   1.73905573319644e-06   2.50504296156035e+01
   1.55833576000000e+08   2.20603442357969e-06   2.51425022151793e+01
   1.56233579000000e+08   1.77424396952119e-06   2.50624390851152e+01
   1.56633581000000e+08   1.87395369266596e-06   2.50624390851152e+01
   1.57033584000000e+08   1.62305832418497e-06   2.49943854245411e+01
   1.57433586000000e+08   1.40917165936116e-06   2.50384201460911e+01
   1.57833589000000e+08   1.72044508417457e-06   2.49783727985210e+01
   1.58233591000000e+08   1.38567497742770e-06   2.50304138330826e+01
   1.93279746000000e+08   1.38437666464597e-04   2.50704453981228e+01
   1.93679749000000e+08   1.73905880274106e-06   2.49703664855106e+01
   1.94079752000000e+08   1.73049375007395e-06   2.50264106765782e+01
   1.94479754000000e+08   2.09338713830221e-06   2.49983885810460e+01
   1.94879757000000e+08   2.14947954191302e-06   2.50103980505602e+01
   1.95279759000000e+08   2.14516580854252e-06   2.50224075200738e+01
   1.95679762000000e+08   2.50435982707131e-06   2.50224075200738e+01
   1.96079765000000e+08   2.36747428061790e-06   2.49343380769607e+01
   1.96479767000000e+08   2.34926847042516e-06   2.49303349204548e+01
   1.96879770000000e+08   2.10028315450472e-06   2.49623601725000e+01
   1.97279772000000e+08   2.64128743765468e-06   2.49583570159945e+01
   1.97679775000000e+08   2.43932640842104e-06   2.48983096684056e+01
   1.98079778000000e+08   2.00767840397020e-06   2.49423443899722e+01
   1.98479780000000e+08   2.62060802924680e-06   2.49743696420159e+01
   1.98879783000000e+08   2.78146762866527e-06   2.50464264590994e+01
   1.99279785000000e+08   2.61869490714162e-06   2.50904611806405e+01
   1.99679788000000e+08   2.68229541688925e-06   2.50144012070648e+01
   2.00079790000000e+08   2.84153270513343e-06   2.50304138330826e+01
   2.00479793000000e+08   3.01907971334003e-06   2.50504296156035e+01
   2.00879796000000e+08   1.85260557827860e-06   2.50184043635693e+01
   2.01279798000000e+08   2.12757754525228e-06   2.50864580241371e+01
   2.01679801000000e+08   2.49575464295049e-06   2.49623601725000e+01
   2.02079803000000e+08   1.90570858649153e-06   2.50664422416190e+01
   2.02479806000000e+08   2.01780335373769e-06   2.50224075200738e+01
   2.02879809000000e+08   2.29911165661179e-06   2.50103980505602e+01
