   4.00003000000000e+05   1.67018686170195e-06   2.49983885810460e+01
   8.00006000000000e+05   1.50096332163230e-06   2.50504296156035e+01
   1.20000800000000e+06   1.46110028254043e-06   2.50544327721075e+01
   1.60001100000000e+06   1.65582662248198e-06   2.50784517111300e+01
   2.00001300000000e+06   1.37263793931197e-06   2.50784517111300e+01
   2.40001600000000e+06   1.59585670189699e-06   2.51064738066536e+01
   2.80001900000000e+06   1.44940395330195e-06   2.50504296156035e+01
   3.20002100000000e+06   1.35209916152235e-06   2.50063948940555e+01
   3.60002400000000e+06   1.61094897066505e-06   2.50464264590994e+01
   4.00002600000000e+06   1.33258902224043e-06   2.50664422416190e+01
   4.40002900000000e+06   1.54373447003309e-06   2.49863791115312e+01
   4.80003200000000e+06   1.25621011193289e-06   2.50184043635693e+01
   5.20003400000000e+06   9.91933688965219e-07   2.50264106765782e+01
   5.60003700000000e+06   1.17040633540455e-06   2.50144012070648e+01
   6.00003900000000e+06   8.79418792010256e-07   2.49503507029835e+01
   6.40004200000000e+06   1.08371170881583e-06   2.49943854245411e+01
   6.80004400000000e+06   1.13083387986990e-06   2.49743696420159e+01
   7.20004700000000e+06   1.24610016882798e-06   2.50103980505602e+01
   7.60005000000000e+06   1.44194370932382e-06   2.49423443899722e+01
   8.00005200000000e+06   1.19643527796143e-06   2.50184043635693e+01
   8.40005500000000e+06   1.48019114476483e-06   2.50264106765782e+01
   8.80005700000000e+06   1.47483478940558e-06   2.49383412334665e+01
   9.20006000000000e+06   1.60960553330369e-06   2.51264895891685e+01
   9.60006300000000e+06   1.80704546437482e-06   2.50744485546264e+01
   4.24756310000000e+07   2.41128751076758e-03   2.49943854245411e+01
   4.28756330000000e+07   1.70078624250891e-06   2.50504296156035e+01
   4.32756360000000e+07   1.47485241086542e-06   2.51104769631567e+01
   4.36756390000000e+07   1.24639336718246e-06   2.51144801196597e+01
   4.40756410000000e+07   1.10243945528055e-06   2.50744485546264e+01
   4.44756440000000e+07   1.16853982490284e-06   2.50624390851152e+01
   4.48756460000000e+07   1.47666889915854e-06   2.50824548676336e+01
   4.52756490000000e+07   1.51294193528884e-06   2.50744485546264e+01
   4.56756520000000e+07   1.15114767140767e-06   2.51825337802020e+01
   4.60756540000000e+07   1.14574982035265e-06   2.50264106765782e+01
   4.64756570000000e+07   1.31024171423633e-06   2.50584359286114e+01
   4.68756590000000e+07   1.81937787147035e-06   2.50824548676336e+01
   4.72756620000000e+07   1.97853387362557e-06   2.51384990586767e+01
   4.76756650000000e+07   1.78618165591615e-06   2.50023917375508e+01
   4.80756670000000e+07   1.73003854797571e-06   2.50944643371439e+01
   4.84756700000000e+07   1.81285452072188e-06   2.50624390851152e+01
   4.88756720000000e+07   2.15100612876995e-06   2.50304138330826e+01
   4.92756750000000e+07   2.23500933316245e-06   2.50144012070648e+01
   4.96756770000000e+07   1.95486950360646e-06   2.49503507029835e+01
   5.00756800000000e+07   1.88259741662478e-06   2.50384201460911e+01
   5.04756830000000e+07   2.06121126211656e-06   2.50784517111300e+01
   5.08756850000000e+07   2.51453798227885e-06   2.50864580241371e+01
   5.12756880000000e+07   2.47071170633717e-06   2.49863791115312e+01
   5.16756900000000e+07   2.29510465032945e-06   2.50864580241371e+01
   5.20756930000000e+07   2.34715639635397e-06   2.51425022151793e+01
   9.56707770000000e+07  -4.29417472332716e-03   2.49903822680362e+01
   9.60707790000000e+07   1.95588904716715e-06   2.50063948940555e+01
   9.64707820000000e+07   1.65351730174734e-06   2.49743696420159e+01
   9.68707850000000e+07   1.72646468854509e-06   2.49743696420159e+01
   9.72707870000000e+07   1.62734079367510e-06   2.49823759550261e+01
   9.76707900000000e+07   1.10564792521473e-06   2.50784517111300e+01
   9.80707920000000e+07   1.79813400791318e-06   2.50824548676336e+01
   9.84707950000000e+07   1.59232718033309e-06   2.50584359286114e+01
   9.88707980000000e+07   1.68772248798632e-06   2.51024706501504e+01
   9.92708000000000e+07   1.76617959368741e-06   2.50744485546264e+01
   9.96708030000000e+07   1.27085922940751e-06   2.50264106765782e+01
   1.00070805000000e+08   1.92751281247183e-06   2.50944643371439e+01
   1.00470808000000e+08   1.71819863226119e-06   2.49503507029835e+01
   1.00870811000000e+08   1.88239107501431e-06   2.50544327721075e+01
   1.01270813000000e+08   1.95405868907983e-06   2.50464264590994e+01
   1.01670816000000e+08   1.58107332026702e-06   2.51064738066536e+01
   1.02070818000000e+08   1.97873396245996e-06   2.49783727985210e+01
   1.02470821000000e+08   1.98132215700753e-06   2.49543538594890e+01
   1.02870824000000e+08   2.06192635232583e-06   2.50944643371439e+01
   1.03270826000000e+08   2.14114379559760e-06   2.50384201460911e+01
   1.03670829000000e+08   1.74591389168199e-06   2.50344169895869e+01
   1.04070831000000e+08   2.32138700084761e-06   2.49943854245411e+01
   1.04470834000000e+08   2.21354275709018e-06   2.50184043635693e+01
   1.04870837000000e+08   2.13691623685008e-06   2.49863791115312e+01
   1.05270839000000e+08   2.14896294892242e-06   2.50144012070648e+01
   1.49132641000000e+08   4.69507463276386e-03   2.50464264590994e+01
   1.49532644000000e+08   1.44568207360862e-06   2.50424233025953e+01
   1.49932646000000e+08   1.56534747475234e-06   2.50584359286114e+01
   1.50332649000000e+08   2.32143770517723e-06   2.50504296156035e+01
   1.50732652000000e+08   1.45780984439625e-06   2.50464264590994e+01
   1.51132654000000e+08   3.18454772241239e-06   2.51184832761627e+01
   1.51532657000000e+08   1.47406444739318e-06   2.50384201460911e+01
   1.51932659000000e+08   1.60213221533922e-06   2.50063948940555e+01
   1.52332662000000e+08   2.21019513446663e-06   2.50544327721075e+01
   1.52732665000000e+08   1.39099313400948e-06   2.50504296156035e+01
   1.53132667000000e+08   2.93446578325529e-06   2.50864580241371e+01
   1.53532670000000e+08   1.44765010645642e-06   2.50944643371439e+01
   1.53932672000000e+08   1.32720185774815e-06   2.50424233025953e+01
   1.54332675000000e+08   2.02307364816079e-06   2.49903822680362e+01
   1.54732678000000e+08   1.10863629743108e-06   2.50944643371439e+01
   1.55132680000000e+08   2.83767599285056e-06   2.49583570159945e+01
   1.55532683000000e+08   1.31855688323412e-06   2.49623601725000e+01
   1.55932685000000e+08   1.23682718822238e-06   2.49743696420159e+01
   1.56332688000000e+08   1.90856258086569e-06   2.50944643371439e+01
   1.56732690000000e+08   9.92590571513574e-07   2.50784517111300e+01
   1.57132693000000e+08   2.71859926215257e-06   2.50304138330826e+01
   1.57532696000000e+08   1.27694352158869e-06   2.49823759550261e+01
   1.57932698000000e+08   1.23710788102471e-06   2.49063159814183e+01
   1.58332701000000e+08   1.75225352450070e-06   2.50624390851152e+01
   1.58732703000000e+08   9.45708336530515e-07   2.50784517111300e+01
   1.93671065000000e+08  -2.08547501824796e-03   2.50384201460911e+01
   1.94071067000000e+08   1.97245367417054e-06   2.50784517111300e+01
   1.94471070000000e+08   2.94786718768592e-06   2.49943854245411e+01
   1.94871072000000e+08   1.35254936139972e-06   2.49343380769607e+01
   1.95271075000000e+08   1.67675875673012e-06   2.49663633290053e+01
   1.95671078000000e+08   2.85371538666368e-06   2.50944643371439e+01
   1.96071080000000e+08   1.61661068887042e-06   2.50344169895869e+01
   1.96471083000000e+08   2.43483896156249e-06   2.50063948940555e+01
   1.96871085000000e+08   1.10976441192179e-06   2.50304138330826e+01
   1.97271088000000e+08   1.55058603468206e-06   2.49343380769607e+01
   1.97671091000000e+08   2.60387014350272e-06   2.49503507029835e+01
   1.98071093000000e+08   1.40870020004513e-06   2.50103980505602e+01
   1.98471096000000e+08   2.28667863666487e-06   2.50784517111300e+01
   1.98871098000000e+08   1.37928213916894e-06   2.49263317639489e+01
   1.99271101000000e+08   1.88571516446245e-06   2.49863791115312e+01
   1.99671104000000e+08   3.11699773192231e-06   2.49863791115312e+01
   2.00071106000000e+08   1.99392820832145e-06   2.50464264590994e+01
   2.00471109000000e+08   2.79369146483077e-06   2.49863791115312e+01
   2.00871111000000e+08   1.37217887186125e-06   2.49823759550261e+01
   2.01271114000000e+08   1.81651876118849e-06   2.49663633290053e+01
   2.01671117000000e+08   2.82312180388544e-06   2.50144012070648e+01
   2.02071119000000e+08   1.73122782598512e-06   2.50424233025953e+01
   2.02471122000000e+08   2.49863342105527e-06   2.50103980505602e+01
   2.02871124000000e+08   1.32316279177758e-06   2.50144012070648e+01
   2.03271127000000e+08   1.63502102168422e-06   2.50304138330826e+01
