   4.00003000000000e+05   2.03409467758320e-06   2.50264106765782e+01
   8.00005000000000e+05   1.70449311553966e-06   2.50023917375508e+01
   1.20000800000000e+06   1.48298181557038e-06   2.50224075200738e+01
   1.60001000000000e+06   1.24468635931407e-06   2.50464264590994e+01
   2.00001300000000e+06   1.33374408051168e-06   2.50624390851152e+01
   2.40001600000000e+06   1.37555321089167e-06   2.50304138330826e+01
   2.80001800000000e+06   1.41968553180050e-06   2.50864580241371e+01
   3.20002100000000e+06   1.57867884809093e-06   2.51505085281844e+01
   3.60002300000000e+06   1.47539856243384e-06   2.51144801196597e+01
   4.00002600000000e+06   1.68220549312537e-06   2.50904611806405e+01
   4.40002900000000e+06   1.45953606534022e-06   2.51425022151793e+01
   4.80003100000000e+06   1.73593537056149e-06   2.51545116846868e+01
   5.20003400000000e+06   1.92579727809061e-06   2.51144801196597e+01
   5.60003600000000e+06   1.86935596957483e-06   2.51425022151793e+01
   6.00003900000000e+06   1.89044499165902e-06   2.49983885810460e+01
   6.40004200000000e+06   1.94338713299658e-06   2.49423443899722e+01
   6.80004400000000e+06   1.79532923993975e-06   2.50584359286114e+01
   7.20004700000000e+06   1.70839246038668e-06   2.49383412334665e+01
   7.60004900000000e+06   1.47751848089683e-06   2.49903822680362e+01
   8.00005200000000e+06   1.73532998815062e-06   2.50264106765782e+01
   8.40005500000000e+06   1.53984376538574e-06   2.49903822680362e+01
   8.80005700000000e+06   1.64080438480596e-06   2.49823759550261e+01
   9.20006000000000e+06   1.49256391068775e-06   2.50664422416190e+01
   9.60006200000000e+06   1.60078946009889e-06   2.50184043635693e+01
   4.22208610000000e+07  -2.09844927303493e-03   2.51024706501504e+01
   4.26208640000000e+07   6.26767757694324e-07   2.50384201460911e+01
   4.30208660000000e+07   1.49880702338123e-06   2.51064738066536e+01
   4.34208690000000e+07   2.41493148678273e-06   2.50664422416190e+01
   4.38208710000000e+07   1.37314646053710e-06   2.51545116846868e+01
   4.42208740000000e+07   1.20829895422503e-06   2.50704453981228e+01
   4.46208770000000e+07   1.12883049041557e-06   2.51024706501504e+01
   4.50208790000000e+07   2.05318269763666e-06   2.50664422416190e+01
   4.54208820000000e+07   2.98432655654324e-06   2.50904611806405e+01
   4.58208840000000e+07   2.27447003453563e-06   2.50103980505602e+01
   4.62208870000000e+07   2.00354088519816e-06   2.50624390851152e+01
   4.66208900000000e+07   1.58158240992634e-06   2.50023917375508e+01
   4.70208920000000e+07   1.65865594681236e-06   2.50264106765782e+01
   4.74208950000000e+07   2.74566582447733e-06   2.50504296156035e+01
   4.78208970000000e+07   1.73455464391736e-06   2.50224075200738e+01
   4.82209000000000e+07   1.46943386880594e-06   2.50864580241371e+01
   4.86209030000000e+07   1.36701737574185e-06   2.50704453981228e+01
   4.90209050000000e+07   2.36646474149893e-06   2.50144012070648e+01
   4.94209080000000e+07   3.23330345963768e-06   2.50704453981228e+01
   4.98209100000000e+07   2.34922163144802e-06   2.49983885810460e+01
   5.02209130000000e+07   2.40843814935943e-06   2.50063948940555e+01
   5.06209160000000e+07   1.99731630345923e-06   2.49023128249120e+01
   5.10209180000000e+07   1.70780504049617e-06   2.50384201460911e+01
   5.14209210000000e+07   2.56191333392053e-06   2.50063948940555e+01
   5.18209230000000e+07   1.88451383564825e-06   2.50224075200738e+01
   9.52147730000000e+07   4.69959946349263e-03   2.50063948940555e+01
   9.56147750000000e+07   2.70609916697140e-06   2.50304138330826e+01
   9.60147780000000e+07   9.94025981526647e-07   2.50744485546264e+01
   9.64147810000000e+07   2.24413042815286e-06   2.50544327721075e+01
   9.68147830000000e+07   1.52540314957150e-06   2.49263317639489e+01
   9.72147860000000e+07   1.63490733484650e-06   2.49823759550261e+01
   9.76147880000000e+07   2.29114471039793e-06   2.50464264590994e+01
   9.80147910000000e+07   6.92310834438103e-07   2.48903033553927e+01
   9.84147940000000e+07   1.70280452493898e-06   2.49903822680362e+01
   9.88147960000000e+07   1.37666654609347e-06   2.50023917375508e+01
   9.92147990000000e+07   1.47383218518371e-06   2.49503507029835e+01
   9.96148010000000e+07   2.26428483074415e-06   2.49663633290053e+01
   1.00014804000000e+08   6.86966529883648e-07   2.50344169895869e+01
   1.00414807000000e+08   1.70470832472347e-06   2.50584359286114e+01
   1.00814809000000e+08   1.17014576517249e-06   2.50103980505602e+01
   1.01214812000000e+08   1.20744039122656e-06   2.50224075200738e+01
   1.01614814000000e+08   1.88816625268373e-06   2.50264106765782e+01
   1.02014817000000e+08   6.23431105850614e-07   2.50464264590994e+01
   1.02414820000000e+08   1.38139785121894e-06   2.49903822680362e+01
   1.02814822000000e+08   1.38790517212328e-06   2.49823759550261e+01
   1.03214825000000e+08   1.54238739469292e-06   2.50184043635693e+01
   1.03614827000000e+08   2.49802224061568e-06   2.49183254509368e+01
   1.04014830000000e+08   1.23214965697116e-06   2.50704453981228e+01
   1.04414833000000e+08   1.82975395546237e-06   2.49583570159945e+01
   1.04814835000000e+08   1.47685625506710e-06   2.49983885810460e+01
   1.48600456000000e+08  -4.29354980587959e-03   2.50144012070648e+01
   1.49000459000000e+08   2.35592801800522e-06   2.50184043635693e+01
   1.49400461000000e+08   1.43113265949069e-06   2.50424233025953e+01
   1.49800464000000e+08   1.38478515054885e-06   2.49023128249120e+01
   1.50200466000000e+08   1.43543422836956e-06   2.49623601725000e+01
   1.50600469000000e+08   1.61292348366260e-06   2.50063948940555e+01
   1.51000472000000e+08   2.10309735848568e-06   2.50103980505602e+01
   1.51400474000000e+08   1.10942551145854e-06   2.49463475464779e+01
   1.51800477000000e+08   1.36155642849189e-06   2.49703664855106e+01
   1.52200479000000e+08   1.04678917978163e-06   2.50103980505602e+01
   1.52600482000000e+08   1.72226282302290e-06   2.49983885810460e+01
   1.53000485000000e+08   2.39024620896089e-06   2.49423443899722e+01
   1.53400487000000e+08   1.81885843630880e-06   2.50504296156035e+01
   1.53800490000000e+08   1.88509477538901e-06   2.49743696420159e+01
   1.54200492000000e+08   1.69260783877689e-06   2.50264106765782e+01
   1.54600495000000e+08   2.12280838240986e-06   2.49023128249120e+01
   1.55000498000000e+08   2.95900713354058e-06   2.50664422416190e+01
   1.55400500000000e+08   2.34100753004896e-06   2.50464264590994e+01
   1.55800503000000e+08   2.59025364357512e-06   2.50184043635693e+01
   1.56200505000000e+08   2.30438513426634e-06   2.49823759550261e+01
   1.56600508000000e+08   2.67002019427309e-06   2.49903822680362e+01
   1.57000511000000e+08   2.83213785223779e-06   2.49743696420159e+01
   1.57400513000000e+08   2.32913112085953e-06   2.50624390851152e+01
   1.57800516000000e+08   2.26081738219364e-06   2.50824548676336e+01
   1.58200518000000e+08   2.22744051825430e-06   2.49903822680362e+01
   1.93164017000000e+08   2.40193773061037e-03   2.49303349204548e+01
   1.93564020000000e+08   3.10158588945342e-06   2.49743696420159e+01
   1.93964022000000e+08   3.31171895595617e-06   2.49263317639489e+01
   1.94364025000000e+08   2.43527460952464e-06   2.49303349204548e+01
   1.94764027000000e+08   3.34615674546512e-06   2.50624390851152e+01
   1.95164030000000e+08   1.99004989553941e-06   2.50063948940555e+01
   1.95564033000000e+08   2.66598362941295e-06   2.50384201460911e+01
   1.95964035000000e+08   2.98297527479008e-06   2.50224075200738e+01
   1.96364038000000e+08   2.01761781681853e-06   2.50984674936472e+01
   1.96764040000000e+08   2.61157651948452e-06   2.49983885810460e+01
   1.97164043000000e+08   1.26672466649325e-06   2.50984674936472e+01
   1.97564045000000e+08   1.78560992480925e-06   2.50344169895869e+01
   1.97964048000000e+08   2.10294456337579e-06   2.50944643371439e+01
   1.98364051000000e+08   9.91869114841393e-07   2.50304138330826e+01
   1.98764053000000e+08   2.13290240935748e-06   2.50424233025953e+01
   1.99164056000000e+08   9.49173454500851e-07   2.49823759550261e+01
   1.99564058000000e+08   1.54631993609655e-06   2.49583570159945e+01
   1.99964061000000e+08   1.88462968253589e-06   2.49503507029835e+01
   2.00364064000000e+08   8.56655219649838e-07   2.50144012070648e+01
   2.00764066000000e+08   1.79508140263351e-06   2.49943854245411e+01
   2.01164069000000e+08   6.32457727078872e-07   2.50344169895869e+01
   2.01564071000000e+08   1.14585157007241e-06   2.49783727985210e+01
   2.01964074000000e+08   1.53875510022772e-06   2.49703664855106e+01
   2.02364077000000e+08   5.08598816395534e-07   2.49343380769607e+01
   2.02764079000000e+08   1.94364633898658e-06   2.49343380769607e+01
