   4.00003000000000e+05   2.99505381917697e-06   2.50384201460911e+01
   8.00005000000000e+05   6.92409571456665e-07   2.50464264590994e+01
   1.20000800000000e+06   2.68585677076771e-06   2.50304138330826e+01
   1.60001100000000e+06   1.52882239490282e-06   2.49383412334665e+01
   2.00001300000000e+06   1.85442195288488e-06   2.50744485546264e+01
   2.40001600000000e+06   2.20624929170299e-06   2.49383412334665e+01
   2.80001800000000e+06   7.02166119026515e-07   2.49823759550261e+01
   3.20002100000000e+06   2.61724221672921e-06   2.49943854245411e+01
   3.60002400000000e+06   1.06290713119961e-06   2.50144012070648e+01
   4.00002600000000e+06   1.45518345107121e-06   2.50144012070648e+01
   4.40002900000000e+06   2.20745732804062e-06   2.50464264590994e+01
   4.80003100000000e+06   9.10021299205255e-07   2.50304138330826e+01
   5.20003400000000e+06   2.36830805988575e-06   2.50103980505602e+01
   5.60003700000000e+06   1.11577935513196e-06   2.49503507029835e+01
   6.00003900000000e+06   1.81642587904207e-06   2.49663633290053e+01
   6.40004200000000e+06   1.94563153854688e-06   2.50864580241371e+01
   6.80004400000000e+06   4.66570583057546e-07   2.49623601725000e+01
   7.20004700000000e+06   2.17665296986524e-06   2.50224075200738e+01
   7.60005000000000e+06   9.25403867313435e-07   2.49103191379245e+01
   8.00005200000000e+06   1.39499866236292e-06   2.49943854245411e+01
   8.40005500000000e+06   1.63926506502321e-06   2.50584359286114e+01
   8.80005700000000e+06   9.46258012390899e-07   2.49983885810460e+01
   9.20006000000000e+06   2.04499747269438e-06   2.50424233025953e+01
   9.60006300000000e+06   9.16416013296839e-07   2.50103980505602e+01
   4.25779500000000e+07   2.36223754473031e-03   2.49263317639489e+01
   4.29779520000000e+07   1.88642843568232e-06   2.50344169895869e+01
   4.33779550000000e+07   1.64985578976484e-06   2.49823759550261e+01
   4.37779580000000e+07   1.56714281729364e-06   2.50784517111300e+01
   4.41779600000000e+07   2.20026686292840e-06   2.50744485546264e+01
   4.45779630000000e+07   3.19792093250726e-06   2.50424233025953e+01
   4.49779650000000e+07   1.81943073584989e-06   2.51264895891685e+01
   4.53779680000000e+07   1.95336542674340e-06   2.50224075200738e+01
   4.57779710000000e+07   1.70488124240364e-06   2.50023917375508e+01
   4.61779730000000e+07   2.25689291255549e-06   2.50944643371439e+01
   4.65779760000000e+07   3.00294277622015e-06   2.51264895891685e+01
   4.69779780000000e+07   2.18952732211619e-06   2.49983885810460e+01
   4.73779810000000e+07   1.66686174907227e-06   2.50344169895869e+01
   4.77779840000000e+07   1.62190167429799e-06   2.50144012070648e+01
   4.81779860000000e+07   2.26309134632174e-06   2.50384201460911e+01
   4.85779890000000e+07   3.78610388906964e-06   2.50664422416190e+01
   4.89779910000000e+07   1.46930608480034e-06   2.51144801196597e+01
   4.93779940000000e+07   2.40435792875360e-06   2.50584359286114e+01
   4.97779970000000e+07   2.11256497095746e-06   2.50304138330826e+01
   5.01779990000000e+07   3.14533917844528e-06   2.50344169895869e+01
   5.05780020000000e+07   2.56593602898647e-06   2.50063948940555e+01
   5.09780040000000e+07   1.73168723449635e-06   2.49703664855106e+01
   5.13780070000000e+07   2.04979573936726e-06   2.50384201460911e+01
   5.17780100000000e+07   1.89801107808307e-06   2.49703664855106e+01
   5.21780120000000e+07   2.24821042138501e-06   2.49983885810460e+01
   9.57130250000000e+07  -4.22107474878430e-03   2.50504296156035e+01
   9.61130280000000e+07   7.18527360277221e-07   2.50304138330826e+01
   9.65130300000000e+07   2.89938634523423e-06   2.50864580241371e+01
   9.69130330000000e+07  -5.34044716005155e-07   2.50944643371439e+01
   9.73130360000000e+07   1.87654848105012e-06   2.51224864326656e+01
   9.77130380000000e+07   2.75340948974190e-06   2.50184043635693e+01
   9.81130410000000e+07   1.48069318584021e-06   2.50063948940555e+01
   9.85130430000000e+07   1.63677441378240e-06   2.50464264590994e+01
   9.89130460000000e+07   6.23657399501099e-07   2.50464264590994e+01
   9.93130490000000e+07   1.04830155578384e-06   2.49983885810460e+01
   9.97130510000000e+07   3.70681891581626e-06   2.50063948940555e+01
   1.00113054000000e+08   8.92488785098067e-08   2.49423443899722e+01
   1.00513056000000e+08   2.79134133052139e-06   2.49863791115312e+01
   1.00913059000000e+08  -5.40414113459065e-08   2.50304138330826e+01
   1.01313062000000e+08   2.75992783826950e-06   2.50184043635693e+01
   1.01713064000000e+08   2.94725691674103e-06   2.50464264590994e+01
   1.02113067000000e+08   9.02643876088405e-07   2.49463475464779e+01
   1.02513069000000e+08   2.90530965685321e-06   2.49743696420159e+01
   1.02913072000000e+08   6.69052155899408e-07   2.50864580241371e+01
   1.03313075000000e+08   3.00126498586906e-06   2.49583570159945e+01
   1.03713077000000e+08   2.96632674690045e-06   2.50424233025953e+01
   1.04113080000000e+08   1.44057480611082e-06   2.50864580241371e+01
   1.04513082000000e+08   2.43698787016911e-06   2.50023917375508e+01
   1.04913085000000e+08   1.00086435850244e-06   2.50424233025953e+01
   1.05313088000000e+08   2.77034678219934e-06   2.49983885810460e+01
   1.49633987000000e+08   4.62162448093295e-03   2.49903822680362e+01
   1.50033990000000e+08   1.55683710545418e-06   2.49703664855106e+01
   1.50433993000000e+08   2.71512226390769e-06   2.49903822680362e+01
   1.50833995000000e+08   1.46563786529441e-06   2.50544327721075e+01
   1.51233998000000e+08   2.02738590360241e-07   2.49903822680362e+01
   1.51634000000000e+08   2.72024931291526e-06   2.50304138330826e+01
   1.52034003000000e+08   1.06040886294068e-06   2.50144012070648e+01
   1.52434006000000e+08   2.41247471421957e-06   2.49943854245411e+01
   1.52834008000000e+08   1.23443328448047e-06   2.50224075200738e+01
   1.53234011000000e+08   6.94771031817254e-08   2.50304138330826e+01
   1.53634013000000e+08   2.35072593568475e-06   2.51425022151793e+01
   1.54034016000000e+08   1.04282401025557e-06   2.49543538594890e+01
   1.54434019000000e+08   2.64824052464974e-06   2.50264106765782e+01
   1.54834021000000e+08   1.05411584172543e-06   2.51024706501504e+01
   1.55234024000000e+08   4.81474899061141e-07   2.50584359286114e+01
   1.55634026000000e+08   3.10287600768788e-06   2.50384201460911e+01
   1.56034029000000e+08   1.20957702165470e-06   2.50144012070648e+01
   1.56434032000000e+08   2.34529943554662e-06   2.50384201460911e+01
   1.56834034000000e+08   1.12695875031932e-06   2.50023917375508e+01
   1.57234037000000e+08   7.31060310954490e-07   2.51224864326656e+01
   1.57634039000000e+08   2.95378708869976e-06   2.50224075200738e+01
   1.58034042000000e+08   8.40868779050652e-07   2.50184043635693e+01
   1.58434045000000e+08   2.90801881419611e-06   2.49743696420159e+01
   1.58834047000000e+08   9.40886081934877e-07   2.50103980505602e+01
   1.59234050000000e+08   1.14278338969598e-06   2.50624390851152e+01
   1.94581859000000e+08  -2.04708636738360e-03   2.49863791115312e+01
   1.94981862000000e+08   2.65692142420448e-06   2.49743696420159e+01
   1.95381865000000e+08   1.51846438711800e-06   2.50264106765782e+01
   1.95781867000000e+08   4.14902842749143e-06   2.50784517111300e+01
   1.96181870000000e+08   9.36962123887497e-07   2.49783727985210e+01
   1.96581872000000e+08   1.36328117150697e-06   2.49783727985210e+01
   1.96981875000000e+08   2.23885967898241e-06   2.50864580241371e+01
   1.97381878000000e+08   2.72648321697488e-06   2.50184043635693e+01
   1.97781880000000e+08   4.26827682531439e-06   2.50103980505602e+01
   1.98181883000000e+08   6.99628685651987e-07   2.49703664855106e+01
   1.98581885000000e+08   1.36469338940515e-06   2.49983885810460e+01
   1.98981888000000e+08   3.02976104649133e-06   2.50344169895869e+01
   1.99381891000000e+08   2.53523990068061e-06   2.50144012070648e+01
   1.99781893000000e+08   3.53232303496043e-06   2.50464264590994e+01
   2.00181896000000e+08   5.72924875541503e-07   2.51425022151793e+01
   2.00581898000000e+08   1.46416800816951e-06   2.50504296156035e+01
   2.00981901000000e+08   2.45914111474121e-06   2.51745274671980e+01
   2.01381904000000e+08   2.03315994440345e-06   2.50424233025953e+01
   2.01781906000000e+08   3.17973740493471e-06   2.49863791115312e+01
   2.02181909000000e+08  -1.76591541389826e-07   2.50624390851152e+01
   2.02581911000000e+08   2.13598468690179e-06   2.51264895891685e+01
   2.02981914000000e+08   2.39053451878135e-06   2.51024706501504e+01
   2.03381917000000e+08   2.45612727667321e-06   2.50624390851152e+01
   2.03781919000000e+08   2.38618554249115e-06   2.50304138330826e+01
   2.04181922000000e+08   4.69932047053589e-07   2.50424233025953e+01
