   4.00002000000000e+05   1.54423378262436e-06   2.50584359286114e+01
   8.00005000000000e+05   1.57243130161078e-06   2.50384201460911e+01
   1.20000800000000e+06   1.57592944560747e-06   2.50464264590994e+01
   1.60001000000000e+06   1.42180033435579e-06   2.50264106765782e+01
   2.00001300000000e+06   1.43996635415533e-06   2.50344169895869e+01
   2.40001500000000e+06   1.18725279207865e-06   2.49703664855106e+01
   2.80001800000000e+06   1.47747459777747e-06   2.49863791115312e+01
   3.20002000000000e+06   1.31575518480531e-06   2.50704453981228e+01
   3.60002300000000e+06   1.60860406595020e-06   2.49663633290053e+01
   4.00002600000000e+06   2.10447956305870e-06   2.50424233025953e+01
   4.40002800000000e+06   2.20103174797259e-06   2.49903822680362e+01
   4.80003100000000e+06   2.35177640206530e-06   2.49943854245411e+01
   5.20003300000000e+06   2.04747834686714e-06   2.50184043635693e+01
   5.60003600000000e+06   2.29827537623351e-06   2.50063948940555e+01
   6.00003900000000e+06   2.33069567912025e-06   2.49823759550261e+01
   6.40004100000000e+06   2.14163856071536e-06   2.50224075200738e+01
   6.80004400000000e+06   2.35021138905722e-06   2.50264106765782e+01
   7.20004600000000e+06   2.21372442865686e-06   2.51024706501504e+01
   7.60004900000000e+06   2.27676900976803e-06   2.50264106765782e+01
   8.00005200000000e+06   2.30022578762146e-06   2.50784517111300e+01
   8.40005400000000e+06   2.06896538657020e-06   2.50664422416190e+01
   8.80005700000000e+06   2.45411956711905e-06   2.50464264590994e+01
   9.20005900000000e+06   2.07328253054584e-06   2.50624390851152e+01
   9.60006200000000e+06   1.93868822861987e-06   2.50103980505602e+01
   4.24648500000000e+07  -2.09036236628890e-03   2.50864580241371e+01
   4.28648530000000e+07   1.79679250322806e-06   2.50984674936472e+01
   4.32648550000000e+07   1.69371617175784e-06   2.51304927456713e+01
   4.36648580000000e+07   1.76109267613356e-06   2.50664422416190e+01
   4.40648600000000e+07   1.04822686353145e-06   2.50664422416190e+01
   4.44648630000000e+07   1.48105436892365e-06   2.50304138330826e+01
   4.48648650000000e+07   1.41184420954232e-06   2.50464264590994e+01
   4.52648680000000e+07   1.25280473639577e-06   2.50144012070648e+01
   4.56648710000000e+07   1.51018434735306e-06   2.50704453981228e+01
   4.60648730000000e+07   9.17565273539367e-07   2.51104769631567e+01
   4.64648760000000e+07   1.47421553720051e-06   2.49743696420159e+01
   4.68648780000000e+07   1.36431913233537e-06   2.50344169895869e+01
   4.72648810000000e+07   1.32247600959090e-06   2.50664422416190e+01
   4.76648840000000e+07   1.73714818174631e-06   2.49943854245411e+01
   4.80648860000000e+07   1.48542881106550e-06   2.50704453981228e+01
   4.84648890000000e+07   2.00113822756975e-06   2.49783727985210e+01
   4.88648910000000e+07   2.03875424631406e-06   2.50063948940555e+01
   4.92648940000000e+07   1.83355973604193e-06   2.50704453981228e+01
   4.96648970000000e+07   2.04729440156370e-06   2.50624390851152e+01
   5.00648990000000e+07   1.41579323553742e-06   2.50264106765782e+01
   5.04649020000000e+07   1.97383769773296e-06   2.50344169895869e+01
   5.08649040000000e+07   1.84092755262100e-06   2.51505085281844e+01
   5.12649070000000e+07   1.87639932391903e-06   2.50864580241371e+01
   5.16649090000000e+07   1.99723922378325e-06   2.50063948940555e+01
   5.20649120000000e+07   1.53470944042056e-06   2.49543538594890e+01
   9.58440530000000e+07   4.68304986134171e-03   2.50624390851152e+01
   9.62440550000000e+07   1.56723046984553e-06   2.50784517111300e+01
   9.66440580000000e+07   2.64637810687418e-06   2.50023917375508e+01
   9.70440600000000e+07   1.30451371660456e-06   2.50624390851152e+01
   9.74440630000000e+07   1.52426275690232e-06   2.50063948940555e+01
   9.78440660000000e+07   1.66297900250356e-06   2.51024706501504e+01
   9.82440680000000e+07   1.75108618805098e-06   2.50744485546264e+01
   9.86440710000000e+07   2.86495128420938e-06   2.50784517111300e+01
   9.90440730000000e+07   1.67225266523019e-06   2.49783727985210e+01
   9.94440760000000e+07   1.62167702910665e-06   2.50384201460911e+01
   9.98440790000000e+07   1.61228444994777e-06   2.51384990586767e+01
   1.00244081000000e+08   1.42439671435568e-06   2.50664422416190e+01
   1.00644084000000e+08   2.60610659097438e-06   2.49823759550261e+01
   1.01044086000000e+08   1.36710411879903e-06   2.50544327721075e+01
   1.01444089000000e+08   1.41569239531236e-06   2.49543538594890e+01
   1.01844092000000e+08   1.51238623402605e-06   2.50023917375508e+01
   1.02244094000000e+08   1.37721303872240e-06   2.50584359286114e+01
   1.02644097000000e+08   2.57103806688974e-06   2.50424233025953e+01
   1.03044099000000e+08   1.49396771575994e-06   2.50544327721075e+01
   1.03444102000000e+08   1.40354859468061e-06   2.49623601725000e+01
   1.03844104000000e+08   1.46676109125110e-06   2.50864580241371e+01
   1.04244107000000e+08   1.17128672627587e-06   2.50744485546264e+01
   1.04644110000000e+08   2.45551814259670e-06   2.50023917375508e+01
   1.05044112000000e+08   1.23717791211675e-06   2.50384201460911e+01
   1.05444115000000e+08   1.27554937989771e-06   2.50504296156035e+01
   1.49175355000000e+08  -4.27074916660786e-03   2.50063948940555e+01
   1.49575358000000e+08   7.05478271356696e-07   2.51304927456713e+01
   1.49975360000000e+08   2.05972946787369e-06   2.50264106765782e+01
   1.50375363000000e+08   2.06145909942279e-06   2.50264106765782e+01
   1.50775365000000e+08   2.03878312277084e-06   2.50184043635693e+01
   1.51175368000000e+08   1.50392497744178e-06   2.50824548676336e+01
   1.51575371000000e+08   4.94876928769372e-07   2.51024706501504e+01
   1.51975373000000e+08   1.75558727733005e-06   2.50544327721075e+01
   1.52375376000000e+08   1.62597143571475e-06   2.50424233025953e+01
   1.52775378000000e+08   1.54544272845669e-06   2.49703664855106e+01
   1.53175381000000e+08   1.16626335966430e-06   2.49903822680362e+01
   1.53575384000000e+08   5.02393675105850e-07   2.50103980505602e+01
   1.53975386000000e+08   1.93812456927844e-06   2.50784517111300e+01
   1.54375389000000e+08   2.06631784749334e-06   2.50744485546264e+01
   1.54775391000000e+08   2.11526980820054e-06   2.51264895891685e+01
   1.55175394000000e+08   1.77077845364693e-06   2.50584359286114e+01
   1.55575397000000e+08   7.88015654507035e-07   2.51144801196597e+01
   1.55975399000000e+08   1.64454286277760e-06   2.50424233025953e+01
   1.56375402000000e+08   1.66152642577799e-06   2.50664422416190e+01
   1.56775404000000e+08   1.69149609519081e-06   2.49903822680362e+01
   1.57175407000000e+08   1.30651767449308e-06   2.49823759550261e+01
   1.57575409000000e+08   8.04192268333281e-07   2.50063948940555e+01
   1.57975412000000e+08   2.28952762881818e-06   2.50584359286114e+01
   1.58375415000000e+08   2.48864512286673e-06   2.49583570159945e+01
   1.58775417000000e+08   2.47139246312145e-06   2.49903822680362e+01
   1.93714485000000e+08   2.40344996564090e-03   2.50624390851152e+01
   1.94114487000000e+08   1.82587416475144e-06   2.49823759550261e+01
   1.94514490000000e+08   1.23616587188735e-06   2.49463475464779e+01
   1.94914493000000e+08   1.61923503583239e-06   2.50384201460911e+01
   1.95314495000000e+08   2.36643109019496e-06   2.49463475464779e+01
   1.95714498000000e+08   1.00500949429261e-06   2.49703664855106e+01
   1.96114500000000e+08   1.21437130928825e-06   2.48622812598455e+01
   1.96514503000000e+08   7.97283917108871e-07   2.49783727985210e+01
   1.96914506000000e+08   1.00829959137627e-06   2.49743696420159e+01
   1.97314508000000e+08   1.79109190412419e-06   2.49783727985210e+01
   1.97714511000000e+08   9.30763462747564e-07   2.49343380769607e+01
   1.98114513000000e+08   1.73908483702689e-06   2.49583570159945e+01
   1.98514516000000e+08   1.16069736577629e-06   2.50424233025953e+01
   1.98914518000000e+08   1.44727789574972e-06   2.49623601725000e+01
   1.99314521000000e+08   2.04515549739881e-06   2.49503507029835e+01
   1.99714524000000e+08   1.19329195058526e-06   2.50624390851152e+01
   2.00114526000000e+08   1.51221809119306e-06   2.50384201460911e+01
   2.00514529000000e+08   1.11881388420443e-06   2.50304138330826e+01
   2.00914531000000e+08   1.31704837258440e-06   2.52145590322157e+01
   2.01314534000000e+08   1.89250260973495e-06   2.51264895891685e+01
   2.01714537000000e+08   8.28414158604573e-07   2.50944643371439e+01
   2.02114539000000e+08   1.09313691609714e-06   2.50824548676336e+01
   2.02514542000000e+08   6.92202604568593e-07   2.50544327721075e+01
   2.02914544000000e+08   8.49729019591905e-07   2.50464264590994e+01
   2.03314547000000e+08   1.27424630136375e-06   2.51024706501504e+01
