   4.00002000000000e+05   2.47141292675224e-06   2.49183254509368e+01
   8.00005000000000e+05   2.06097911359393e-06   2.49263317639489e+01
   1.20000700000000e+06   2.44278544414556e-06   2.50144012070648e+01
   1.60001000000000e+06   2.09848690246872e-06   2.50144012070648e+01
   2.00001300000000e+06   2.41760108110611e-06   2.48742907293661e+01
   2.40001500000000e+06   2.33323839893274e-06   2.49223286074429e+01
   2.80001800000000e+06   1.99670944311947e-06   2.49063159814183e+01
   3.20002000000000e+06   2.53769940172788e-06   2.50144012070648e+01
   3.60002300000000e+06   2.30821888180799e-06   2.49543538594890e+01
   4.00002600000000e+06   2.32800698540814e-06   2.49823759550261e+01
   4.40002800000000e+06   2.53145958595269e-06   2.50424233025953e+01
   4.80003100000000e+06   2.32878664974123e-06   2.50384201460911e+01
   5.20003300000000e+06   2.57405099546304e-06   2.50264106765782e+01
   5.60003600000000e+06   2.15414593185415e-06   2.49823759550261e+01
   6.00003900000000e+06   2.41392308453214e-06   2.50544327721075e+01
   6.40004100000000e+06   2.53186999543686e-06   2.50023917375508e+01
   6.80004400000000e+06   2.18891500480822e-06   2.50304138330826e+01
   7.20004600000000e+06   2.55841746366059e-06   2.49943854245411e+01
   7.60004900000000e+06   2.02000319404760e-06   2.50784517111300e+01
   8.00005100000000e+06   2.24474251808715e-06   2.49863791115312e+01
   8.40005400000000e+06   2.04047773877392e-06   2.49223286074429e+01
   8.80005700000000e+06   1.88611943485739e-06   2.49423443899722e+01
   9.20005900000000e+06   2.42092755797785e-06   2.49503507029835e+01
   9.60006200000000e+06   1.93517439583957e-06   2.49543538594890e+01
   4.21588250000000e+07  -2.09591211751103e-03   2.50464264590994e+01
   4.25588280000000e+07   1.76531932538637e-06   2.50384201460911e+01
   4.29588310000000e+07   1.56444855292648e-06   2.50384201460911e+01
   4.33588330000000e+07   7.46532464290794e-07   2.50824548676336e+01
   4.37588360000000e+07   1.77231731868233e-06   2.50384201460911e+01
   4.41588380000000e+07  -6.30730539796787e-07   2.50344169895869e+01
   4.45588410000000e+07   1.69248346537643e-06   2.50984674936472e+01
   4.49588440000000e+07   1.62111189183634e-06   2.49943854245411e+01
   4.53588460000000e+07   6.20018170138792e-07   2.50704453981228e+01
   4.57588490000000e+07   1.85814894848590e-06   2.50023917375508e+01
   4.61588510000000e+07  -1.94573217981997e-07   2.50464264590994e+01
   4.65588540000000e+07   1.85581836831261e-06   2.50624390851152e+01
   4.69588570000000e+07   1.70572673141578e-06   2.51224864326656e+01
   4.73588590000000e+07   8.91213744580455e-07   2.50664422416190e+01
   4.77588620000000e+07   1.94158906197117e-06   2.50264106765782e+01
   4.81588640000000e+07  -7.90278420481627e-08   2.50904611806405e+01
   4.85588670000000e+07   1.76038702193182e-06   2.51344959021740e+01
   4.89588690000000e+07   1.76515527527954e-06   2.50824548676336e+01
   4.93588720000000e+07   1.17394665721804e-06   2.49943854245411e+01
   4.97588750000000e+07   2.69702127297933e-06   2.50184043635693e+01
   5.01588770000000e+07   1.04878517959150e-06   2.50504296156035e+01
   5.05588800000000e+07   2.68905500888650e-06   2.50304138330826e+01
   5.09588820000000e+07   2.57034957940050e-06   2.50624390851152e+01
   5.13588850000000e+07   2.10634811992350e-06   2.51344959021740e+01
   5.17588880000000e+07   2.74982494374854e-06   2.50344169895869e+01
   9.53630910000000e+07   4.68220096081495e-03   2.51064738066536e+01
   9.57630940000000e+07   2.13049429476087e-06   2.51064738066536e+01
   9.61630970000000e+07   1.79845642378496e-06   2.50664422416190e+01
   9.65630990000000e+07   7.52185258079408e-07   2.50784517111300e+01
   9.69631020000000e+07   2.87067405224661e-06   2.50184043635693e+01
   9.73631040000000e+07  -1.48177349501566e-07   2.50784517111300e+01
   9.77631070000000e+07   2.36249979934655e-06   2.50504296156035e+01
   9.81631090000000e+07   1.85389490070520e-06   2.50144012070648e+01
   9.85631120000000e+07   9.09141078864195e-07   2.51024706501504e+01
   9.89631150000000e+07   2.94338292405882e-06   2.51064738066536e+01
   9.93631170000000e+07   3.84089275939914e-07   2.51425022151793e+01
   9.97631200000000e+07   2.66029587692174e-06   2.50824548676336e+01
   1.00163122000000e+08   2.56373755291861e-06   2.51024706501504e+01
   1.00563125000000e+08   1.51261804148817e-06   2.50304138330826e+01
   1.00963128000000e+08   3.79035509467940e-06   2.49943854245411e+01
   1.01363130000000e+08   8.06550303877884e-07   2.50384201460911e+01
   1.01763133000000e+08   3.02760076920094e-06   2.49343380769607e+01
   1.02163135000000e+08   2.65324661086197e-06   2.50464264590994e+01
   1.02563138000000e+08   1.74595197677263e-06   2.49703664855106e+01
   1.02963141000000e+08   3.70988732356636e-06   2.50544327721075e+01
   1.03363143000000e+08   1.12952045583370e-06   2.49143222944307e+01
   1.03763146000000e+08   2.79997561847267e-06   2.49543538594890e+01
   1.04163148000000e+08   2.40781014326785e-06   2.50063948940555e+01
   1.04563151000000e+08   1.49148354466888e-06   2.51024706501504e+01
   1.04963154000000e+08   3.61873617293895e-06   2.49823759550261e+01
   1.48624634000000e+08  -4.28089918568730e-03   2.50464264590994e+01
   1.49024637000000e+08   2.36791834140604e-06   2.51024706501504e+01
   1.49424640000000e+08   1.57260205924104e-06   2.49743696420159e+01
   1.49824642000000e+08   4.05455648433417e-06   2.50424233025953e+01
   1.50224645000000e+08   2.26157567340124e-06   2.50464264590994e+01
   1.50624647000000e+08   8.47791000069265e-07   2.50624390851152e+01
   1.51024650000000e+08   2.50681296165567e-06   2.49503507029835e+01
   1.51424653000000e+08   1.62162984906900e-06   2.50264106765782e+01
   1.51824655000000e+08   3.41196368935925e-06   2.50304138330826e+01
   1.52224658000000e+08   1.66714119131939e-06   2.49423443899722e+01
   1.52624660000000e+08   2.57459760177881e-07   2.50424233025953e+01
   1.53024663000000e+08   1.89535921890638e-06   2.49783727985210e+01
   1.53424666000000e+08   1.22544395253499e-06   2.50384201460911e+01
   1.53824668000000e+08   3.48044909515011e-06   2.49783727985210e+01
   1.54224671000000e+08   1.98624388758617e-06   2.49263317639489e+01
   1.54624673000000e+08   7.30412352822896e-07   2.49703664855106e+01
   1.55024676000000e+08   2.21865411731414e-06   2.50784517111300e+01
   1.55424678000000e+08   1.43526267493144e-06   2.50624390851152e+01
   1.55824681000000e+08   3.48103526448540e-06   2.50544327721075e+01
   1.56224684000000e+08   2.08603137252794e-06   2.50624390851152e+01
   1.56624686000000e+08   8.06979358003446e-07   2.50304138330826e+01
   1.57024689000000e+08   2.23454480874352e-06   2.50424233025953e+01
   1.57424691000000e+08   1.35771711029520e-06   2.51104769631567e+01
   1.57824694000000e+08   2.92759159492562e-06   2.51064738066536e+01
   1.58224697000000e+08   1.49447032526950e-06   2.50063948940555e+01
   1.92912658000000e+08   2.39897449500859e-03   2.49503507029835e+01
   1.93312661000000e+08   2.45405112764274e-06   2.49543538594890e+01
   1.93712663000000e+08   1.18283969641197e-06   2.48903033553927e+01
   1.94112666000000e+08   1.16692569918087e-06   2.49263317639489e+01
   1.94512668000000e+08   1.50542336996295e-06   2.50384201460911e+01
   1.94912671000000e+08   1.75394245616189e-06   2.50304138330826e+01
   1.95312674000000e+08   1.92053721548291e-06   2.49663633290053e+01
   1.95712676000000e+08   1.06699155821843e-06   2.49623601725000e+01
   1.96112679000000e+08   1.03234299331234e-06   2.50544327721075e+01
   1.96512681000000e+08   1.57531144395762e-06   2.50704453981228e+01
   1.96912684000000e+08   1.55743123286811e-06   2.50304138330826e+01
   1.97312687000000e+08   1.85828491794382e-06   2.50904611806405e+01
   1.97712689000000e+08   8.82958374859300e-07   2.50464264590994e+01
   1.98112692000000e+08   7.54190011775790e-07   2.50264106765782e+01
   1.98512694000000e+08   1.23035033539054e-06   2.50344169895869e+01
   1.98912697000000e+08   1.20234437872568e-06   2.51184832761627e+01
   1.99312699000000e+08   1.67411189977429e-06   2.50664422416190e+01
   1.99712702000000e+08   1.14825274977193e-06   2.49623601725000e+01
   2.00112705000000e+08   1.28354031403433e-06   2.49303349204548e+01
   2.00512707000000e+08   1.70106545738236e-06   2.49943854245411e+01
   2.00912710000000e+08   1.79550079337787e-06   2.49743696420159e+01
   2.01312712000000e+08   2.00682939066610e-06   2.49743696420159e+01
   2.01712715000000e+08   1.56561020503432e-06   2.48542749468314e+01
   2.02112718000000e+08   1.57577858317381e-06   2.49223286074429e+01
   2.02512720000000e+08   1.82006363047549e-06   2.49743696420159e+01
