   4.00003000000000e+05   1.22075823583145e-06   2.50664422416190e+01
   8.00005000000000e+05   1.54857241341233e-06   2.51064738066536e+01
   1.20000800000000e+06   1.40073075272085e-06   2.50664422416190e+01
   1.60001000000000e+06   1.53685607529042e-06   2.50144012070648e+01
   2.00001300000000e+06   1.49996219533932e-06   2.50264106765782e+01
   2.40001600000000e+06   1.49056461395958e-06   2.50264106765782e+01
   2.80001800000000e+06   1.55091197484580e-06   2.51024706501504e+01
   3.20002100000000e+06   1.45992430589104e-06   2.50384201460911e+01
   3.60002300000000e+06   1.48672654631810e-06   2.50744485546264e+01
   4.00002600000000e+06   1.52067536873801e-06   2.49103191379245e+01
   4.40002900000000e+06   1.55779787291976e-06   2.49903822680362e+01
   4.80003100000000e+06   2.10759048968612e-06   2.51224864326656e+01
   5.20003400000000e+06   1.94122276298003e-06   2.49383412334665e+01
   5.60003600000000e+06   2.15685145121824e-06   2.49583570159945e+01
   6.00003900000000e+06   2.04788170776737e-06   2.50224075200738e+01
   6.40004200000000e+06   2.02832097784267e-06   2.49663633290053e+01
   6.80004400000000e+06   1.68062433658633e-06   2.50103980505602e+01
   7.20004700000000e+06   1.69039060438081e-06   2.50304138330826e+01
   7.60004900000000e+06   1.60600529852672e-06   2.50584359286114e+01
   8.00005200000000e+06   1.65406686392089e-06   2.50504296156035e+01
   8.40005400000000e+06   1.62320759500290e-06   2.50984674936472e+01
   8.80005700000000e+06   1.90018567991501e-06   2.50944643371439e+01
   9.20006000000000e+06   1.79354117335606e-06   2.50184043635693e+01
   9.60006200000000e+06   1.84942211944872e-06   2.50784517111300e+01
   4.22295740000000e+07   1.65562771144323e-04   2.50944643371439e+01
   4.26295760000000e+07   1.71781016433670e-06   2.51304927456713e+01
   4.30295790000000e+07   1.45955323205271e-06   2.51865369367039e+01
   4.34295820000000e+07   1.77945935320167e-06   2.51264895891685e+01
   4.38295840000000e+07   1.45665012496465e-06   2.50984674936472e+01
   4.42295870000000e+07   1.68203303019254e-06   2.50704453981228e+01
   4.46295890000000e+07   1.53453015627747e-06   2.51024706501504e+01
   4.50295920000000e+07   1.19827507205628e-06   2.51344959021740e+01
   4.54295950000000e+07   1.77887716290570e-06   2.50224075200738e+01
   4.58295970000000e+07   1.29156637740380e-06   2.50544327721075e+01
   4.62296000000000e+07   1.53102519107051e-06   2.49743696420159e+01
   4.66296020000000e+07   1.66112295119092e-06   2.50063948940555e+01
   4.70296050000000e+07   1.57679733092664e-06   2.49863791115312e+01
   4.74296070000000e+07   1.89725062682555e-06   2.49903822680362e+01
   4.78296100000000e+07   1.54160488818889e-06   2.49663633290053e+01
   4.82296130000000e+07   1.79431879132608e-06   2.49503507029835e+01
   4.86296150000000e+07   2.00727595256467e-06   2.49943854245411e+01
   4.90296180000000e+07   1.84360658295191e-06   2.50063948940555e+01
   4.94296200000000e+07   2.18925083572685e-06   2.49663633290053e+01
   4.98296230000000e+07   1.92013226296694e-06   2.49303349204548e+01
   5.02296260000000e+07   2.08837491300073e-06   2.50984674936472e+01
   5.06296280000000e+07   2.01312423087074e-06   2.50904611806405e+01
   5.10296310000000e+07   1.78427114860824e-06   2.50224075200738e+01
   5.14296330000000e+07   2.11622887036356e-06   2.50144012070648e+01
   5.18296360000000e+07   1.79044343440182e-06   2.50784517111300e+01
   9.58672490000000e+07   1.82150266482495e-04   2.49783727985210e+01
   9.62672510000000e+07   1.86330669293966e-06   2.49903822680362e+01
   9.66672540000000e+07   2.29322358791251e-06   2.49543538594890e+01
   9.70672560000000e+07   2.23891015593836e-06   2.48903033553927e+01
   9.74672590000000e+07   2.49870254265261e-06   2.50344169895869e+01
   9.78672620000000e+07   2.31794388128037e-06   2.51024706501504e+01
   9.82672640000000e+07   2.38321285905840e-06   2.50103980505602e+01
   9.86672670000000e+07   2.09963923225587e-06   2.50144012070648e+01
   9.90672690000000e+07   1.79478206518979e-06   2.49423443899722e+01
   9.94672720000000e+07   2.10783377951884e-06   2.49983885810460e+01
   9.98672750000000e+07   1.86469605978345e-06   2.50184043635693e+01
   1.00267277000000e+08   1.95334223462851e-06   2.50624390851152e+01
   1.00667280000000e+08   1.81387019893009e-06   2.50063948940555e+01
   1.01067282000000e+08   1.58496391122753e-06   2.50264106765782e+01
   1.01467285000000e+08   1.84902978617174e-06   2.50744485546264e+01
   1.01867287000000e+08   1.62131209435756e-06   2.50464264590994e+01
   1.02267290000000e+08   1.71385136127356e-06   2.50664422416190e+01
   1.02667293000000e+08   1.49217316902650e-06   2.50304138330826e+01
   1.03067295000000e+08   1.36463643229945e-06   2.50664422416190e+01
   1.03467298000000e+08   1.55193322370906e-06   2.50304138330826e+01
   1.03867300000000e+08   1.31519743717945e-06   2.49663633290053e+01
   1.04267303000000e+08   1.38907387281506e-06   2.50063948940555e+01
   1.04667306000000e+08   1.57007434609113e-06   2.49583570159945e+01
   1.05067308000000e+08   1.45527258155198e-06   2.49183254509368e+01
   1.05467311000000e+08   1.59024193635560e-06   2.49303349204548e+01
   1.49092370000000e+08   2.22425311221741e-04   2.50464264590994e+01
   1.49492372000000e+08   2.77416893368354e-06   2.50424233025953e+01
   1.49892375000000e+08   2.31239596359956e-06   2.49983885810460e+01
   1.50292378000000e+08   2.80534959529177e-06   2.50944643371439e+01
   1.50692380000000e+08   2.52101131081872e-06   2.50224075200738e+01
   1.51092383000000e+08   2.40216786551173e-06   2.50344169895869e+01
   1.51492385000000e+08   2.36388359553530e-06   2.50584359286114e+01
   1.51892388000000e+08   2.27766872740176e-06   2.49983885810460e+01
   1.52292391000000e+08   2.72407851298340e-06   2.50424233025953e+01
   1.52692393000000e+08   1.20310312468064e-06   2.50544327721075e+01
   1.53092396000000e+08   1.14818385554827e-06   2.50904611806405e+01
   1.53492398000000e+08   1.43412671604892e-06   2.50624390851152e+01
   1.53892401000000e+08   1.05076344425470e-06   2.50184043635693e+01
   1.54292403000000e+08   1.27941757455119e-06   2.50103980505602e+01
   1.54692406000000e+08   1.32596142066177e-06   2.49183254509368e+01
   1.55092409000000e+08   1.79861683591298e-06   2.49663633290053e+01
   1.55492411000000e+08   1.43710053635004e-06   2.49583570159945e+01
   1.55892414000000e+08   1.28300303003925e-06   2.50304138330826e+01
   1.56292416000000e+08   1.78472771494853e-06   2.50384201460911e+01
   1.56692419000000e+08   1.12281259134761e-06   2.49903822680362e+01
   1.57092422000000e+08   9.68462018136051e-07   2.49663633290053e+01
   1.57492424000000e+08   1.25391579786083e-06   2.49063159814183e+01
   1.57892427000000e+08   1.00529643987102e-06   2.49543538594890e+01
   1.58292429000000e+08   1.27356815937674e-06   2.50464264590994e+01
   1.58692432000000e+08   1.68220219620707e-06   2.49663633290053e+01
   1.93523566000000e+08   1.50725274579599e-04   2.51224864326656e+01
   1.93923569000000e+08   1.69238842318009e-06   2.50824548676336e+01
   1.94323572000000e+08   1.46185436733504e-06   2.51505085281844e+01
   1.94723574000000e+08   1.03273441709462e-06   2.50023917375508e+01
   1.95123577000000e+08   6.62614695556840e-07   2.50384201460911e+01
   1.95523579000000e+08   7.98903897702985e-07   2.51184832761627e+01
   1.95923582000000e+08   5.89848411891580e-07   2.49863791115312e+01
   1.96323585000000e+08   7.65741049235658e-07   2.50264106765782e+01
   1.96723587000000e+08   1.41693317345926e-06   2.50464264590994e+01
   1.97123590000000e+08   1.26833776903368e-06   2.49903822680362e+01
   1.97523592000000e+08   1.37732104121824e-06   2.50384201460911e+01
   1.97923595000000e+08   1.48531421473308e-06   2.50544327721075e+01
   1.98323597000000e+08   1.32870593461121e-06   2.51104769631567e+01
   1.98723600000000e+08   2.43950330514053e-06   2.50504296156035e+01
   1.99123603000000e+08   2.32684715228970e-06   2.51705243106959e+01
   1.99523605000000e+08   2.64245750258851e-06   2.50344169895869e+01
   1.99923608000000e+08   2.54677729571995e-06   2.50464264590994e+01
   2.00323610000000e+08   2.38504935623496e-06   2.50824548676336e+01
   2.00723613000000e+08   2.46316926677537e-06   2.50824548676336e+01
   2.01123616000000e+08   2.17801311919175e-06   2.51224864326656e+01
   2.01523618000000e+08   2.18577702071343e-06   2.51825337802020e+01
   2.01923621000000e+08   2.28934868573560e-06   2.50704453981228e+01
   2.02323623000000e+08   2.03048034563835e-06   2.51064738066536e+01
   2.02723626000000e+08   1.60175864039047e-06   2.51384990586767e+01
   2.03123629000000e+08   1.26639963582420e-06   2.50984674936472e+01
