   4.00002000000000e+05   1.84108773737535e-06   2.51104769631567e+01
   8.00005000000000e+05   1.77910123966285e-06   2.49783727985210e+01
   1.20000800000000e+06   1.77837000592262e-06   2.50344169895869e+01
   1.60001000000000e+06   1.95259121937852e-06   2.50864580241371e+01
   2.00001300000000e+06   1.66389168043679e-06   2.51184832761627e+01
   2.40001500000000e+06   2.03457489078573e-06   2.51585148411891e+01
   2.80001800000000e+06   1.96215023606783e-06   2.51104769631567e+01
   3.20002100000000e+06   2.00801719074661e-06   2.50944643371439e+01
   3.60002300000000e+06   2.05958076548995e-06   2.51425022151793e+01
   4.00002600000000e+06   1.92602396964503e-06   2.50063948940555e+01
   4.40002800000000e+06   1.87149942121323e-06   2.50584359286114e+01
   4.80003100000000e+06   1.49394122672675e-06   2.50824548676336e+01
   5.20003400000000e+06   1.51542099047219e-06   2.50344169895869e+01
   5.60003600000000e+06   1.62458218255779e-06   2.49983885810460e+01
   6.00003900000000e+06   1.48183301007521e-06   2.50984674936472e+01
   6.40004100000000e+06   1.48375033859338e-06   2.50144012070648e+01
   6.80004400000000e+06   1.17026763746253e-06   2.50103980505602e+01
   7.20004700000000e+06   1.26790939702914e-06   2.50944643371439e+01
   7.60004900000000e+06   1.30308967527526e-06   2.51144801196597e+01
   8.00005200000000e+06   1.13218300157314e-06   2.50904611806405e+01
   8.40005400000000e+06   1.60212596256315e-06   2.50264106765782e+01
   8.80005700000000e+06   1.72503007433988e-06   2.50304138330826e+01
   9.20006000000000e+06   1.74903482275113e-06   2.50063948940555e+01
   9.60006200000000e+06   1.85118085482827e-06   2.50584359286114e+01
   4.21049350000000e+07  -2.10322462953627e-03   2.50784517111300e+01
   4.25049380000000e+07   1.98164707398973e-06   2.50864580241371e+01
   4.29049400000000e+07   1.86812962965632e-06   2.50544327721075e+01
   4.33049430000000e+07   1.27581074593763e-06   2.50184043635693e+01
   4.37049460000000e+07   2.63635956798680e-06   2.49863791115312e+01
   4.41049480000000e+07   1.93018877325812e-06   2.50103980505602e+01
   4.45049510000000e+07   2.09122435990139e-06   2.51545116846868e+01
   4.49049530000000e+07   1.96258224605117e-06   2.50504296156035e+01
   4.53049560000000e+07   1.37510994591139e-06   2.51104769631567e+01
   4.57049580000000e+07   2.51169103648863e-06   2.50584359286114e+01
   4.61049610000000e+07   2.01918714992644e-06   2.51465053716819e+01
   4.65049640000000e+07   1.94250537788321e-06   2.51224864326656e+01
   4.69049660000000e+07   1.90572154679103e-06   2.50784517111300e+01
   4.73049690000000e+07   1.19956348498818e-06   2.51665211541937e+01
   4.77049710000000e+07   2.41935458689113e-06   2.51425022151793e+01
   4.81049740000000e+07   1.79390190169215e-06   2.50744485546264e+01
   4.85049770000000e+07   2.19565094994323e-06   2.50864580241371e+01
   4.89049790000000e+07   2.23528627429914e-06   2.50624390851152e+01
   4.93049820000000e+07   1.58754232870706e-06   2.51024706501504e+01
   4.97049840000000e+07   2.64643108494056e-06   2.49783727985210e+01
   5.01049870000000e+07   2.02076353161829e-06   2.50584359286114e+01
   5.05049900000000e+07   1.93233950085414e-06   2.50023917375508e+01
   5.09049920000000e+07   1.98214002011809e-06   2.50344169895869e+01
   5.13049950000000e+07   1.22516701139830e-06   2.50504296156035e+01
   5.17049970000000e+07   2.14875331039366e-06   2.50464264590994e+01
   9.53876310000000e+07   4.69769956544042e-03   2.50264106765782e+01
   9.57876330000000e+07   2.14309102375410e-06   2.49783727985210e+01
   9.61876360000000e+07   2.24752352551150e-06   2.50264106765782e+01
   9.65876380000000e+07   9.66344259722973e-07   2.50264106765782e+01
   9.69876410000000e+07   2.02811361305066e-06   2.49983885810460e+01
   9.73876440000000e+07   1.81327379777940e-06   2.49583570159945e+01
   9.77876460000000e+07   2.78692391475488e-06   2.50544327721075e+01
   9.81876490000000e+07   2.61256377598329e-06   2.50424233025953e+01
   9.85876510000000e+07   8.75302760050545e-07   2.50344169895869e+01
   9.89876540000000e+07   1.65808103247400e-06   2.50904611806405e+01
   9.93876570000000e+07   1.43369129546045e-06   2.50584359286114e+01
   9.97876590000000e+07   2.37345579989778e-06   2.49383412334665e+01
   1.00187662000000e+08   2.27653208639822e-06   2.50744485546264e+01
   1.00587664000000e+08   8.52872460654908e-07   2.50824548676336e+01
   1.00987667000000e+08   1.40856536745559e-06   2.50504296156035e+01
   1.01387670000000e+08   1.28130500343104e-06   2.50744485546264e+01
   1.01787672000000e+08   2.01109332920169e-06   2.51184832761627e+01
   1.02187675000000e+08   2.20397760131164e-06   2.50984674936472e+01
   1.02587677000000e+08   8.05462036623794e-07   2.50944643371439e+01
   1.02987680000000e+08   1.54352233039390e-06   2.49983885810460e+01
   1.03387683000000e+08   1.10388180019072e-06   2.50264106765782e+01
   1.03787685000000e+08   2.02149522010586e-06   2.49623601725000e+01
   1.04187688000000e+08   2.09587051358540e-06   2.49183254509368e+01
   1.04587690000000e+08   9.59679141487868e-07   2.50023917375508e+01
   1.04987693000000e+08   1.45485421398917e-06   2.50304138330826e+01
   1.48449445000000e+08  -4.30079968646169e-03   2.51104769631567e+01
   1.48849447000000e+08   2.75172874353302e-06   2.50664422416190e+01
   1.49249450000000e+08   1.85624253390415e-06   2.51304927456713e+01
   1.49649453000000e+08   2.60276578956109e-06   2.49743696420159e+01
   1.50049455000000e+08   2.26912038669980e-06   2.49623601725000e+01
   1.50449458000000e+08   2.05256492336048e-06   2.50864580241371e+01
   1.50849460000000e+08   2.82650921690220e-06   2.51064738066536e+01
   1.51249463000000e+08   1.96740052160749e-06   2.51064738066536e+01
   1.51649466000000e+08   2.76474270322069e-06   2.51064738066536e+01
   1.52049468000000e+08   2.33996092902089e-06   2.49463475464779e+01
   1.52449471000000e+08   1.84850023288163e-06   2.50304138330826e+01
   1.52849473000000e+08   2.31594958677306e-06   2.50584359286114e+01
   1.53249476000000e+08   1.46775300891022e-06   2.51905400932058e+01
   1.53649479000000e+08   2.24734549192362e-06   2.52065527192126e+01
   1.54049481000000e+08   1.88832700587227e-06   2.50704453981228e+01
   1.54449484000000e+08   1.33394621570915e-06   2.49823759550261e+01
   1.54849486000000e+08   1.69161125995743e-06   2.50304138330826e+01
   1.55249489000000e+08   9.76068577074329e-07   2.51144801196597e+01
   1.55649492000000e+08   1.65041876698524e-06   2.50264106765782e+01
   1.56049494000000e+08   1.39167764245940e-06   2.50624390851152e+01
   1.56449497000000e+08   1.27855412301869e-06   2.49223286074429e+01
   1.56849499000000e+08   1.89449463050551e-06   2.50023917375508e+01
   1.57249502000000e+08   1.20196352781932e-06   2.50664422416190e+01
   1.57649505000000e+08   1.87530281436921e-06   2.50544327721075e+01
   1.58049507000000e+08   1.72202294379531e-06   2.50784517111300e+01
   1.93042334000000e+08   2.41102534346282e-03   2.50144012070648e+01
   1.93442337000000e+08   7.44112014672282e-07   2.50224075200738e+01
   1.93842339000000e+08   1.05857725429814e-06   2.49263317639489e+01
   1.94242342000000e+08   8.59373869843694e-07   2.50864580241371e+01
   1.94642345000000e+08   2.19197204387456e-06   2.50344169895869e+01
   1.95042347000000e+08   1.48350181916612e-06   2.49503507029835e+01
   1.95442350000000e+08   1.54631436544150e-06   2.50023917375508e+01
   1.95842352000000e+08   1.64533798852062e-06   2.49103191379245e+01
   1.96242355000000e+08   1.55997850015410e-06   2.50063948940555e+01
   1.96642358000000e+08   2.19376079257927e-06   2.49703664855106e+01
   1.97042360000000e+08   1.50329617554235e-06   2.50704453981228e+01
   1.97442363000000e+08   1.45850435728789e-06   2.50344169895869e+01
   1.97842365000000e+08   1.92555671674199e-06   2.50584359286114e+01
   1.98242368000000e+08   1.45106105264858e-06   2.50584359286114e+01
   1.98642371000000e+08   2.43429735746759e-06   2.50304138330826e+01
   1.99042373000000e+08   1.62513890700211e-06   2.49423443899722e+01
   1.99442376000000e+08   1.64307346040005e-06   2.50624390851152e+01
   1.99842378000000e+08   2.00560293706076e-06   2.50464264590994e+01
   2.00242381000000e+08   1.67918926763377e-06   2.49703664855106e+01
   2.00642384000000e+08   2.74336662187125e-06   2.49383412334665e+01
   2.01042386000000e+08   1.93460414266156e-06   2.49903822680362e+01
   2.01442389000000e+08   2.05895867111394e-06   2.50544327721075e+01
   2.01842391000000e+08   2.51159599429229e-06   2.49583570159945e+01
   2.02242394000000e+08   1.91642106983636e-06   2.50464264590994e+01
   2.02642396000000e+08   2.78510810858279e-06   2.50384201460911e+01
