   4.00003000000000e+05   2.23954384637182e-06   2.50584359286114e+01
   8.00005000000000e+05   2.00099157154909e-06   2.49983885810460e+01
   1.20000800000000e+06   2.07715515898599e-06   2.50424233025953e+01
   1.60001100000000e+06   2.06697995963623e-06   2.49703664855106e+01
   2.00001300000000e+06   1.66268227985711e-06   2.50023917375508e+01
   2.40001600000000e+06   1.87437979093374e-06   2.50224075200738e+01
   2.80001800000000e+06   1.83066117642738e-06   2.49303349204548e+01
   3.20002100000000e+06   1.70914699992863e-06   2.50664422416190e+01
   3.60002400000000e+06   2.07325547307846e-06   2.50584359286114e+01
   4.00002600000000e+06   1.94414678844623e-06   2.50184043635693e+01
   4.40002900000000e+06   2.37250742429751e-06   2.50664422416190e+01
   4.80003100000000e+06   2.16464763980184e-06   2.49983885810460e+01
   5.20003400000000e+06   2.03188346858951e-06   2.50544327721075e+01
   5.60003700000000e+06   2.34002436627634e-06   2.49703664855106e+01
   6.00003900000000e+06   1.83222334726452e-06   2.50304138330826e+01
   6.40004200000000e+06   2.04062007469474e-06   2.51304927456713e+01
   6.80004400000000e+06   2.06310187422787e-06   2.50424233025953e+01
   7.20004700000000e+06   1.77759363850782e-06   2.50063948940555e+01
   7.60005000000000e+06   2.28927501666476e-06   2.51024706501504e+01
   8.00005200000000e+06   1.90942364497459e-06   2.50584359286114e+01
   8.40005500000000e+06   2.24937934945046e-06   2.49983885810460e+01
   8.80005700000000e+06   2.20646120396850e-06   2.50504296156035e+01
   9.20006000000000e+06   2.00176395992457e-06   2.50224075200738e+01
   9.60006300000000e+06   2.26856786866847e-06   2.50224075200738e+01
   4.21712150000000e+07  -2.06233724020422e-03   2.49703664855106e+01
   4.25712180000000e+07   1.51508436374570e-06   2.51104769631567e+01
   4.29712210000000e+07   2.19982212001923e-06   2.50384201460911e+01
   4.33712230000000e+07   1.65705046129005e-06   2.50824548676336e+01
   4.37712260000000e+07   1.20480891041552e-07   2.50184043635693e+01
   4.41712280000000e+07   2.99246153190325e-06   2.49943854245411e+01
   4.45712310000000e+07   1.80012716555211e-06   2.49903822680362e+01
   4.49712340000000e+07   2.51723895416944e-06   2.50384201460911e+01
   4.53712360000000e+07   1.66248923960666e-06   2.50063948940555e+01
   4.57712390000000e+07   5.15205783813144e-07   2.50103980505602e+01
   4.61712410000000e+07   2.94730784844432e-06   2.50584359286114e+01
   4.65712440000000e+07   1.71226179190853e-06   2.49423443899722e+01
   4.69712470000000e+07   2.28898443310754e-06   2.49223286074429e+01
   4.73712490000000e+07   1.45282831454097e-06   2.49583570159945e+01
   4.77712520000000e+07   7.46876139601227e-07   2.49903822680362e+01
   4.81712540000000e+07   3.05386515719874e-06   2.50544327721075e+01
   4.85712570000000e+07   1.73392311353382e-06   2.50504296156035e+01
   4.89712600000000e+07   2.25507255890989e-06   2.49383412334665e+01
   4.93712620000000e+07   1.26369207009702e-06   2.50344169895869e+01
   4.97712650000000e+07   1.07621031020244e-06   2.49223286074429e+01
   5.01712680000000e+07   3.16424961965822e-06   2.50063948940555e+01
   5.05712700000000e+07   1.68218548424193e-06   2.50424233025953e+01
   5.09712730000000e+07   2.23228084905713e-06   2.48903033553927e+01
   5.13712750000000e+07   1.44276475566585e-06   2.49103191379245e+01
   5.17712780000000e+07   1.45942885865225e-06   2.50103980505602e+01
   9.57413360000000e+07   4.62214974686503e-03   2.49863791115312e+01
   9.61413390000000e+07   1.17762749596295e-06   2.50224075200738e+01
   9.65413410000000e+07   2.06117738343892e-06   2.50704453981228e+01
   9.69413440000000e+07   1.15466953332088e-07   2.49743696420159e+01
   9.73413470000000e+07   2.00397698790766e-06   2.50624390851152e+01
   9.77413490000000e+07   2.03690046873817e-06   2.49623601725000e+01
   9.81413520000000e+07   1.49920344938437e-06   2.49663633290053e+01
   9.85413540000000e+07   2.40444774135540e-06   2.49943854245411e+01
   9.89413570000000e+07   6.23978053226892e-07   2.50864580241371e+01
   9.93413600000000e+07   2.49552454079094e-06   2.51344959021740e+01
   9.97413620000000e+07   2.10303051062510e-06   2.50664422416190e+01
   1.00141365000000e+08   1.67373809745186e-06   2.50504296156035e+01
   1.00541368000000e+08   2.47359821514692e-06   2.49943854245411e+01
   1.00941370000000e+08   7.53134372644126e-07   2.50023917375508e+01
   1.01341373000000e+08   2.84132124761527e-06   2.49823759550261e+01
   1.01741375000000e+08   2.02232126866875e-06   2.50023917375508e+01
   1.02141378000000e+08   1.72399393250089e-06   2.50504296156035e+01
   1.02541381000000e+08   2.14814645005390e-06   2.50744485546264e+01
   1.02941383000000e+08   9.72673660726286e-07   2.49903822680362e+01
   1.03341386000000e+08   2.77285403171845e-06   2.49583570159945e+01
   1.03741388000000e+08   1.82387645963900e-06   2.50784517111300e+01
   1.04141391000000e+08   1.60018271344597e-06   2.50864580241371e+01
   1.04541394000000e+08   2.01866214410984e-06   2.49703664855106e+01
   1.04941396000000e+08   9.42141639370675e-07   2.49983885810460e+01
   1.05341399000000e+08   2.55643703894748e-06   2.50224075200738e+01
   1.49137933000000e+08  -4.21365024521947e-03   2.51384990586767e+01
   1.49537936000000e+08   3.45474450114125e-06   2.50384201460911e+01
   1.49937938000000e+08   1.63535253250302e-06   2.51064738066536e+01
   1.50337941000000e+08   1.90175455827557e-06   2.51665211541937e+01
   1.50737944000000e+08   1.70647672348423e-06   2.50344169895869e+01
   1.51137946000000e+08   1.91279400496569e-06   2.50264106765782e+01
   1.51537949000000e+08   3.04912919091294e-06   2.49583570159945e+01
   1.51937951000000e+08   1.13755845632113e-06   2.50023917375508e+01
   1.52337954000000e+08   1.66618860930612e-06   2.50304138330826e+01
   1.52737957000000e+08   1.24081475405546e-06   2.50744485546264e+01
   1.53137959000000e+08   1.63062372848799e-06   2.49983885810460e+01
   1.53537962000000e+08   2.54705923907750e-06   2.50424233025953e+01
   1.53937964000000e+08   1.14527551886567e-06   2.50023917375508e+01
   1.54337967000000e+08   1.71811359450658e-06   2.50344169895869e+01
   1.54737970000000e+08   1.62914591328445e-06   2.49983885810460e+01
   1.55137972000000e+08   1.91540675587021e-06   2.50624390851152e+01
   1.55537975000000e+08   2.66757319877797e-06   2.50944643371439e+01
   1.55937977000000e+08   7.45855913919513e-07   2.50744485546264e+01
   1.56337980000000e+08   1.59608362082508e-06   2.51024706501504e+01
   1.56737983000000e+08   1.30587648072833e-06   2.51585148411891e+01
   1.57137985000000e+08   1.74688602783135e-06   2.51304927456713e+01
   1.57537988000000e+08   2.18156264963909e-06   2.50424233025953e+01
   1.57937990000000e+08   9.84873281595355e-07   2.50904611806405e+01
   1.58337993000000e+08   1.91227081813850e-06   2.50584359286114e+01
   1.58737996000000e+08   1.70957696354890e-06   2.50144012070648e+01
   1.93840160000000e+08   2.36676260828972e-03   2.49543538594890e+01
   1.94240162000000e+08   1.35412460622319e-06   2.50144012070648e+01
   1.94640165000000e+08   7.42098961836746e-07   2.50544327721075e+01
   1.95040168000000e+08   1.26272607303690e-06   2.50184043635693e+01
   1.95440170000000e+08   3.11908183903142e-06   2.49783727985210e+01
   1.95840173000000e+08   7.99576810095459e-07   2.50744485546264e+01
   1.96240175000000e+08   1.59309797709284e-06   2.50624390851152e+01
   1.96640178000000e+08   1.05985100162798e-06   2.49583570159945e+01
   1.97040181000000e+08   1.87308432941791e-06   2.50544327721075e+01
   1.97440183000000e+08   3.19685659633251e-06   2.50344169895869e+01
   1.97840186000000e+08   1.02632395737601e-06   2.49623601725000e+01
   1.98240188000000e+08   2.06735398933233e-06   2.51184832761627e+01
   1.98640191000000e+08   1.56778753535036e-06   2.51104769631567e+01
   1.99040194000000e+08   2.43518616116489e-06   2.50304138330826e+01
   1.99440196000000e+08   3.28795522364089e-06   2.50103980505602e+01
   1.99840199000000e+08   1.05860488019971e-06   2.50063948940555e+01
   2.00240201000000e+08   2.14581950785941e-06   2.50704453981228e+01
   2.00640204000000e+08   1.69287022799836e-06   2.50984674936472e+01
   2.01040207000000e+08   2.57727015195997e-06   2.50384201460911e+01
   2.01440209000000e+08   3.06602532873512e-06   2.50424233025953e+01
   2.01840212000000e+08   8.07113792689051e-07   2.49423443899722e+01
   2.02240214000000e+08   1.93174014384567e-06   2.50103980505602e+01
   2.02640217000000e+08   1.63712888934242e-06   2.50304138330826e+01
   2.03040220000000e+08   2.46055765273923e-06   2.49663633290053e+01
   2.03440222000000e+08   2.64040977526747e-06   2.49903822680362e+01
