   4.00003000000000e+05   2.13371458812617e-06   2.49383412334665e+01
   8.00006000000000e+05   2.48562605520419e-06   2.50264106765782e+01
   1.20000800000000e+06   2.49032837018603e-06   2.49303349204548e+01
   1.60001100000000e+06   2.73938144346175e-06   2.49423443899722e+01
   2.00001300000000e+06   2.44915736402618e-06   2.50384201460911e+01
   2.40001600000000e+06   2.68194412456069e-06   2.49943854245411e+01
   2.80001900000000e+06   2.55461145570735e-06   2.49583570159945e+01
   3.20002100000000e+06   2.53832627095107e-06   2.50184043635693e+01
   3.60002400000000e+06   2.66740244114771e-06   2.50544327721075e+01
   4.00002700000000e+06   2.49621007242240e-06   2.50224075200738e+01
   4.40002900000000e+06   2.55479017141624e-06   2.49263317639489e+01
   4.80003200000000e+06   1.97640406440769e-06   2.50184043635693e+01
   5.20003400000000e+06   1.81587063252664e-06   2.49903822680362e+01
   5.60003700000000e+06   2.01232182917011e-06   2.49823759550261e+01
   6.00004000000000e+06   1.74066144609242e-06   2.49583570159945e+01
   6.40004200000000e+06   2.00606564249028e-06   2.49143222944307e+01
   6.80004500000000e+06   1.79455685156427e-06   2.49943854245411e+01
   7.20004700000000e+06   1.81799020992912e-06   2.49823759550261e+01
   7.60005000000000e+06   1.92600850823510e-06   2.50103980505602e+01
   8.00005300000000e+06   1.68870167271962e-06   2.49863791115312e+01
   8.40005500000000e+06   1.92168840840168e-06   2.49903822680362e+01
   8.80005800000000e+06   1.70764292306558e-06   2.49743696420159e+01
   9.20006000000000e+06   1.65838821430953e-06   2.50504296156035e+01
   9.60006300000000e+06   1.82227950062952e-06   2.48822970423795e+01
   4.21309390000000e+07   1.33425288368016e-04   2.50264106765782e+01
   4.25309410000000e+07   1.67163875630649e-06   2.49783727985210e+01
   4.29309440000000e+07   1.52677046116878e-06   2.49583570159945e+01
   4.33309470000000e+07   1.87833086329192e-06   2.49943854245411e+01
   4.37309490000000e+07   1.72831175859756e-06   2.49543538594890e+01
   4.41309520000000e+07   1.56856788180448e-06   2.49623601725000e+01
   4.45309540000000e+07   1.81148220690375e-06   2.49903822680362e+01
   4.49309570000000e+07   1.42125031743490e-06   2.50784517111300e+01
   4.53309600000000e+07   1.61657169428508e-06   2.50144012070648e+01
   4.57309620000000e+07   1.53612074882403e-06   2.50063948940555e+01
   4.61309650000000e+07   1.48592744153575e-06   2.51024706501504e+01
   4.65309670000000e+07   1.98963221009762e-06   2.51665211541937e+01
   4.69309700000000e+07   1.91350522982248e-06   2.51465053716819e+01
   4.73309730000000e+07   2.20373431147891e-06   2.50184043635693e+01
   4.77309750000000e+07   2.21295636038121e-06   2.50824548676336e+01
   4.81309780000000e+07   1.98107591131702e-06   2.50824548676336e+01
   4.85309800000000e+07   2.27287159759726e-06   2.50384201460911e+01
   4.89309830000000e+07   2.05450828616449e-06   2.50063948940555e+01
   4.93309860000000e+07   2.24244968194398e-06   2.49303349204548e+01
   4.97309880000000e+07   2.16466878555366e-06   2.50184043635693e+01
   5.01309910000000e+07   1.99380565391039e-06   2.49303349204548e+01
   5.05309940000000e+07   2.45607338911213e-06   2.50063948940555e+01
   5.09309960000000e+07   2.29245119953703e-06   2.49183254509368e+01
   5.13309990000000e+07   2.38951997744152e-06   2.49663633290053e+01
   5.17310010000000e+07   2.47018124355236e-06   2.49783727985210e+01
   9.56752710000000e+07   2.07450168090872e-04   2.51425022151793e+01
   9.60752730000000e+07   2.08575352189655e-06   2.51064738066536e+01
   9.64752760000000e+07   1.87094769898977e-06   2.50023917375508e+01
   9.68752780000000e+07   2.05016908694233e-06   2.50944643371439e+01
   9.72752810000000e+07   1.54515987560444e-06   2.50424233025953e+01
   9.76752840000000e+07   2.05371452466352e-06   2.50624390851152e+01
   9.80752860000000e+07   1.77365154740983e-06   2.50384201460911e+01
   9.84752890000000e+07   1.47712864873029e-06   2.48382623208026e+01
   9.88752910000000e+07   1.46225079333817e-06   2.48542749468314e+01
   9.92752940000000e+07   9.34723288992245e-07   2.50344169895869e+01
   9.96752970000000e+07   1.33329342588695e-06   2.50264106765782e+01
   1.00075299000000e+08   1.09078860077716e-06   2.49743696420159e+01
   1.00475302000000e+08   1.29473960441828e-06   2.49783727985210e+01
   1.00875304000000e+08   1.87301714049681e-06   2.49743696420159e+01
   1.01275307000000e+08   1.63889410487172e-06   2.51024706501504e+01
   1.01675310000000e+08   1.91113576875068e-06   2.49943854245411e+01
   1.02075312000000e+08   1.86345812380750e-06   2.49583570159945e+01
   1.02475315000000e+08   1.68792757904157e-06   2.50023917375508e+01
   1.02875317000000e+08   1.88925446309440e-06   2.50384201460911e+01
   1.03275320000000e+08   1.50958499034459e-06   2.50544327721075e+01
   1.03675323000000e+08   1.90330126770277e-06   2.49983885810460e+01
   1.04075325000000e+08   1.66306949722639e-06   2.50224075200738e+01
   1.04475328000000e+08   1.66073971286096e-06   2.49823759550261e+01
   1.04875330000000e+08   1.71952888194937e-06   2.50304138330826e+01
   1.05275333000000e+08   1.53809446601372e-06   2.50664422416190e+01
   1.49197360000000e+08   1.95100117707625e-04   2.50384201460911e+01
   1.49597363000000e+08   1.94670951714215e-06   2.49863791115312e+01
   1.49997366000000e+08   2.09632116821012e-06   2.49983885810460e+01
   1.50397368000000e+08   2.06505319511052e-06   2.50384201460911e+01
   1.50797371000000e+08   2.47604407377366e-06   2.50504296156035e+01
   1.51197373000000e+08   2.15379463952559e-06   2.49783727985210e+01
   1.51597376000000e+08   2.70303212346334e-06   2.50184043635693e+01
   1.51997379000000e+08   2.29576403398823e-06   2.50103980505602e+01
   1.52397381000000e+08   2.34747744798369e-06   2.50824548676336e+01
   1.52797384000000e+08   2.30431442105328e-06   2.49863791115312e+01
   1.53197386000000e+08   2.25417488763924e-06   2.50824548676336e+01
   1.53597389000000e+08   2.26356769417180e-06   2.50864580241371e+01
   1.53997392000000e+08   1.97132385437726e-06   2.50784517111300e+01
   1.54397394000000e+08   2.23147526412504e-06   2.50584359286114e+01
   1.54797397000000e+08   1.58805835326348e-06   2.50904611806405e+01
   1.55197400000000e+08   1.33533023927157e-06   2.50784517111300e+01
   1.55597402000000e+08   1.15971226932743e-06   2.50944643371439e+01
   1.55997405000000e+08   1.73493526745006e-06   2.51304927456713e+01
   1.56397407000000e+08   1.32415846110234e-06   2.51745274671980e+01
   1.56797410000000e+08   1.29914917579299e-06   2.49663633290053e+01
   1.57197413000000e+08   1.29218324218527e-06   2.50304138330826e+01
   1.57597415000000e+08   1.72360523720272e-06   2.49743696420159e+01
   1.57997418000000e+08   1.09683310256514e-06   2.49503507029835e+01
   1.58397420000000e+08   1.17771526220167e-06   2.50264106765782e+01
   1.58797423000000e+08   1.29962279515894e-06   2.49863791115312e+01
   1.93792321000000e+08   1.67187725310214e-04   2.50544327721075e+01
   1.94192324000000e+08   2.20222182178986e-06   2.49943854245411e+01
   1.94592327000000e+08   2.33617424783006e-06   2.50023917375508e+01
   1.94992329000000e+08   2.33875107369386e-06   2.50904611806405e+01
   1.95392332000000e+08   2.20496144720528e-06   2.51064738066536e+01
   1.95792334000000e+08   2.18813215724367e-06   2.49703664855106e+01
   1.96192337000000e+08   2.11118731385795e-06   2.49663633290053e+01
   1.96592340000000e+08   2.34747403737856e-06   2.50464264590994e+01
   1.96992342000000e+08   2.15606405618018e-06   2.50864580241371e+01
   1.97392345000000e+08   1.86294221293792e-06   2.51184832761627e+01
   1.97792347000000e+08   2.26544580073096e-06   2.51344959021740e+01
   1.98192350000000e+08   2.16920557249978e-06   2.51905400932058e+01
   1.98592353000000e+08   1.87756609193457e-06   2.51304927456713e+01
   1.98992355000000e+08   1.84823420568136e-06   2.50944643371439e+01
   1.99392358000000e+08   1.99903979591909e-06   2.51064738066536e+01
   1.99792360000000e+08   2.00527369997872e-06   2.50784517111300e+01
   2.00192363000000e+08   1.67480720847379e-06   2.51064738066536e+01
   2.00592366000000e+08   2.24281166083529e-06   2.50904611806405e+01
   2.00992368000000e+08   2.20882884605089e-06   2.50744485546264e+01
   2.01392371000000e+08   2.16232820093865e-06   2.49863791115312e+01
   2.01792373000000e+08   2.20685615204275e-06   2.49943854245411e+01
   2.02192376000000e+08   2.30200544137915e-06   2.50304138330826e+01
   2.02592379000000e+08   2.13146836358646e-06   2.50384201460911e+01
   2.02992381000000e+08   2.09122549676977e-06   2.50464264590994e+01
   2.03392384000000e+08   2.02149954020570e-06   2.49303349204548e+01
