   4.00002000000000e+05   2.15090881283686e-06   2.50504296156035e+01
   8.00005000000000e+05   2.12371378438547e-06   2.50704453981228e+01
   1.20000700000000e+06   2.18677473640128e-06   2.50504296156035e+01
   1.60001000000000e+06   2.17992601392325e-06   2.51024706501504e+01
   2.00001300000000e+06   2.27681175601901e-06   2.50224075200738e+01
   2.40001500000000e+06   2.31236799663748e-06   2.51144801196597e+01
   2.80001800000000e+06   2.34187496062077e-06   2.50023917375508e+01
   3.20002000000000e+06   2.31588023780205e-06   2.51465053716819e+01
   3.60002300000000e+06   2.18673653762380e-06   2.50344169895869e+01
   4.00002600000000e+06   2.16490707316552e-06   2.50184043635693e+01
   4.40002800000000e+06   1.95491361409950e-06   2.49503507029835e+01
   4.80003100000000e+06   2.06234926736215e-06   2.49663633290053e+01
   5.20003300000000e+06   1.92912943930423e-06   2.49903822680362e+01
   5.60003600000000e+06   1.81427901679854e-06   2.49023128249120e+01
   6.00003900000000e+06   1.36617495627434e-06   2.49903822680362e+01
   6.40004100000000e+06   1.28805129406828e-06   2.49663633290053e+01
   6.80004400000000e+06   1.40289841965568e-06   2.49903822680362e+01
   7.20004600000000e+06   1.34040396915225e-06   2.50624390851152e+01
   7.60004900000000e+06   1.50585378833057e-06   2.49863791115312e+01
   8.00005200000000e+06   1.83536008080409e-06   2.50944643371439e+01
   8.40005400000000e+06   1.82209225840779e-06   2.50464264590994e+01
   8.80005700000000e+06   1.84708255801525e-06   2.49823759550261e+01
   9.20005900000000e+06   1.80959307272133e-06   2.50184043635693e+01
   9.60006200000000e+06   1.77188974248566e-06   2.50624390851152e+01
   4.20446870000000e+07   2.40148743614554e-03   2.51104769631567e+01
   4.24446890000000e+07   1.99035434889083e-06   2.50904611806405e+01
   4.28446920000000e+07   6.60556509046728e-07   2.49823759550261e+01
   4.32446950000000e+07   2.52853237725503e-06   2.51104769631567e+01
   4.36446970000000e+07   1.50754385686014e-06   2.51184832761627e+01
   4.40447000000000e+07   1.00812394521199e-06   2.50744485546264e+01
   4.44447020000000e+07   2.33047467190772e-06   2.51184832761627e+01
   4.48447050000000e+07   9.10464336811856e-07   2.50184043635693e+01
   4.52447080000000e+07   2.70805571744859e-06   2.50224075200738e+01
   4.56447100000000e+07   1.55935879320168e-06   2.50023917375508e+01
   4.60447130000000e+07   1.25728365674149e-06   2.50824548676336e+01
   4.64447150000000e+07   2.34708500101988e-06   2.49903822680362e+01
   4.68447180000000e+07   1.06189804682799e-06   2.49783727985210e+01
   4.72447210000000e+07   2.58839827438351e-06   2.50224075200738e+01
   4.76447230000000e+07   2.07349012271152e-06   2.50384201460911e+01
   4.80447260000000e+07   1.60532636073185e-06   2.50264106765782e+01
   4.84447280000000e+07   2.91974106403359e-06   2.51024706501504e+01
   4.88447310000000e+07   1.46567367664829e-06   2.50184043635693e+01
   4.92447340000000e+07   3.14666203848901e-06   2.50023917375508e+01
   4.96447360000000e+07   1.98372936210944e-06   2.50304138330826e+01
   5.00447390000000e+07   1.34419599362445e-06   2.50664422416190e+01
   5.04447410000000e+07   2.42157352658978e-06   2.50464264590994e+01
   5.08447440000000e+07   1.14865849809576e-06   2.50304138330826e+01
   5.12447470000000e+07   2.43733984461869e-06   2.50264106765782e+01
   5.16447490000000e+07   1.65139181262930e-06   2.50624390851152e+01
   9.53245780000000e+07  -4.30229911580682e-03   2.49783727985210e+01
   9.57245800000000e+07   7.34044476757845e-07   2.50304138330826e+01
   9.61245830000000e+07   1.10821667931305e-06   2.50984674936472e+01
   9.65245850000000e+07   1.96767496163375e-06   2.50624390851152e+01
   9.69245880000000e+07   9.72041561908554e-07   2.49223286074429e+01
   9.73245910000000e+07   3.99900699221689e-07   2.49823759550261e+01
   9.77245930000000e+07   6.13154611528444e-07   2.50264106765782e+01
   9.81245960000000e+07   1.24678444990423e-06   2.50784517111300e+01
   9.85245980000000e+07   2.03362014872255e-06   2.49903822680362e+01
   9.89246010000000e+07   1.35302354919986e-06   2.51024706501504e+01
   9.93246030000000e+07   6.12898304552800e-07   2.50544327721075e+01
   9.97246060000000e+07   1.05756112134259e-06   2.51024706501504e+01
   1.00124609000000e+08   1.55212978825148e-06   2.51024706501504e+01
   1.00524611000000e+08   2.47652383222885e-06   2.49663633290053e+01
   1.00924614000000e+08   1.72489012584265e-06   2.50744485546264e+01
   1.01324616000000e+08   1.31451372453739e-06   2.50784517111300e+01
   1.01724619000000e+08   1.55353745867615e-06   2.50103980505602e+01
   1.02124622000000e+08   2.04727439268027e-06   2.49543538594890e+01
   1.02524624000000e+08   2.77106755675049e-06   2.50264106765782e+01
   1.02924627000000e+08   2.51377787208185e-06   2.50464264590994e+01
   1.03324629000000e+08   1.84084012744279e-06   2.49903822680362e+01
   1.03724632000000e+08   1.67700943620730e-06   2.50544327721075e+01
   1.04124635000000e+08   1.60677268468135e-06   2.49983885810460e+01
   1.04524637000000e+08   2.44098396251502e-06   2.50704453981228e+01
   1.04924640000000e+08   2.13934299608809e-06   2.50504296156035e+01
   1.48924155000000e+08   4.71020024269819e-03   2.49783727985210e+01
   1.49324158000000e+08   1.20533047720528e-06   2.50063948940555e+01
   1.49724160000000e+08   1.31234946820769e-06   2.49623601725000e+01
   1.50124163000000e+08   2.90752905129921e-06   2.49223286074429e+01
   1.50524165000000e+08   1.77734602857527e-06   2.50864580241371e+01
   1.50924168000000e+08   2.00653448700905e-06   2.49903822680362e+01
   1.51324171000000e+08   1.60158811013389e-06   2.50504296156035e+01
   1.51724173000000e+08   1.40868178277742e-06   2.49343380769607e+01
   1.52124176000000e+08   2.88258002001385e-06   2.49983885810460e+01
   1.52524178000000e+08   1.98435441234324e-06   2.50063948940555e+01
   1.52924181000000e+08   2.04267394110502e-06   2.49983885810460e+01
   1.53324183000000e+08   1.70354235251580e-06   2.50344169895869e+01
   1.53724186000000e+08   1.27986345432873e-06   2.49863791115312e+01
   1.54124189000000e+08   2.66462984654936e-06   2.50063948940555e+01
   1.54524191000000e+08   1.81354096184805e-06   2.49263317639489e+01
   1.54924194000000e+08   1.97443432625732e-06   2.49543538594890e+01
   1.55324196000000e+08   1.57817760282342e-06   2.49343380769607e+01
   1.55724199000000e+08   9.81844436864776e-07   2.50144012070648e+01
   1.56124202000000e+08   2.17457022699818e-06   2.50784517111300e+01
   1.56524204000000e+08   1.50482037497568e-06   2.50304138330826e+01
   1.56924207000000e+08   1.60621823397378e-06   2.50264106765782e+01
   1.57324209000000e+08   1.22562835258577e-06   2.49783727985210e+01
   1.57724212000000e+08   8.89774412371480e-07   2.50184043635693e+01
   1.58124215000000e+08   2.31168291975337e-06   2.49423443899722e+01
   1.58524217000000e+08   1.64040545769240e-06   2.49863791115312e+01
   1.93569466000000e+08  -2.08367500454187e-03   2.50144012070648e+01
   1.93969468000000e+08   2.69314068646054e-06   2.50864580241371e+01
   1.94369471000000e+08   3.29690692524309e-06   2.50023917375508e+01
   1.94769474000000e+08   1.59923069986689e-06   2.50464264590994e+01
   1.95169476000000e+08   2.43896215579298e-06   2.50784517111300e+01
   1.95569479000000e+08   1.24140410662221e-06   2.49423443899722e+01
   1.95969481000000e+08   1.80251470283110e-06   2.50744485546264e+01
   1.96369484000000e+08   2.58081536230748e-06   2.49903822680362e+01
   1.96769487000000e+08   8.02393685717107e-07   2.49903822680362e+01
   1.97169489000000e+08   1.61809941801039e-06   2.50304138330826e+01
   1.97569492000000e+08   5.90398087751964e-07   2.50344169895869e+01
   1.97969494000000e+08   1.68343524364900e-06   2.50504296156035e+01
   1.98369497000000e+08   2.45576165980310e-06   2.50264106765782e+01
   1.98769500000000e+08   7.98323128492484e-07   2.49743696420159e+01
   1.99169502000000e+08   1.42618512199988e-06   2.50304138330826e+01
   1.99569505000000e+08   5.38514257186762e-07   2.50103980505602e+01
   1.99969507000000e+08   1.01116449968686e-06   2.50023917375508e+01
   2.00369510000000e+08   1.81391521891783e-06   2.50384201460911e+01
   2.00769513000000e+08   2.19118390987205e-07   2.50304138330826e+01
   2.01169515000000e+08   8.91521381163329e-07   2.50784517111300e+01
   2.01569518000000e+08   4.05363422828486e-08   2.50664422416190e+01
   2.01969520000000e+08   6.58766794003895e-07   2.50144012070648e+01
   2.02369523000000e+08   1.49002937632758e-06   2.50784517111300e+01
   2.02769525000000e+08   5.23853067591062e-08   2.50224075200738e+01
   2.03169528000000e+08   6.15790668234695e-07   2.51505085281844e+01
