   4.00002000000000e+05   1.70361136042629e-06   2.49983885810460e+01
   8.00005000000000e+05   1.86424244930095e-06   2.51024706501504e+01
   1.20000700000000e+06   1.99922874344338e-06   2.49983885810460e+01
   1.60001000000000e+06   1.80742824795743e-06   2.49423443899722e+01
   2.00001300000000e+06   2.00369709091319e-06   2.50184043635693e+01
   2.40001500000000e+06   1.94768767869391e-06   2.49863791115312e+01
   2.80001800000000e+06   1.96815108211013e-06   2.49903822680362e+01
   3.20002000000000e+06   1.72047623436811e-06   2.49503507029835e+01
   3.60002300000000e+06   1.28985573155660e-06   2.49783727985210e+01
   4.00002500000000e+06   1.71674014382006e-06   2.49503507029835e+01
   4.40002800000000e+06   1.30793398511742e-06   2.48742907293661e+01
   4.80003100000000e+06   1.48901563079562e-06   2.50063948940555e+01
   5.20003300000000e+06   1.31926697122253e-06   2.49663633290053e+01
   5.60003600000000e+06   1.17514332487190e-06   2.50464264590994e+01
   6.00003800000000e+06   1.29971238038706e-06   2.49583570159945e+01
   6.40004100000000e+06   1.16006629014009e-06   2.49583570159945e+01
   6.80004400000000e+06   1.16026603791397e-06   2.49663633290053e+01
   7.20004600000000e+06   1.71147109995218e-06   2.49663633290053e+01
   7.60004900000000e+06   1.43571696753497e-06   2.49983885810460e+01
   8.00005100000000e+06   1.80756001100235e-06   2.49223286074429e+01
   8.40005400000000e+06   1.52477491610625e-06   2.50704453981228e+01
   8.80005700000000e+06   1.66225936482078e-06   2.50504296156035e+01
   9.20005900000000e+06   1.43491240578442e-06   2.50544327721075e+01
   9.60006200000000e+06   1.24766609133076e-06   2.49863791115312e+01
   4.25219870000000e+07  -2.06296239048243e-03   2.50063948940555e+01
   4.29219900000000e+07   2.85867076854629e-06   2.50464264590994e+01
   4.33219920000000e+07   1.36359858515789e-06   2.49743696420159e+01
   4.37219950000000e+07   9.97723645923543e-07   2.49783727985210e+01
   4.41219980000000e+07   1.80554741291417e-06   2.51104769631567e+01
   4.45220000000000e+07   2.15658860724943e-06   2.50704453981228e+01
   4.49220030000000e+07   2.66535312221095e-06   2.50344169895869e+01
   4.53220050000000e+07   1.49564095863752e-06   2.49943854245411e+01
   4.57220080000000e+07   1.18710238439235e-06   2.50144012070648e+01
   4.61220110000000e+07   2.20150513996487e-06   2.50864580241371e+01
   4.65220130000000e+07   2.30081991503539e-06   2.50264106765782e+01
   4.69220160000000e+07   2.72036754722649e-06   2.50023917375508e+01
   4.73220180000000e+07   1.45688363772933e-06   2.51104769631567e+01
   4.77220210000000e+07   1.39584824410122e-06   2.49503507029835e+01
   4.81220240000000e+07   2.22773724090075e-06   2.50464264590994e+01
   4.85220260000000e+07   2.39825385506265e-06   2.50063948940555e+01
   4.89220290000000e+07   2.51498136094597e-06   2.49823759550261e+01
   4.93220310000000e+07   1.24494283681997e-06   2.50344169895869e+01
   4.97220340000000e+07   1.31481192511274e-06   2.49503507029835e+01
   5.01220370000000e+07   2.23491952056065e-06   2.50544327721075e+01
   5.05220390000000e+07   2.17826823245559e-06   2.49943854245411e+01
   5.09220420000000e+07   2.27131658903090e-06   2.50184043635693e+01
   5.13220440000000e+07   1.12952579911507e-06   2.51384990586767e+01
   5.17220470000000e+07   1.54424424181343e-06   2.50023917375508e+01
   5.21220500000000e+07   2.22277367356583e-06   2.50224075200738e+01
   9.59085800000000e+07   4.63375030085444e-03   2.49103191379245e+01
   9.63085820000000e+07   2.45997898673522e-06   2.49983885810460e+01
   9.67085850000000e+07   9.01307430467568e-07   2.50824548676336e+01
   9.71085870000000e+07   2.49756840275950e-06   2.50424233025953e+01
   9.75085900000000e+07   2.43883437178738e-06   2.50344169895869e+01
   9.79085930000000e+07   1.12723637357703e-06   2.51264895891685e+01
   9.83085950000000e+07   1.94675271814049e-06   2.50023917375508e+01
   9.87085980000000e+07   7.45039756111510e-07   2.51104769631567e+01
   9.91086000000000e+07   2.31556282415113e-06   2.50464264590994e+01
   9.95086030000000e+07   2.36187861446524e-06   2.50784517111300e+01
   9.99086050000000e+07   9.78008529273211e-07   2.50264106765782e+01
   1.00308608000000e+08   1.97161398318713e-06   2.49783727985210e+01
   1.00708611000000e+08   7.64759363391931e-07   2.49223286074429e+01
   1.01108613000000e+08   2.16137664210692e-06   2.48822970423795e+01
   1.01508616000000e+08   1.70859198078688e-06   2.49063159814183e+01
   1.01908618000000e+08   5.82227528411750e-07   2.49223286074429e+01
   1.02308621000000e+08   1.50902224049787e-06   2.49583570159945e+01
   1.02708624000000e+08   3.24425911912840e-07   2.50063948940555e+01
   1.03108626000000e+08   2.03945432986075e-06   2.49903822680362e+01
   1.03508629000000e+08   1.57797660449432e-06   2.49183254509368e+01
   1.03908631000000e+08   6.11398263572482e-07   2.50184043635693e+01
   1.04308634000000e+08   1.44946852742578e-06   2.49943854245411e+01
   1.04708637000000e+08   5.76040122268751e-07   2.50864580241371e+01
   1.05108639000000e+08   2.31390208682569e-06   2.50264106765782e+01
   1.05508642000000e+08   2.03411286747723e-06   2.50184043635693e+01
   1.49287009000000e+08  -4.22564940527081e-03   2.49663633290053e+01
   1.49687012000000e+08   9.53784933699353e-07   2.50984674936472e+01
   1.50087014000000e+08   2.45186606662173e-06   2.50824548676336e+01
   1.50487017000000e+08   2.01713214664778e-06   2.49423443899722e+01
   1.50887020000000e+08  -4.82528491829726e-07   2.50664422416190e+01
   1.51287022000000e+08   2.41566453951236e-06   2.49703664855106e+01
   1.51687025000000e+08   9.39243250286381e-07   2.49663633290053e+01
   1.52087027000000e+08   2.19528692468884e-06   2.49903822680362e+01
   1.52487030000000e+08   1.79482094608829e-06   2.50624390851152e+01
   1.52887032000000e+08  -4.85752650547511e-07   2.49863791115312e+01
   1.53287035000000e+08   2.65669063992391e-06   2.49703664855106e+01
   1.53687038000000e+08   1.17430920454353e-06   2.49623601725000e+01
   1.54087040000000e+08   2.48213359554939e-06   2.50664422416190e+01
   1.54487043000000e+08   1.74866522684169e-06   2.49423443899722e+01
   1.54887045000000e+08  -1.12658049999936e-07   2.50744485546264e+01
   1.55287048000000e+08   3.19620153277356e-06   2.50103980505602e+01
   1.55687051000000e+08   1.58022294272087e-06   2.50464264590994e+01
   1.56087053000000e+08   2.80889685200236e-06   2.50704453981228e+01
   1.56487056000000e+08   1.85497390248202e-06   2.50504296156035e+01
   1.56887058000000e+08   5.90014508361492e-07   2.50023917375508e+01
   1.57287061000000e+08   3.11931216856465e-06   2.50264106765782e+01
   1.57687064000000e+08   1.33631397147838e-06   2.49783727985210e+01
   1.58087066000000e+08   2.51781307269994e-06   2.49863791115312e+01
   1.58487069000000e+08   1.53515861711639e-06   2.51144801196597e+01
   1.58887071000000e+08   5.35064145879005e-07   2.49903822680362e+01
   1.93800111000000e+08   2.37897504121065e-03   2.50504296156035e+01
   1.94200114000000e+08   2.70693112724985e-06   2.50584359286114e+01
   1.94600117000000e+08   1.02889168829279e-06   2.50424233025953e+01
   1.95000119000000e+08   1.81992305670065e-07   2.50264106765782e+01
   1.95400122000000e+08   2.18901095649926e-06   2.50304138330826e+01
   1.95800124000000e+08   1.58406487571483e-06   2.50063948940555e+01
   1.96200127000000e+08   2.64454683929216e-06   2.49143222944307e+01
   1.96600130000000e+08   8.51999118367530e-07   2.49703664855106e+01
   1.97000132000000e+08   5.49496007806738e-07   2.49863791115312e+01
   1.97400135000000e+08   2.47358752858418e-06   2.50344169895869e+01
   1.97800137000000e+08   1.96611495084653e-06   2.50824548676336e+01
   1.98200140000000e+08   2.69808560915408e-06   2.50864580241371e+01
   1.98600143000000e+08   1.10844189293857e-06   2.49263317639489e+01
   1.99000145000000e+08   9.22614788123610e-07   2.50103980505602e+01
   1.99400148000000e+08   2.89633339889406e-06   2.50264106765782e+01
   1.99800150000000e+08   2.12302347790683e-06   2.50063948940555e+01
   2.00200153000000e+08   2.82619112113025e-06   2.49863791115312e+01
   2.00600155000000e+08   1.22098219890177e-06   2.50424233025953e+01
   2.01000158000000e+08   1.48246556364029e-06   2.50424233025953e+01
   2.01400161000000e+08   3.11322764900979e-06   2.50584359286114e+01
   2.01800163000000e+08   2.32857382798102e-06   2.50184043635693e+01
   2.02200166000000e+08   2.83868712358526e-06   2.49623601725000e+01
   2.02600168000000e+08   1.45012177199533e-06   2.50984674936472e+01
   2.03000171000000e+08   1.65493679560313e-06   2.50264106765782e+01
   2.03400174000000e+08   2.83290364677669e-06   2.50944643371439e+01
