   4.00002000000000e+05   1.65615892910864e-06   2.46140855562924e+01
   8.00005000000000e+05   1.56621354108211e-06   2.48863001988861e+01
   1.20000700000000e+06   1.78264576788933e-06   2.51224864326656e+01
   1.60001000000000e+06   1.51586493757350e-06   2.52625969102287e+01
   2.00001300000000e+06   1.65390099482465e-06   2.53346537272316e+01
   2.40001500000000e+06   1.88535011602653e-06   2.52345748147222e+01
   2.80001800000000e+06   1.86232989562995e-06   2.52225653452185e+01
   3.20002000000000e+06   1.99902956410369e-06   2.47221707820631e+01
   3.60002300000000e+06   1.84806253855641e-06   2.51224864326656e+01
   4.00002600000000e+06   2.06781760425656e-06   2.46941486864974e+01
   4.40002800000000e+06   1.86268459856365e-06   2.52385779712233e+01
   4.80003100000000e+06   1.79318431037245e-06   2.50384201460911e+01
   5.20003300000000e+06   1.96505880012410e-06   2.51344959021740e+01
   5.60003600000000e+06   1.88264482403611e-06   2.54707610481822e+01
   6.00003900000000e+06   1.85723820322892e-06   2.47902244427099e+01
   6.40004100000000e+06   1.91503886526334e-06   2.50744485546264e+01
   6.80004400000000e+06   1.93772302736761e-06   2.45260161130376e+01
   7.20004600000000e+06   2.05976994038792e-06   2.46661265909285e+01
   7.60004900000000e+06   1.75959269199666e-06   2.47381834080993e+01
   8.00005200000000e+06   2.08966343961947e-06   2.54387357962002e+01
   8.40005400000000e+06   1.94750214177475e-06   2.49663633290053e+01
   8.80005700000000e+06   1.98321890820807e-06   2.52585937537280e+01
   9.20005900000000e+06   2.02991282094445e-06   2.55228020826445e+01
   9.60006200000000e+06   1.94063932212885e-06   2.49623601725000e+01
   4.22583570000000e+07   1.49950254126452e-04   2.49103191379245e+01
   4.26583590000000e+07   2.00097861124959e-06   2.47341802515904e+01
   4.30583620000000e+07   1.70742362115561e-06   2.53666789792264e+01
   4.34583650000000e+07   1.85386988960090e-06   2.50664422416190e+01
   4.38583670000000e+07   1.84002590231103e-06   2.52385779712233e+01
   4.42583700000000e+07   1.65763356108073e-06   2.54027073877158e+01
   4.46583720000000e+07   2.05644505513192e-06   2.51465053716819e+01
   4.50583750000000e+07   1.75375123490085e-06   2.48863001988861e+01
   4.54583780000000e+07   1.84039402029157e-06   2.47021549995165e+01
   4.58583800000000e+07   1.87834564258083e-06   2.48742907293661e+01
   4.62583830000000e+07   1.78087270796823e-06   2.48342591642952e+01
   4.66583850000000e+07   1.76735306922637e-06   2.50103980505602e+01
   4.70583880000000e+07   1.27260761928483e-06   2.50864580241371e+01
   4.74583910000000e+07   1.84860573426704e-06   2.51344959021740e+01
   4.78583930000000e+07   1.62908702350251e-06   2.47061581560259e+01
   4.82583960000000e+07   1.47439345710154e-06   2.50784517111300e+01
   4.86583980000000e+07   1.52142729348270e-06   2.52666000667294e+01
   4.90584010000000e+07   1.73103046563483e-06   2.47822181296936e+01
   4.94584040000000e+07   1.71697854511876e-06   2.46501139648878e+01
   4.98584060000000e+07   1.46226955166640e-06   2.53947010747186e+01
   5.02584090000000e+07   1.56814223828405e-06   2.51184832761627e+01
   5.06584110000000e+07   2.04863408725942e-06   2.51064738066536e+01
   5.10584140000000e+07   1.78067887190991e-06   2.51425022151793e+01
   5.14584170000000e+07   1.72263139575080e-06   2.50264106765782e+01
   5.18584190000000e+07   1.74886531567608e-06   2.51344959021740e+01
   9.53604890000000e+07   1.93400061107241e-04   2.51465053716819e+01
   9.57604920000000e+07   2.13731982512400e-06   2.48903033553927e+01
   9.61604940000000e+07   2.03032277568127e-06   2.50944643371439e+01
   9.65604970000000e+07   2.35763786804455e-06   2.51264895891685e+01
   9.69605000000000e+07   1.70333044025028e-06   2.50904611806405e+01
   9.73605020000000e+07   2.19844650928280e-06   2.50944643371439e+01
   9.77605050000000e+07   2.21501409214397e-06   2.47101613125353e+01
   9.81605070000000e+07   1.84926580004685e-06   2.49703664855106e+01
   9.85605100000000e+07   1.98594170797151e-06   2.52105558757142e+01
   9.89605130000000e+07   1.89277807294275e-06   2.51384990586767e+01
   9.93605150000000e+07   2.14453643820889e-06   2.48943065118992e+01
   9.97605180000000e+07   1.79607752670563e-06   2.51705243106959e+01
   1.00160520000000e+08   1.76211790403613e-06   2.51905400932058e+01
   1.00560523000000e+08   2.11464202948264e-06   2.52866158492319e+01
   1.00960526000000e+08   1.61756781835720e-06   2.50784517111300e+01
   1.01360528000000e+08   1.69272550465394e-06   2.50063948940555e+01
   1.01760531000000e+08   1.76369599103054e-06   2.50504296156035e+01
   1.02160533000000e+08   1.83966199074348e-06   2.51465053716819e+01
   1.02560536000000e+08   1.81755365247227e-06   2.49623601725000e+01
   1.02960539000000e+08   1.57085821683722e-06   2.49663633290053e+01
   1.03360541000000e+08   1.94156086763542e-06   2.49623601725000e+01
   1.03760544000000e+08   1.86641943855648e-06   2.51665211541937e+01
   1.04160546000000e+08   1.55723262196261e-06   2.50144012070648e+01
   1.04560549000000e+08   1.81694554157730e-06   2.49063159814183e+01
   1.04960551000000e+08   1.67241989856848e-06   2.50384201460911e+01
   1.48896957000000e+08   2.06700162380002e-04   2.49503507029835e+01
   1.49296960000000e+08   2.16818943954422e-06   2.47902244427099e+01
   1.49696962000000e+08   1.98010661733861e-06   2.49623601725000e+01
   1.50096965000000e+08   2.07913012673089e-06   2.52225653452185e+01
   1.50496968000000e+08   2.00759882318380e-06   2.48342591642952e+01
   1.50896970000000e+08   1.53337532537989e-06   2.50023917375508e+01
   1.51296973000000e+08   1.86814861535822e-06   2.45580413651338e+01
   1.51696975000000e+08   1.79160758762009e-06   2.48062370687418e+01
   1.52096978000000e+08   1.68374674558436e-06   2.45340224260621e+01
   1.52496981000000e+08   1.74180320300366e-06   2.49983885810460e+01
   1.52896983000000e+08   1.53067173869204e-06   2.58350482892006e+01
   1.53296986000000e+08   1.98217594515882e-06   2.49343380769607e+01
   1.53696988000000e+08   1.46578486237559e-06   2.46060792432705e+01
   1.54096991000000e+08   1.71306044194353e-06   2.49503507029835e+01
   1.54496993000000e+08   1.74878039160831e-06   2.53987042312172e+01
   1.54896996000000e+08   1.83105885298573e-06   2.46581202779083e+01
   1.55296999000000e+08   1.68807696354634e-06   2.51465053716819e+01
   1.55697001000000e+08   1.78242828496877e-06   2.46421076518670e+01
   1.56097004000000e+08   1.84083000931423e-06   2.48142433817574e+01
   1.56497006000000e+08   1.89023251095932e-06   2.52826126927315e+01
   1.56897009000000e+08   1.71465137555060e-06   2.52465842842254e+01
   1.57297012000000e+08   2.13067892218533e-06   2.50464264590994e+01
   1.57697014000000e+08   1.77033950876648e-06   2.49783727985210e+01
   1.58097017000000e+08   1.89238221537380e-06   2.48222496947727e+01
   1.58497019000000e+08   1.65799110618536e-06   2.55588304911123e+01
   1.93592728000000e+08   1.54662644490600e-04   2.50824548676336e+01
   1.93992731000000e+08   1.87675448160007e-06   2.49743696420159e+01
   1.94392734000000e+08   1.76389642092545e-06   2.49143222944307e+01
   1.94792736000000e+08   1.94532390196400e-06   2.49703664855106e+01
   1.95192739000000e+08   2.06544723369007e-06   2.50464264590994e+01
   1.95592741000000e+08   1.70372345564829e-06   2.50023917375508e+01
   1.95992744000000e+08   2.02911655833304e-06   2.49223286074429e+01
   1.96392747000000e+08   1.88927833733032e-06   2.49823759550261e+01
   1.96792749000000e+08   1.79649691744999e-06   2.50504296156035e+01
   1.97192752000000e+08   1.84902762612182e-06   2.49863791115312e+01
   1.97592754000000e+08   1.65917538197391e-06   2.50704453981228e+01
   1.97992757000000e+08   2.08340611607127e-06   2.49223286074429e+01
   1.98392760000000e+08   1.65608275892737e-06   2.49623601725000e+01
   1.98792762000000e+08   1.76057540102192e-06   2.49823759550261e+01
   1.99192765000000e+08   1.87092211945128e-06   2.50103980505602e+01
   1.99592767000000e+08   1.71018234595977e-06   2.50103980505602e+01
   1.99992770000000e+08   1.91016465578286e-06   2.49903822680362e+01
   2.00392773000000e+08   1.75707327798591e-06   2.49823759550261e+01
   2.00792775000000e+08   1.86659008249990e-06   2.50103980505602e+01
   2.01192778000000e+08   1.92678271559998e-06   2.49823759550261e+01
   2.01592780000000e+08   1.61972081968997e-06   2.49823759550261e+01
   2.01992783000000e+08   1.97989652406250e-06   2.50304138330826e+01
   2.02392786000000e+08   1.75959519310709e-06   2.49823759550261e+01
   2.02792788000000e+08   1.92170455193263e-06   2.50224075200738e+01
   2.03192791000000e+08   1.85840951871796e-06   2.49423443899722e+01
