   4.00002000000000e+05   1.61608386406442e-06   2.50424233025953e+01
   8.00005000000000e+05   1.92983884517162e-06   2.50704453981228e+01
   1.20000700000000e+06   1.68439328263048e-06   2.50304138330826e+01
   1.60001000000000e+06   1.77184597305313e-06   2.50023917375508e+01
   2.00001300000000e+06   1.94396216102177e-06   2.50344169895869e+01
   2.40001500000000e+06   1.42635485644860e-06   2.50504296156035e+01
   2.80001800000000e+06   1.91927301784744e-06   2.50544327721075e+01
   3.20002000000000e+06   1.55196096329746e-06   2.50264106765782e+01
   3.60002300000000e+06   1.75040179328789e-06   2.50664422416190e+01
   4.00002600000000e+06   1.93917981050618e-06   2.50584359286114e+01
   4.40002800000000e+06   1.59670503308007e-06   2.50504296156035e+01
   4.80003100000000e+06   2.37595918406441e-06   2.50424233025953e+01
   5.20003300000000e+06   1.68261738053843e-06   2.49743696420159e+01
   5.60003600000000e+06   2.22209268940787e-06   2.50103980505602e+01
   6.00003900000000e+06   1.88143610557745e-06   2.50784517111300e+01
   6.40004100000000e+06   1.92834772860806e-06   2.50744485546264e+01
   6.80004400000000e+06   2.25817075261148e-06   2.51465053716819e+01
   7.20004600000000e+06   1.69082420597988e-06   2.50744485546264e+01
   7.60004900000000e+06   2.08590995498525e-06   2.50984674936472e+01
   8.00005200000000e+06   2.13716180041956e-06   2.51505085281844e+01
   8.40005400000000e+06   1.99746068574314e-06   2.50624390851152e+01
   8.80005700000000e+06   2.44550892603002e-06   2.49983885810460e+01
   9.20005900000000e+06   1.96157384380058e-06   2.50544327721075e+01
   9.60006200000000e+06   2.31642366088636e-06   2.49423443899722e+01
   4.22958370000000e+07  -2.08361214026809e-03   2.50744485546264e+01
   4.26958390000000e+07   3.00930832963786e-06   2.51184832761627e+01
   4.30958420000000e+07   2.42869896283082e-06   2.50184043635693e+01
   4.34958440000000e+07   3.13250757244532e-06   2.50464264590994e+01
   4.38958470000000e+07   1.73375735812442e-06   2.51104769631567e+01
   4.42958500000000e+07   2.21335335481854e-06   2.50824548676336e+01
   4.46958520000000e+07   2.26657812163467e-06   2.50224075200738e+01
   4.50958550000000e+07   1.77168078607792e-06   2.50664422416190e+01
   4.54958570000000e+07   2.50122479883430e-06   2.50824548676336e+01
   4.58958600000000e+07   1.35255243094434e-06   2.51705243106959e+01
   4.62958630000000e+07   1.75392062828905e-06   2.50184043635693e+01
   4.66958650000000e+07   1.88501212505798e-06   2.50344169895869e+01
   4.70958680000000e+07   1.48402250488289e-06   2.50664422416190e+01
   4.74958700000000e+07   2.12955387723923e-06   2.50063948940555e+01
   4.78958730000000e+07   9.82810320238059e-07   2.49983885810460e+01
   4.82958760000000e+07   1.46658612720785e-06   2.50544327721075e+01
   4.86958780000000e+07   1.75578088601469e-06   2.49903822680362e+01
   4.90958810000000e+07   1.18134346394072e-06   2.50384201460911e+01
   4.94958830000000e+07   1.78072980361321e-06   2.49903822680362e+01
   4.98958860000000e+07   8.28245276807138e-07   2.50304138330826e+01
   5.02958890000000e+07   1.20781623991206e-06   2.49583570159945e+01
   5.06958910000000e+07   1.39038172619621e-06   2.50144012070648e+01
   5.10958940000000e+07   8.79009746768133e-07   2.49783727985210e+01
   5.14958960000000e+07   1.57176964421524e-06   2.50023917375508e+01
   5.18958990000000e+07   8.85063684563647e-07   2.49983885810460e+01
   9.55408840000000e+07   4.67382511124015e-03   2.49463475464779e+01
   9.59408860000000e+07   3.56736882167752e-06   2.50144012070648e+01
   9.63408890000000e+07   1.20399624847778e-06   2.49903822680362e+01
   9.67408920000000e+07   2.43631711782655e-06   2.50264106765782e+01
   9.71408940000000e+07   2.55165991802642e-06   2.50224075200738e+01
   9.75408970000000e+07   1.03365789527743e-06   2.50544327721075e+01
   9.79408990000000e+07   3.49808601640689e-06   2.50584359286114e+01
   9.83409020000000e+07   1.39531243803503e-06   2.51425022151793e+01
   9.87409050000000e+07   2.63843480752257e-06   2.50224075200738e+01
   9.91409070000000e+07   2.49652885031537e-06   2.51224864326656e+01
   9.95409100000000e+07   1.36079120238719e-06   2.50224075200738e+01
   9.99409120000000e+07   3.19457467412576e-06   2.51505085281844e+01
   1.00340915000000e+08   9.16050908017496e-07   2.51905400932058e+01
   1.00740918000000e+08   2.20473134504573e-06   2.50864580241371e+01
   1.01140920000000e+08   2.15490581467748e-06   2.50504296156035e+01
   1.01540923000000e+08   8.28382894724200e-07   2.49543538594890e+01
   1.01940925000000e+08   2.98328609460441e-06   2.50904611806405e+01
   1.02340928000000e+08   8.47328976760764e-07   2.49983885810460e+01
   1.02740931000000e+08   2.09060749511991e-06   2.50023917375508e+01
   1.03140933000000e+08   1.93478877008602e-06   2.50704453981228e+01
   1.03540936000000e+08   8.97174800229550e-07   2.50624390851152e+01
   1.03940938000000e+08   2.75370666713570e-06   2.50224075200738e+01
   1.04340941000000e+08   6.54013263101660e-07   2.50184043635693e+01
   1.04740944000000e+08   1.97128997569962e-06   2.50424233025953e+01
   1.05140946000000e+08   1.70666294252442e-06   2.50624390851152e+01
   1.48915630000000e+08  -4.27414895966649e-03   2.50544327721075e+01
   1.49315633000000e+08   1.95623874787998e-06   2.50304138330826e+01
   1.49715636000000e+08   2.61447826233052e-06   2.50264106765782e+01
   1.50115638000000e+08   8.75360399277270e-07   2.50784517111300e+01
   1.50515641000000e+08   9.72297925727617e-07   2.49383412334665e+01
   1.50915643000000e+08   5.18386968906270e-07   2.50824548676336e+01
   1.51315646000000e+08   1.59930323206936e-06   2.50464264590994e+01
   1.51715648000000e+08   2.24227233047714e-06   2.49703664855106e+01
   1.52115651000000e+08   1.22650567391247e-06   2.50744485546264e+01
   1.52515654000000e+08   1.43133001984097e-06   2.49623601725000e+01
   1.52915656000000e+08   1.18122204639803e-06   2.50103980505602e+01
   1.53315659000000e+08   2.05491619453824e-06   2.51144801196597e+01
   1.53715661000000e+08   2.69542033493053e-06   2.50984674936472e+01
   1.54115664000000e+08   1.24064820283820e-06   2.51425022151793e+01
   1.54515667000000e+08   1.47646790082945e-06   2.50144012070648e+01
   1.54915669000000e+08   1.11638973976369e-06   2.50544327721075e+01
   1.55315672000000e+08   1.97580493477290e-06   2.51304927456713e+01
   1.55715674000000e+08   2.62975254372577e-06   2.49983885810460e+01
   1.56115677000000e+08   1.26607642414456e-06   2.50344169895869e+01
   1.56515680000000e+08   1.42492399390903e-06   2.50544327721075e+01
   1.56915682000000e+08   1.03646129900881e-06   2.50864580241371e+01
   1.57315685000000e+08   1.92068523574562e-06   2.50304138330826e+01
   1.57715687000000e+08   2.40354916059005e-06   2.50424233025953e+01
   1.58115690000000e+08   1.31281410631345e-06   2.50304138330826e+01
   1.58515693000000e+08   1.49937011428847e-06   2.50544327721075e+01
   1.93545379000000e+08   2.39615049213171e-03   2.51144801196597e+01
   1.93945382000000e+08   2.79026721727860e-06   2.50384201460911e+01
   1.94345384000000e+08   5.22498851296405e-07   2.50784517111300e+01
   1.94745387000000e+08   1.61945433774235e-06   2.50384201460911e+01
   1.95145390000000e+08   2.01593206838879e-06   2.50424233025953e+01
   1.95545392000000e+08  -2.23997247417174e-07   2.51304927456713e+01
   1.95945395000000e+08   2.44006514549255e-06   2.49983885810460e+01
   1.96345397000000e+08   6.23373750840983e-07   2.50624390851152e+01
   1.96745400000000e+08   1.76104424554069e-06   2.49903822680362e+01
   1.97145403000000e+08   2.17913452615903e-06   2.49743696420159e+01
   1.97545405000000e+08   1.29410139493302e-07   2.48863001988861e+01
   1.97945408000000e+08   2.71689373221307e-06   2.49703664855106e+01
   1.98345410000000e+08   1.04766866115824e-06   2.49543538594890e+01
   1.98745413000000e+08   2.23390975406801e-06   2.49863791115312e+01
   1.99145416000000e+08   2.48292781179771e-06   2.49023128249120e+01
   1.99545418000000e+08   5.41633312423073e-07   2.50264106765782e+01
   1.99945421000000e+08   2.89743411485688e-06   2.49303349204548e+01
   2.00345423000000e+08   9.66600850915711e-07   2.49023128249120e+01
   2.00745426000000e+08   2.04650837076770e-06   2.49623601725000e+01
   2.01145428000000e+08   2.38125267060241e-06   2.49743696420159e+01
   2.01545431000000e+08   4.97845803693053e-07   2.50023917375508e+01
   2.01945434000000e+08   2.73928890237585e-06   2.50504296156035e+01
   2.02345436000000e+08   1.01599880508729e-06   2.50023917375508e+01
   2.02745439000000e+08   2.12501959140354e-06   2.50384201460911e+01
   2.03145441000000e+08   2.48811670644500e-06   2.50864580241371e+01
