   4.00002000000000e+05   1.75475531705160e-06   2.50304138330826e+01
   8.00005000000000e+05   1.67711596077424e-06   2.51384990586767e+01
   1.20000700000000e+06   1.60289550876769e-06   2.50184043635693e+01
   1.60001000000000e+06   1.73767818978376e-06   2.50904611806405e+01
   2.00001300000000e+06   1.51443236973137e-06   2.51785306237000e+01
   2.40001500000000e+06   1.57671070155629e-06   2.51425022151793e+01
   2.80001800000000e+06   1.49353229517146e-06   2.50424233025953e+01
   3.20002000000000e+06   1.53162773131044e-06   2.50784517111300e+01
   3.60002300000000e+06   1.66056111083890e-06   2.51384990586767e+01
   4.00002600000000e+06   1.46754894103651e-06   2.50224075200738e+01
   4.40002800000000e+06   1.57941406087048e-06   2.50664422416190e+01
   4.80003100000000e+06   1.60561046413932e-06   2.49903822680362e+01
   5.20003300000000e+06   1.51858591834753e-06   2.50464264590994e+01
   5.60003600000000e+06   1.62346009346948e-06   2.51465053716819e+01
   6.00003900000000e+06   1.40762028877361e-06   2.50904611806405e+01
   6.40004100000000e+06   1.76244350313937e-06   2.50704453981228e+01
   6.80004400000000e+06   1.56909800352878e-06   2.49863791115312e+01
   7.20004600000000e+06   1.54314932387933e-06   2.49863791115312e+01
   7.60004900000000e+06   1.73339424236474e-06   2.49543538594890e+01
   8.00005100000000e+06   1.69511861258798e-06   2.49743696420159e+01
   8.40005400000000e+06   1.82829933237372e-06   2.49703664855106e+01
   8.80005700000000e+06   1.76815865415847e-06   2.50984674936472e+01
   9.20005900000000e+06   1.65662549989065e-06   2.50944643371439e+01
   9.60006200000000e+06   2.00411409423396e-06   2.50224075200738e+01
   4.23351810000000e+07   2.35836207866669e-03   2.50584359286114e+01
   4.27351840000000e+07   3.43201236319146e-06   2.50544327721075e+01
   4.31351860000000e+07   7.11057509761304e-07   2.50023917375508e+01
   4.35351890000000e+07   1.67225221048284e-06   2.50744485546264e+01
   4.39351920000000e+07   1.96101404981164e-06   2.50744485546264e+01
   4.43351940000000e+07   1.49691936712770e-06   2.49583570159945e+01
   4.47351970000000e+07   3.40144492838590e-06   2.50224075200738e+01
   4.51351990000000e+07   7.99336248746840e-07   2.50624390851152e+01
   4.55352020000000e+07   1.84028988314822e-06   2.49983885810460e+01
   4.59352050000000e+07   1.84600810371194e-06   2.51304927456713e+01
   4.63352070000000e+07   1.46034551562479e-06   2.51064738066536e+01
   4.67352100000000e+07   3.05927346744284e-06   2.50504296156035e+01
   4.71352120000000e+07   5.55646806787990e-07   2.50384201460911e+01
   4.75352150000000e+07   1.84422992788313e-06   2.50624390851152e+01
   4.79352180000000e+07   2.34088201978011e-06   2.50624390851152e+01
   4.83352200000000e+07   2.13350631383946e-06   2.51545116846868e+01
   4.87352230000000e+07   3.40545807375747e-06   2.49423443899722e+01
   4.91352250000000e+07   1.05811159301084e-06   2.50664422416190e+01
   4.95352280000000e+07   2.41868633565900e-06   2.49663633290053e+01
   4.99352310000000e+07   1.94439462575247e-06   2.49023128249120e+01
   5.03352330000000e+07   1.81404493559967e-06   2.50304138330826e+01
   5.07352360000000e+07   2.72546935775608e-06   2.49903822680362e+01
   5.11352380000000e+07   6.81905476085376e-07   2.50224075200738e+01
   5.15352410000000e+07   2.12391387321986e-06   2.49623601725000e+01
   5.19352440000000e+07   2.25600820158434e-06   2.49303349204548e+01
   9.56738810000000e+07  -4.21359995380044e-03   2.50624390851152e+01
   9.60738840000000e+07   1.71037834206800e-06   2.49263317639489e+01
   9.64738860000000e+07   5.48042237369373e-07   2.49823759550261e+01
   9.68738890000000e+07   2.87280272459611e-06   2.49903822680362e+01
   9.72738910000000e+07   1.81839516244509e-06   2.51344959021740e+01
   9.76738940000000e+07   2.66994061348669e-06   2.49463475464779e+01
   9.80738970000000e+07   1.07048219888384e-06   2.50224075200738e+01
   9.84738990000000e+07   3.05459650462581e-07   2.51384990586767e+01
   9.88739020000000e+07   2.62150410890172e-06   2.50464264590994e+01
   9.92739040000000e+07   1.26206123240991e-06   2.49903822680362e+01
   9.96739070000000e+07   2.31904414249584e-06   2.50304138330826e+01
   1.00073910000000e+08   1.01644207006757e-06   2.50103980505602e+01
   1.00473912000000e+08   7.94995344222116e-07   2.50744485546264e+01
   1.00873915000000e+08   2.79762753052637e-06   2.49703664855106e+01
   1.01273917000000e+08   1.36916696646949e-06   2.49703664855106e+01
   1.01673920000000e+08   2.29786951422284e-06   2.49303349204548e+01
   1.02073923000000e+08   8.28012446163484e-07   2.50744485546264e+01
   1.02473925000000e+08   8.60398699842335e-07   2.50704453981228e+01
   1.02873928000000e+08   2.71771409643407e-06   2.50063948940555e+01
   1.03273930000000e+08   1.22752533116000e-06   2.50184043635693e+01
   1.03673933000000e+08   2.23661709242151e-06   2.50584359286114e+01
   1.04073936000000e+08   1.02581054761686e-06   2.50144012070648e+01
   1.04473938000000e+08   1.46548723023443e-06   2.50344169895869e+01
   1.04873941000000e+08   3.15791635330243e-06   2.50864580241371e+01
   1.05273943000000e+08   1.39784617658734e-06   2.50504296156035e+01
   1.48626722000000e+08   4.61780000478029e-03   2.49463475464779e+01
   1.49026725000000e+08   1.83633233064029e-06   2.50664422416190e+01
   1.49426728000000e+08   2.44991565523378e-06   2.49823759550261e+01
   1.49826730000000e+08   1.50554546962667e-06   2.50544327721075e+01
   1.50226733000000e+08   3.07638742924610e-06   2.50864580241371e+01
   1.50626735000000e+08   1.43947647757159e-06   2.49503507029835e+01
   1.51026738000000e+08   1.87583498245658e-06   2.50063948940555e+01
   1.51426741000000e+08   2.22717471842770e-06   2.50304138330826e+01
   1.51826743000000e+08   1.59141143285524e-06   2.49983885810460e+01
   1.52226746000000e+08   2.81211737274134e-06   2.49103191379245e+01
   1.52626748000000e+08   1.15140028356109e-06   2.50144012070648e+01
   1.53026751000000e+08   1.70831140167138e-06   2.49183254509368e+01
   1.53426754000000e+08   2.22026028495748e-06   2.49903822680362e+01
   1.53826756000000e+08   1.48640242514375e-06   2.49463475464779e+01
   1.54226759000000e+08   2.82349083136069e-06   2.49583570159945e+01
   1.54626761000000e+08   1.15449051918404e-06   2.50224075200738e+01
   1.55026764000000e+08   1.94799440578208e-06   2.50224075200738e+01
   1.55426767000000e+08   2.05791366170160e-06   2.49423443899722e+01
   1.55826769000000e+08   1.54745225700026e-06   2.50384201460911e+01
   1.56226772000000e+08   2.65328799287090e-06   2.50224075200738e+01
   1.56626774000000e+08   1.18408468097186e-06   2.50023917375508e+01
   1.57026777000000e+08   1.91579306374479e-06   2.50424233025953e+01
   1.57426780000000e+08   2.10634198083426e-06   2.50424233025953e+01
   1.57826782000000e+08   1.57812894485687e-06   2.51104769631567e+01
   1.58226785000000e+08   2.43280874201446e-06   2.49463475464779e+01
   1.93120772000000e+08  -2.05362518317997e-03   2.51224864326656e+01
   1.93520775000000e+08   2.35928973779664e-06   2.51425022151793e+01
   1.93920777000000e+08   3.23923472933529e-06   2.50424233025953e+01
   1.94320780000000e+08   1.05845458620024e-06   2.51144801196597e+01
   1.94720782000000e+08   1.08405720311566e-06   2.50944643371439e+01
   1.95120785000000e+08   3.07226605400501e-06   2.50464264590994e+01
   1.95520788000000e+08   2.48725837082020e-06   2.50264106765782e+01
   1.95920790000000e+08   2.94578990178707e-06   2.50824548676336e+01
   1.96320793000000e+08   7.59777549319551e-07   2.49983885810460e+01
   1.96720795000000e+08   1.16666160465684e-06   2.49703664855106e+01
   1.97120798000000e+08   3.28154010276194e-06   2.50424233025953e+01
   1.97520801000000e+08   2.22368043978349e-06   2.49103191379245e+01
   1.97920803000000e+08   2.23882716454682e-06   2.50544327721075e+01
   1.98320806000000e+08   3.25009239077190e-07   2.50144012070648e+01
   1.98720808000000e+08   1.07191146980767e-06   2.51825337802020e+01
   1.99120811000000e+08   2.68740200226603e-06   2.50184043635693e+01
   1.99520814000000e+08   1.73446994722326e-06   2.51024706501504e+01
   1.99920816000000e+08   2.21435811909032e-06   2.50504296156035e+01
   2.00320819000000e+08   8.25103825263795e-07   2.51144801196597e+01
   2.00720821000000e+08   1.51845699747355e-06   2.51384990586767e+01
   2.01120824000000e+08   3.16832665703259e-06   2.50784517111300e+01
   2.01520827000000e+08   2.04205548470782e-06   2.51545116846868e+01
   2.01920829000000e+08   2.09201402867620e-06   2.50704453981228e+01
   2.02320832000000e+08   7.09508583440766e-07   2.50424233025953e+01
   2.02720834000000e+08   1.72945215126674e-06   2.51705243106959e+01
