   4.00002000000000e+05   2.02666410586971e-06   2.49823759550261e+01
   8.00005000000000e+05   2.03691865863220e-06   2.50264106765782e+01
   1.20000700000000e+06   2.22932271753962e-06   2.50384201460911e+01
   1.60001000000000e+06   2.41764928432531e-06   2.50424233025953e+01
   2.00001300000000e+06   2.67975838141865e-06   2.49903822680362e+01
   2.40001500000000e+06   2.50573725679715e-06   2.50904611806405e+01
   2.80001800000000e+06   2.60923638961685e-06   2.51144801196597e+01
   3.20002000000000e+06   2.49555773734755e-06   2.50304138330826e+01
   3.60002300000000e+06   2.15548493542883e-06   2.49703664855106e+01
   4.00002600000000e+06   2.16622333937266e-06   2.50984674936472e+01
   4.40002800000000e+06   2.14024885281106e-06   2.51104769631567e+01
   4.80003100000000e+06   2.08673623092182e-06   2.50344169895869e+01
   5.20003300000000e+06   2.25822373067786e-06   2.50664422416190e+01
   5.60003600000000e+06   2.19164303416619e-06   2.49783727985210e+01
   6.00003900000000e+06   2.43187696469249e-06   2.49983885810460e+01
   6.40004100000000e+06   2.21819891521591e-06   2.49863791115312e+01
   6.80004400000000e+06   2.38344227909693e-06   2.50704453981228e+01
   7.20004600000000e+06   2.28615272135357e-06   2.48782938858728e+01
   7.60004900000000e+06   1.98769362214080e-06   2.49143222944307e+01
   8.00005200000000e+06   1.85565625088202e-06   2.50504296156035e+01
   8.40005400000000e+06   1.92090465134243e-06   2.49583570159945e+01
   8.80005700000000e+06   1.82576366114517e-06   2.49663633290053e+01
   9.20006000000000e+06   1.95016491488786e-06   2.50103980505602e+01
   9.60006200000000e+06   1.38789880566037e-06   2.50144012070648e+01
   4.23139910000000e+07   1.31250140839256e-04   2.50184043635693e+01
   4.27139940000000e+07   1.37317192638875e-06   2.50384201460911e+01
   4.31139970000000e+07   1.51890037614066e-06   2.49543538594890e+01
   4.35139990000000e+07   2.34084473049734e-06   2.49823759550261e+01
   4.39140020000000e+07   2.66708957497030e-06   2.50864580241371e+01
   4.43140040000000e+07   2.85380860987061e-06   2.49663633290053e+01
   4.47140070000000e+07   2.94228607344849e-06   2.50424233025953e+01
   4.51140100000000e+07   2.82215637525951e-06   2.49823759550261e+01
   4.55140120000000e+07   2.26390898205864e-06   2.50184043635693e+01
   4.59140150000000e+07   2.20002561945876e-06   2.49423443899722e+01
   4.63140170000000e+07   2.10919620258210e-06   2.49543538594890e+01
   4.67140200000000e+07   2.10764119401574e-06   2.50184043635693e+01
   4.71140230000000e+07   1.98829729924910e-06   2.50544327721075e+01
   4.75140250000000e+07   1.76116225247824e-06   2.50384201460911e+01
   4.79140280000000e+07   1.32787329221173e-06   2.50504296156035e+01
   4.83140300000000e+07   1.32044124256936e-06   2.50504296156035e+01
   4.87140330000000e+07   1.44698572057678e-06   2.49983885810460e+01
   4.91140360000000e+07   1.43061345170281e-06   2.50624390851152e+01
   4.95140380000000e+07   1.70095881912857e-06   2.50824548676336e+01
   4.99140410000000e+07   1.79749213202740e-06   2.51144801196597e+01
   5.03140430000000e+07   1.85528460860951e-06   2.50944643371439e+01
   5.07140460000000e+07   2.00565705199551e-06   2.50063948940555e+01
   5.11140490000000e+07   1.74352919657395e-06   2.49463475464779e+01
   5.15140510000000e+07   2.09843710763380e-06   2.49383412334665e+01
   5.19140540000000e+07   2.09497147807269e-06   2.50384201460911e+01
   9.55766060000000e+07   2.10225116461515e-04   2.49783727985210e+01
   9.59766090000000e+07   1.48083711337677e-06   2.50344169895869e+01
   9.63766110000000e+07   1.52397649344493e-06   2.49783727985210e+01
   9.67766140000000e+07   1.56750854785059e-06   2.50384201460911e+01
   9.71766170000000e+07   1.40207146159810e-06   2.50624390851152e+01
   9.75766190000000e+07   1.43785314321576e-06   2.50744485546264e+01
   9.79766220000000e+07   1.31055787733203e-06   2.50944643371439e+01
   9.83766240000000e+07   1.41441284995381e-06   2.49783727985210e+01
   9.87766270000000e+07   1.24113648780622e-06   2.50384201460911e+01
   9.91766300000000e+07   1.32083891912771e-06   2.49863791115312e+01
   9.95766320000000e+07   1.48605579397554e-06   2.50384201460911e+01
   9.99766350000000e+07   1.43823183407221e-06   2.50304138330826e+01
   1.00376637000000e+08   1.40796612413396e-06   2.49623601725000e+01
   1.00776640000000e+08   1.52045026879932e-06   2.50103980505602e+01
   1.01176643000000e+08   1.45519959460216e-06   2.50584359286114e+01
   1.01576645000000e+08   1.29384136471344e-06   2.49663633290053e+01
   1.01976648000000e+08   1.06359107121534e-06   2.50224075200738e+01
   1.02376650000000e+08   1.23507584248728e-06   2.49703664855106e+01
   1.02776653000000e+08   1.19327899028576e-06   2.49703664855106e+01
   1.03176656000000e+08   1.14718670829461e-06   2.49663633290053e+01
   1.03576658000000e+08   1.44270052260254e-06   2.48863001988861e+01
   1.03976661000000e+08   1.45720275668282e-06   2.49983885810460e+01
   1.04376663000000e+08   1.51172571349889e-06   2.49303349204548e+01
   1.04776666000000e+08   1.45441674703761e-06   2.50304138330826e+01
   1.05176669000000e+08   1.44976831961685e-06   2.49223286074429e+01
   1.48820275000000e+08   2.01500180992298e-04   2.50103980505602e+01
   1.49220278000000e+08   2.17245133171673e-06   2.50103980505602e+01
   1.49620280000000e+08   1.76855871814041e-06   2.50744485546264e+01
   1.50020283000000e+08   1.99745863938006e-06   2.49743696420159e+01
   1.50420286000000e+08   1.85253190920776e-06   2.49423443899722e+01
   1.50820288000000e+08   1.92202764992544e-06   2.50144012070648e+01
   1.51220291000000e+08   1.97577833205287e-06   2.49063159814183e+01
   1.51620293000000e+08   2.03226068151707e-06   2.49863791115312e+01
   1.52020296000000e+08   2.20215792978706e-06   2.49463475464779e+01
   1.52420299000000e+08   2.00138424588658e-06   2.49423443899722e+01
   1.52820301000000e+08   2.09548352358979e-06   2.49783727985210e+01
   1.53220304000000e+08   2.08790402211889e-06   2.49583570159945e+01
   1.53620306000000e+08   1.79239759745542e-06   2.50023917375508e+01
   1.54020309000000e+08   1.80800134330639e-06   2.50304138330826e+01
   1.54420312000000e+08   1.75719446815492e-06   2.50063948940555e+01
   1.54820314000000e+08   1.83492386440776e-06   2.50624390851152e+01
   1.55220317000000e+08   1.74117792539619e-06   2.50063948940555e+01
   1.55620319000000e+08   1.54509439198591e-06   2.49783727985210e+01
   1.56020322000000e+08   1.72010629739816e-06   2.50984674936472e+01
   1.56420325000000e+08   1.53670782765403e-06   2.50744485546264e+01
   1.56820327000000e+08   1.59524279297329e-06   2.50264106765782e+01
   1.57220330000000e+08   1.67711084486655e-06   2.50464264590994e+01
   1.57620332000000e+08   1.75270088220714e-06   2.49983885810460e+01
   1.58020335000000e+08   1.97713188754278e-06   2.49863791115312e+01
   1.58420338000000e+08   1.70764099038934e-06   2.50904611806405e+01
   1.93311100000000e+08   1.59612609422766e-04   2.49823759550261e+01
   1.93711102000000e+08   1.40254428515618e-06   2.49383412334665e+01
   1.94111105000000e+08   1.45912360949296e-06   2.49783727985210e+01
   1.94511107000000e+08   1.46146646784473e-06   2.50063948940555e+01
   1.94911110000000e+08   1.41891212024348e-06   2.49183254509368e+01
   1.95311113000000e+08   1.48158198953752e-06   2.50304138330826e+01
   1.95711115000000e+08   1.37003917188849e-06   2.49743696420159e+01
   1.96111118000000e+08   1.42415979098587e-06   2.49503507029835e+01
   1.96511120000000e+08   1.33022592763155e-06   2.50063948940555e+01
   1.96911123000000e+08   1.25640156056761e-06   2.48983096684056e+01
   1.97311126000000e+08   1.62046137575089e-06   2.50944643371439e+01
   1.97711128000000e+08   1.71774252066825e-06   2.50544327721075e+01
   1.98111131000000e+08   1.78342008894106e-06   2.49423443899722e+01
   1.98511133000000e+08   1.90064406524471e-06   2.50304138330826e+01
   1.98911136000000e+08   1.73148566773307e-06   2.50504296156035e+01
   1.99311139000000e+08   2.03689342015423e-06   2.49143222944307e+01
   1.99711141000000e+08   2.16974490285793e-06   2.49103191379245e+01
   2.00111144000000e+08   2.30548334911873e-06   2.50023917375508e+01
   2.00511146000000e+08   2.23771280616347e-06   2.50144012070648e+01
   2.00911149000000e+08   2.16629473470675e-06   2.50023917375508e+01
   2.01311152000000e+08   2.18108289118391e-06   2.49903822680362e+01
   2.01711154000000e+08   1.87656144134962e-06   2.50424233025953e+01
   2.02111157000000e+08   1.81696975687373e-06   2.50344169895869e+01
   2.02511159000000e+08   1.80096139956731e-06   2.50544327721075e+01
   2.02911162000000e+08   1.85663168394967e-06   2.49583570159945e+01
