   4.00003000000000e+05   1.81300515578187e-06   2.50624390851152e+01
   8.00005000000000e+05   2.00447834686202e-06   2.49543538594890e+01
   1.20000800000000e+06   1.87266800821817e-06   2.50664422416190e+01
   1.60001000000000e+06   1.96248993233894e-06   2.49943854245411e+01
   2.00001300000000e+06   2.01622401618806e-06   2.50824548676336e+01
   2.40001600000000e+06   2.07365701498929e-06   2.50144012070648e+01
   2.80001800000000e+06   1.96385053641279e-06   2.50224075200738e+01
   3.20002100000000e+06   1.95253301171761e-06   2.50464264590994e+01
   3.60002300000000e+06   1.87442230981105e-06   2.50664422416190e+01
   4.00002600000000e+06   1.99665691980044e-06   2.50544327721075e+01
   4.40002900000000e+06   1.78809682438441e-06   2.51425022151793e+01
   4.80003100000000e+06   1.97831082004996e-06   2.51384990586767e+01
   5.20003400000000e+06   1.87322518740984e-06   2.50384201460911e+01
   5.60003600000000e+06   1.83221550287271e-06   2.50744485546264e+01
   6.00003900000000e+06   1.85368298843969e-06   2.50144012070648e+01
   6.40004100000000e+06   1.70643602359632e-06   2.50184043635693e+01
   6.80004400000000e+06   1.83962833943951e-06   2.49583570159945e+01
   7.20004700000000e+06   1.81832217549527e-06   2.50384201460911e+01
   7.60004900000000e+06   9.68854465099867e-07   2.50063948940555e+01
   8.00005200000000e+06   1.20808033443609e-06   2.51104769631567e+01
   8.40005400000000e+06   7.79021092967014e-07   2.49863791115312e+01
   8.80005700000000e+06   1.00903343991376e-06   2.49463475464779e+01
   9.20006000000000e+06   1.06892468920705e-06   2.49823759550261e+01
   9.60006200000000e+06   1.40957934036123e-06   2.50304138330826e+01
   4.19859760000000e+07  -2.09283712320030e-03   2.49183254509368e+01
   4.23859790000000e+07   2.05389005714096e-06   2.49103191379245e+01
   4.27859810000000e+07   1.13777764454426e-06   2.50464264590994e+01
   4.31859840000000e+07   1.07580694930220e-06   2.50304138330826e+01
   4.35859870000000e+07   1.46464174122229e-06   2.49863791115312e+01
   4.39859890000000e+07   1.95796337720822e-06   2.49943854245411e+01
   4.43859920000000e+07   2.10966368285881e-06   2.50664422416190e+01
   4.47859940000000e+07   1.39162523282721e-06   2.49663633290053e+01
   4.51859970000000e+07   8.96045435183623e-07   2.50384201460911e+01
   4.55860000000000e+07   1.64492269050243e-06   2.50344169895869e+01
   4.59860020000000e+07   2.06182539841393e-06   2.49623601725000e+01
   4.63860050000000e+07   2.11509313885472e-06   2.48822970423795e+01
   4.67860070000000e+07   1.38953816986032e-06   2.49623601725000e+01
   4.71860100000000e+07   1.24966868497722e-06   2.49743696420159e+01
   4.75860130000000e+07   1.82052474428929e-06   2.49703664855106e+01
   4.79860150000000e+07   2.16208763959003e-06   2.49343380769607e+01
   4.83860180000000e+07   2.19575304072350e-06   2.50063948940555e+01
   4.87860200000000e+07   1.72448972080019e-06   2.49543538594890e+01
   4.91860230000000e+07   1.47659375215881e-06   2.50264106765782e+01
   4.95860250000000e+07   1.35172581394727e-06   2.50504296156035e+01
   4.99860280000000e+07   1.63500169492181e-06   2.49543538594890e+01
   5.03860310000000e+07   1.71226679412939e-06   2.49943854245411e+01
   5.07860330000000e+07   1.25440499232354e-06   2.50384201460911e+01
   5.11860360000000e+07   1.01328623713925e-06   2.51224864326656e+01
   5.15860380000000e+07   1.61379000473971e-06   2.50424233025953e+01
   9.52587100000000e+07   4.68897493556142e-03   2.50063948940555e+01
   9.56587120000000e+07   1.98695511244296e-06   2.49783727985210e+01
   9.60587150000000e+07   1.55630448261945e-06   2.49663633290053e+01
   9.64587170000000e+07   1.99249234356103e-06   2.50904611806405e+01
   9.68587200000000e+07   5.34859395884268e-07   2.49263317639489e+01
   9.72587230000000e+07   1.67580435572745e-06   2.49183254509368e+01
   9.76587250000000e+07   2.17010665437556e-06   2.49823759550261e+01
   9.80587280000000e+07   1.71167653206794e-06   2.48983096684056e+01
   9.84587300000000e+07   2.23487882067275e-06   2.49743696420159e+01
   9.88587330000000e+07   6.39613631392422e-07   2.50103980505602e+01
   9.92587360000000e+07   1.83319048119301e-06   2.49663633290053e+01
   9.96587380000000e+07   2.25757094085566e-06   2.49303349204548e+01
   1.00058741000000e+08   1.92269203580508e-06   2.50584359286114e+01
   1.00458743000000e+08   2.39961855186266e-06   2.51064738066536e+01
   1.00858746000000e+08   1.03395041151089e-06   2.50824548676336e+01
   1.01258749000000e+08   1.85263820640102e-06   2.50424233025953e+01
   1.01658751000000e+08   2.31053900279221e-06   2.50904611806405e+01
   1.02058754000000e+08   1.82575342932978e-06   2.50103980505602e+01
   1.02458756000000e+08   2.49382628680905e-06   2.50304138330826e+01
   1.02858759000000e+08   9.49029470120877e-07   2.51264895891685e+01
   1.03258762000000e+08   1.90395655863540e-06   2.51344959021740e+01
   1.03658764000000e+08   1.94347262549854e-06   2.50784517111300e+01
   1.04058767000000e+08   1.78362643055152e-06   2.49903822680362e+01
   1.04458769000000e+08   2.25685448640434e-06   2.50624390851152e+01
   1.04858772000000e+08   9.50422588630317e-07   2.49903822680362e+01
   1.48861876000000e+08  -4.27499925717711e-03   2.49663633290053e+01
   1.49261879000000e+08   2.85959049506346e-06   2.50264106765782e+01
   1.49661881000000e+08   6.70066299335303e-07   2.49903822680362e+01
   1.50061884000000e+08   2.18331729229249e-06   2.49583570159945e+01
   1.50461886000000e+08   2.12576628655370e-06   2.49743696420159e+01
   1.50861889000000e+08   1.24405016777018e-06   2.49423443899722e+01
   1.51261892000000e+08   2.46204808718176e-06   2.49623601725000e+01
   1.51661894000000e+08   3.56102191290120e-07   2.49783727985210e+01
   1.52061897000000e+08   1.78921993665426e-06   2.50704453981228e+01
   1.52461899000000e+08   1.77927722688764e-06   2.51825337802020e+01
   1.52861902000000e+08   9.87908379102009e-07   2.50424233025953e+01
   1.53261905000000e+08   2.06310983230651e-06   2.51545116846868e+01
   1.53661907000000e+08   9.57362757958435e-08   2.51625179976914e+01
   1.54061910000000e+08   1.32862180635129e-06   2.51625179976914e+01
   1.54461912000000e+08   1.43072793434840e-06   2.50904611806405e+01
   1.54861915000000e+08   5.67387019145826e-07   2.50063948940555e+01
   1.55261918000000e+08   1.83103804829443e-06   2.51264895891685e+01
   1.55661920000000e+08   2.86537982674417e-07   2.49583570159945e+01
   1.56061923000000e+08   1.68928420407610e-06   2.49903822680362e+01
   1.56461925000000e+08   1.72739305526193e-06   2.50464264590994e+01
   1.56861928000000e+08   8.97059976523451e-07   2.49263317639489e+01
   1.57261930000000e+08   2.03846707336197e-06   2.49423443899722e+01
   1.57661933000000e+08   8.30752981073601e-07   2.49343380769607e+01
   1.58061936000000e+08   2.08009691959887e-06   2.48903033553927e+01
   1.58461938000000e+08   2.19281719182618e-06   2.49623601725000e+01
   1.93744761000000e+08   2.40872497670352e-03   2.50023917375508e+01
   1.94144764000000e+08   9.03837019450293e-07   2.51304927456713e+01
   1.94544766000000e+08   2.87022862721642e-06   2.51184832761627e+01
   1.94944769000000e+08   2.03048693947494e-06   2.49623601725000e+01
   1.95344772000000e+08   1.80356460077746e-06   2.49943854245411e+01
   1.95744774000000e+08   1.65063363510853e-06   2.49423443899722e+01
   1.96144777000000e+08   2.86584509012755e-07   2.50624390851152e+01
   1.96544779000000e+08   2.28851467909408e-06   2.49503507029835e+01
   1.96944782000000e+08   1.19199239634327e-06   2.50344169895869e+01
   1.97344785000000e+08   1.35074560603243e-06   2.50744485546264e+01
   1.97744787000000e+08   1.36084906898759e-06   2.50144012070648e+01
   1.98144790000000e+08   9.99236959842165e-08   2.50864580241371e+01
   1.98544792000000e+08   1.82637154466647e-06   2.50984674936472e+01
   1.98944795000000e+08   1.03908701021282e-06   2.50264106765782e+01
   1.99344798000000e+08   1.45160083775409e-06   2.50063948940555e+01
   1.99744800000000e+08   2.37962831306504e-06   2.50664422416190e+01
   2.00144803000000e+08   1.22388235013204e-06   2.50144012070648e+01
   2.00544805000000e+08   3.00749888992868e-06   2.50664422416190e+01
   2.00944808000000e+08   2.07398784368706e-06   2.50584359286114e+01
   2.01344810000000e+08   2.03476679416781e-06   2.50224075200738e+01
   2.01744813000000e+08   1.98658312910993e-06   2.49343380769607e+01
   2.02144816000000e+08   6.90457341079309e-07   2.51665211541937e+01
   2.02544818000000e+08   2.27667555918742e-06   2.50664422416190e+01
   2.02944821000000e+08   1.48093772622815e-06   2.50784517111300e+01
   2.03344823000000e+08   1.76328057932551e-06   2.49743696420159e+01
