   4.00003000000000e+05   1.56102441906114e-06   2.50624390851152e+01
   8.00006000000000e+05   1.97482017938455e-06   2.47702086601686e+01
   1.20000800000000e+06   1.75099432908610e-06   2.49503507029835e+01
   1.60001100000000e+06   1.93826417671517e-06   2.50784517111300e+01
   2.00001300000000e+06   1.87436990017886e-06   2.50464264590994e+01
   2.40001600000000e+06   1.84254167834297e-06   2.51825337802020e+01
   2.80001900000000e+06   1.92070206139761e-06   2.47501928776258e+01
   3.20002100000000e+06   1.81215273187263e-06   2.51545116846868e+01
   3.60002400000000e+06   1.89767138181196e-06   2.51745274671980e+01
   4.00002600000000e+06   1.85681608400046e-06   2.51224864326656e+01
   4.40002900000000e+06   1.81542077370977e-06   2.51625179976914e+01
   4.80003200000000e+06   1.85642034011835e-06   2.49783727985210e+01
   5.20003400000000e+06   1.67908797266136e-06   2.49503507029835e+01
   5.60003700000000e+06   1.81717109626334e-06   2.49583570159945e+01
   6.00003900000000e+06   1.72125896824582e-06   2.48542749468314e+01
   6.40004200000000e+06   1.72244733676052e-06   2.49503507029835e+01
   6.80004500000000e+06   1.79979565473332e-06   2.50904611806405e+01
   7.20004700000000e+06   1.75018567460938e-06   2.50144012070648e+01
   7.60005000000000e+06   1.87439854926197e-06   2.48702875728593e+01
   8.00005200000000e+06   1.80643291969318e-06   2.51585148411891e+01
   8.40005500000000e+06   1.77205322415830e-06   2.50344169895869e+01
   8.80005800000000e+06   1.99394617084181e-06   2.49863791115312e+01
   9.20006000000000e+06   1.82382893854083e-06   2.49943854245411e+01
   9.60006300000000e+06   1.98243515114882e-06   2.51985464062093e+01
   4.21307020000000e+07   1.56287656864151e-04   2.49663633290053e+01
   4.25307050000000e+07   2.01306193048367e-06   2.50344169895869e+01
   4.29307070000000e+07   2.06155891646631e-06   2.49423443899722e+01
   4.33307100000000e+07   2.02948626792931e-06   2.49503507029835e+01
   4.37307130000000e+07   2.14161104850064e-06   2.50384201460911e+01
   4.41307150000000e+07   2.03848458113498e-06   2.49823759550261e+01
   4.45307180000000e+07   2.11507654057641e-06   2.49903822680362e+01
   4.49307200000000e+07   2.07285074793617e-06   2.49383412334665e+01
   4.53307230000000e+07   2.16700982491602e-06   2.49783727985210e+01
   4.57307260000000e+07   2.07638527172094e-06   2.49743696420159e+01
   4.61307280000000e+07   2.16532112062851e-06   2.50063948940555e+01
   4.65307310000000e+07   1.98521661332052e-06   2.50504296156035e+01
   4.69307330000000e+07   1.94159747479716e-06   2.49423443899722e+01
   4.73307360000000e+07   1.72318300428742e-06   2.50184043635693e+01
   4.77307390000000e+07   2.00055160348711e-06   2.50063948940555e+01
   4.81307410000000e+07   1.73010857906775e-06   2.49903822680362e+01
   4.85307440000000e+07   1.81056054771034e-06   2.49983885810460e+01
   4.89307460000000e+07   1.81872030680097e-06   2.49983885810460e+01
   4.93307490000000e+07   1.67088433045137e-06   2.50063948940555e+01
   4.97307520000000e+07   1.76871537860279e-06   2.49503507029835e+01
   5.01307540000000e+07   1.69919781001227e-06   2.50584359286114e+01
   5.05307570000000e+07   1.72128943631833e-06   2.50984674936472e+01
   5.09307590000000e+07   1.71635451806651e-06   2.50344169895869e+01
   5.13307620000000e+07   1.50797347941989e-06   2.50544327721075e+01
   5.17307650000000e+07   1.80679228378722e-06   2.49423443899722e+01
   9.54223210000000e+07   1.80825154529884e-04   2.49663633290053e+01
   9.58223240000000e+07   1.57245710852294e-06   2.51144801196597e+01
   9.62223260000000e+07   1.80229108082131e-06   2.50544327721075e+01
   9.66223290000000e+07   1.75372508692817e-06   2.50344169895869e+01
   9.70223310000000e+07   1.53420899096091e-06   2.49743696420159e+01
   9.74223340000000e+07   1.86093643606000e-06   2.50704453981228e+01
   9.78223370000000e+07   1.45803744544537e-06   2.51625179976914e+01
   9.82223390000000e+07   1.82201949883165e-06   2.50264106765782e+01
   9.86223420000000e+07   1.66563404491171e-06   2.50464264590994e+01
   9.90223440000000e+07   1.62016567628598e-06   2.50704453981228e+01
   9.94223470000000e+07   1.99392161448486e-06   2.50544327721075e+01
   9.98223500000000e+07   1.69396003002475e-06   2.49863791115312e+01
   1.00222352000000e+08   1.78925859017909e-06   2.51064738066536e+01
   1.00622355000000e+08   1.85565693300305e-06   2.50424233025953e+01
   1.01022357000000e+08   1.76859555267583e-06   2.49903822680362e+01
   1.01422360000000e+08   2.15272007153544e-06   2.49863791115312e+01
   1.01822363000000e+08   1.62169476425333e-06   2.50264106765782e+01
   1.02222365000000e+08   2.09630366043712e-06   2.50424233025953e+01
   1.02622368000000e+08   1.82523319836037e-06   2.50063948940555e+01
   1.03022370000000e+08   1.72556940469804e-06   2.50544327721075e+01
   1.03422373000000e+08   1.92049606084765e-06   2.50103980505602e+01
   1.03822376000000e+08   1.65588437539554e-06   2.50824548676336e+01
   1.04222378000000e+08   1.85133069408039e-06   2.50584359286114e+01
   1.04622381000000e+08   1.83795589236979e-06   2.50464264590994e+01
   1.05022383000000e+08   1.75528396084701e-06   2.50304138330826e+01
   1.48354107000000e+08   2.13925188290887e-04   2.51825337802020e+01
   1.48754110000000e+08   1.55408474711294e-06   2.50304138330826e+01
   1.49154113000000e+08   1.88769342912565e-06   2.51304927456713e+01
   1.49554115000000e+08   1.56657199568144e-06   2.50984674936472e+01
   1.49954118000000e+08   1.72011846188980e-06   2.50224075200738e+01
   1.50354120000000e+08   1.81813322797097e-06   2.51184832761627e+01
   1.50754123000000e+08   1.60704644258658e-06   2.50304138330826e+01
   1.51154126000000e+08   1.84472992259543e-06   2.50704453981228e+01
   1.51554128000000e+08   1.76110859229084e-06   2.51264895891685e+01
   1.51954131000000e+08   1.72591114733223e-06   2.50784517111300e+01
   1.52354133000000e+08   1.85154510745633e-06   2.51304927456713e+01
   1.52754136000000e+08   1.74382898876502e-06   2.50664422416190e+01
   1.53154139000000e+08   2.30767068387649e-06   2.50624390851152e+01
   1.53554141000000e+08   1.71311546637298e-06   2.51344959021740e+01
   1.53954144000000e+08   2.07286575459875e-06   2.50904611806405e+01
   1.54354146000000e+08   2.09863515010511e-06   2.50944643371439e+01
   1.54754149000000e+08   1.88110448107182e-06   2.50304138330826e+01
   1.55154152000000e+08   1.85036776656489e-06   2.49783727985210e+01
   1.55554154000000e+08   1.85467456503829e-06   2.49703664855106e+01
   1.55954157000000e+08   1.96740415958629e-06   2.49103191379245e+01
   1.56354159000000e+08   1.84002487912949e-06   2.49263317639489e+01
   1.56754162000000e+08   1.57090653374325e-06   2.48903033553927e+01
   1.57154165000000e+08   2.20175979848136e-06   2.48502717903243e+01
   1.57554167000000e+08   1.72637714968005e-06   2.49503507029835e+01
   1.57954170000000e+08   1.85662872809189e-06   2.50584359286114e+01
   1.92756162000000e+08   1.52300111949444e-04   2.49823759550261e+01
   1.93156164000000e+08   1.84198142960668e-06   2.50504296156035e+01
   1.93556167000000e+08   1.53262874391658e-06   2.50544327721075e+01
   1.93956169000000e+08   2.09392533179198e-06   2.51064738066536e+01
   1.94356172000000e+08   1.41934663133725e-06   2.50384201460911e+01
   1.94756175000000e+08   1.84824784810189e-06   2.50544327721075e+01
   1.95156177000000e+08   1.94261156138964e-06   2.51304927456713e+01
   1.95556180000000e+08   1.58338150413329e-06   2.50544327721075e+01
   1.95956182000000e+08   1.87227362857811e-06   2.50144012070648e+01
   1.96356185000000e+08   1.69372333402862e-06   2.51144801196597e+01
   1.96756188000000e+08   1.92425545719743e-06   2.49863791115312e+01
   1.97156190000000e+08   1.73804971836944e-06   2.49663633290053e+01
   1.97556193000000e+08   1.61662683240138e-06   2.50384201460911e+01
   1.97956195000000e+08   2.09938662010245e-06   2.49743696420159e+01
   1.98356198000000e+08   1.55157044900989e-06   2.49823759550261e+01
   1.98756201000000e+08   2.03379272534221e-06   2.50344169895869e+01
   1.99156203000000e+08   2.02795285986213e-06   2.50063948940555e+01
   1.99556206000000e+08   1.95297207028489e-06   2.50544327721075e+01
   1.99956208000000e+08   2.20627816815977e-06   2.50344169895869e+01
   2.00356211000000e+08   1.70062912729918e-06   2.49983885810460e+01
   2.00756214000000e+08   2.16915373130178e-06   2.51104769631567e+01
   2.01156216000000e+08   1.85984777090198e-06   2.50304138330826e+01
   2.01556219000000e+08   1.80489041667897e-06   2.50624390851152e+01
   2.01956221000000e+08   2.08869914786192e-06   2.51384990586767e+01
   2.02356224000000e+08   1.74103274730442e-06   2.50704453981228e+01
