   4.00003000000000e+05   1.24498387776839e-06   2.49663633290053e+01
   8.00005000000000e+05   1.30169269141334e-06   2.49783727985210e+01
   1.20000800000000e+06   1.76951311914308e-06   2.50464264590994e+01
   1.60001100000000e+06   1.59512455866206e-06   2.50224075200738e+01
   2.00001300000000e+06   1.78694369878940e-06   2.49423443899722e+01
   2.40001600000000e+06   1.94205995285301e-06   2.49663633290053e+01
   2.80001800000000e+06   1.72359273165057e-06   2.50384201460911e+01
   3.20002100000000e+06   1.30949524645985e-06   2.49663633290053e+01
   3.60002400000000e+06   1.46719833082898e-06   2.50704453981228e+01
   4.00002600000000e+06   1.60348906774743e-06   2.50784517111300e+01
   4.40002900000000e+06   1.35638731535437e-06   2.50624390851152e+01
   4.80003100000000e+06   1.22554422432586e-06   2.50063948940555e+01
   5.20003400000000e+06   1.57454940108437e-06   2.49663633290053e+01
   5.60003600000000e+06   1.57516615217901e-06   2.49903822680362e+01
   6.00003900000000e+06   1.54135727825633e-06   2.49103191379245e+01
   6.40004200000000e+06   1.27514317682653e-06   2.50304138330826e+01
   6.80004400000000e+06   1.54744020619546e-06   2.50103980505602e+01
   7.20004700000000e+06   2.22326389121008e-06   2.49943854245411e+01
   7.60004900000000e+06   1.93692335415108e-06   2.50424233025953e+01
   8.00005200000000e+06   2.11856195164728e-06   2.49623601725000e+01
   8.40005500000000e+06   2.09554627872421e-06   2.49423443899722e+01
   8.80005700000000e+06   2.21681261791673e-06   2.49623601725000e+01
   9.20006000000000e+06   1.91267918125959e-06   2.49783727985210e+01
   9.60006200000000e+06   1.51914935031527e-06   2.50264106765782e+01
   4.21488120000000e+07   2.39050015807152e-03   2.49623601725000e+01
   4.25488150000000e+07   3.06959100271342e-06   2.49623601725000e+01
   4.29488180000000e+07   2.16349644688307e-06   2.50264106765782e+01
   4.33488200000000e+07   2.18250238503970e-06   2.50584359286114e+01
   4.37488230000000e+07   1.49047832564975e-06   2.50824548676336e+01
   4.41488250000000e+07   1.66399343015655e-06   2.50063948940555e+01
   4.45488280000000e+07   2.86029785456776e-06   2.50464264590994e+01
   4.49488310000000e+07   2.33129162552359e-06   2.49583570159945e+01
   4.53488330000000e+07   2.14576698454039e-06   2.50664422416190e+01
   4.57488360000000e+07   1.63115964824101e-06   2.51264895891685e+01
   4.61488380000000e+07   1.70280873135198e-06   2.49943854245411e+01
   4.65488410000000e+07   3.00211104331538e-06   2.50184043635693e+01
   4.69488440000000e+07   2.20092852032394e-06   2.50224075200738e+01
   4.73488460000000e+07   2.06783738576632e-06   2.51184832761627e+01
   4.77488490000000e+07   1.55487953179545e-06   2.50544327721075e+01
   4.81488510000000e+07   1.60862077791535e-06   2.50063948940555e+01
   4.85488540000000e+07   2.59860416917945e-06   2.50864580241371e+01
   4.89488570000000e+07   2.24009545490844e-06   2.50184043635693e+01
   4.93488590000000e+07   2.20337346945598e-06   2.50264106765782e+01
   4.97488620000000e+07   1.75355273768218e-06   2.50944643371439e+01
   5.01488640000000e+07   1.62976402862114e-06   2.50504296156035e+01
   5.05488670000000e+07   2.76226865025819e-06   2.50264106765782e+01
   5.09488700000000e+07   2.17159640669706e-06   2.50144012070648e+01
   5.13488720000000e+07   1.66798645295785e-06   2.50424233025953e+01
   5.17488750000000e+07   9.96253447738127e-07   2.50944643371439e+01
   9.52075770000000e+07  -4.28527453914285e-03   2.50704453981228e+01
   9.56075800000000e+07   2.82419819086499e-06   2.50464264590994e+01
   9.60075830000000e+07   1.62656272095774e-06   2.50264106765782e+01
   9.64075850000000e+07   9.12466191493877e-07   2.50544327721075e+01
   9.68075880000000e+07   1.67439395681868e-06   2.49943854245411e+01
   9.72075900000000e+07   2.88367391476640e-06   2.49503507029835e+01
   9.76075930000000e+07   3.24222742165148e-06   2.49783727985210e+01
   9.80075960000000e+07   2.17502474697540e-06   2.49583570159945e+01
   9.84075980000000e+07   1.48662013543799e-06   2.49663633290053e+01
   9.88076010000000e+07   2.31286026064481e-06   2.50063948940555e+01
   9.92076030000000e+07   2.58635668615170e-06   2.49503507029835e+01
   9.96076060000000e+07   2.73974660558451e-06   2.49583570159945e+01
   1.00007609000000e+08   1.82745623078517e-06   2.50063948940555e+01
   1.00407611000000e+08   1.22609606023616e-06   2.49343380769607e+01
   1.00807614000000e+08   1.84377370260336e-06   2.49903822680362e+01
   1.01207616000000e+08   2.00110389414476e-06   2.50544327721075e+01
   1.01607619000000e+08   2.37228391597455e-06   2.49783727985210e+01
   1.02007622000000e+08   1.55603004259319e-06   2.50864580241371e+01
   1.02407624000000e+08   7.15049907284993e-07   2.49903822680362e+01
   1.02807627000000e+08   1.42236865485756e-06   2.49783727985210e+01
   1.03207629000000e+08   2.12826307688374e-06   2.49503507029835e+01
   1.03607632000000e+08   2.44053603637440e-06   2.50584359286114e+01
   1.04007635000000e+08   1.63586491908063e-06   2.50824548676336e+01
   1.04407637000000e+08   1.11827512228047e-06   2.49663633290053e+01
   1.04807640000000e+08   1.67155008057307e-06   2.49983885810460e+01
   1.48793023000000e+08   4.67659952118993e-03   2.50904611806405e+01
   1.49193025000000e+08   1.20103845802078e-06   2.50184043635693e+01
   1.49593028000000e+08   2.23034999180527e-06   2.50344169895869e+01
   1.49993030000000e+08   2.17713500205718e-06   2.50063948940555e+01
   1.50393033000000e+08   1.00376757927734e-06   2.50864580241371e+01
   1.50793036000000e+08   3.24549910146743e-06   2.50224075200738e+01
   1.51193038000000e+08   1.97170606952568e-06   2.49583570159945e+01
   1.51593041000000e+08   2.53672351391288e-06   2.50103980505602e+01
   1.51993043000000e+08   2.06000845537346e-06   2.49783727985210e+01
   1.52393046000000e+08   1.26090492358344e-06   2.50504296156035e+01
   1.52793048000000e+08   3.71363444173767e-06   2.50384201460911e+01
   1.53193051000000e+08   1.79574612957367e-06   2.50504296156035e+01
   1.53593054000000e+08   2.04804337045061e-06   2.50464264590994e+01
   1.53993056000000e+08   2.32024854085466e-06   2.49983885810460e+01
   1.54393059000000e+08   1.39819576361333e-06   2.49943854245411e+01
   1.54793061000000e+08   3.18345632877026e-06   2.51224864326656e+01
   1.55193064000000e+08   1.22812889458146e-06   2.50504296156035e+01
   1.55593067000000e+08   2.00300246433471e-06   2.50224075200738e+01
   1.55993069000000e+08   1.79338906036719e-06   2.51304927456713e+01
   1.56393072000000e+08   5.46200340068026e-07   2.49943854245411e+01
   1.56793074000000e+08   2.60573801824648e-06   2.50544327721075e+01
   1.57193077000000e+08   1.49167192375899e-06   2.51425022151793e+01
   1.57593080000000e+08   1.71746614796575e-06   2.50304138330826e+01
   1.57993082000000e+08   1.61099228535022e-06   2.50624390851152e+01
   1.58393085000000e+08   8.07333833563462e-07   2.50304138330826e+01
   1.93535722000000e+08  -2.07666237838566e-03   2.50904611806405e+01
   1.93935725000000e+08   1.85859244083986e-06   2.50904611806405e+01
   1.94335727000000e+08   1.29016666505777e-06   2.50824548676336e+01
   1.94735730000000e+08   2.76839637081139e-06   2.50224075200738e+01
   1.95135732000000e+08   5.90489037222142e-07   2.49583570159945e+01
   1.95535735000000e+08   2.41216275753686e-06   2.50384201460911e+01
   1.95935738000000e+08   1.57122974542290e-06   2.50464264590994e+01
   1.96335740000000e+08   1.14852878141392e-06   2.50144012070648e+01
   1.96735743000000e+08   2.48964988713851e-06   2.51224864326656e+01
   1.97135745000000e+08   6.45683769562311e-07   2.50944643371439e+01
   1.97535748000000e+08   2.80485073744785e-06   2.49663633290053e+01
   1.97935751000000e+08   2.09885388358089e-06   2.50344169895869e+01
   1.98335753000000e+08   1.49612947097921e-06   2.49863791115312e+01
   1.98735756000000e+08   2.67265772890823e-06   2.51144801196597e+01
   1.99135758000000e+08   7.85635393185657e-07   2.49503507029835e+01
   1.99535761000000e+08   2.48300875682617e-06   2.50624390851152e+01
   1.99935764000000e+08   1.63274535225355e-06   2.50584359286114e+01
   2.00335766000000e+08   1.02771309684613e-06   2.50664422416190e+01
   2.00735769000000e+08   2.49490403803065e-06   2.49863791115312e+01
   2.01135771000000e+08   6.32583692095068e-07   2.49583570159945e+01
   2.01535774000000e+08   2.22906601266004e-06   2.49583570159945e+01
   2.01935777000000e+08   1.53653729739744e-06   2.49743696420159e+01
   2.02335779000000e+08   1.22073618058494e-06   2.49583570159945e+01
   2.02735782000000e+08   2.31347439694218e-06   2.50504296156035e+01
   2.03135784000000e+08   6.68017491989303e-07   2.50464264590994e+01
