   4.00002000000000e+05   1.39088683681621e-06   2.50103980505602e+01
   8.00005000000000e+05   1.66968027315306e-06   2.50224075200738e+01
   1.20000800000000e+06   1.09233724288060e-06   2.49463475464779e+01
   1.60001000000000e+06   9.93445951280592e-07   2.49783727985210e+01
   2.00001300000000e+06   8.13961605672375e-07   2.50144012070648e+01
   2.40001500000000e+06   7.15284613761469e-07   2.50224075200738e+01
   2.80001800000000e+06   9.16105534543021e-07   2.51104769631567e+01
   3.20002100000000e+06   9.30714918467856e-07   2.52065527192126e+01
   3.60002300000000e+06   1.81621987849212e-06   2.50144012070648e+01
   4.00002600000000e+06   1.72711361301481e-06   2.50344169895869e+01
   4.40002800000000e+06   1.59183082359959e-06   2.52385779712233e+01
   4.80003100000000e+06   1.98628640646348e-06   2.49663633290053e+01
   5.20003300000000e+06   1.61290211053711e-06   2.50864580241371e+01
   5.60003600000000e+06   2.33322998610674e-06   2.50464264590994e+01
   6.00003900000000e+06   1.92073912330670e-06   2.50504296156035e+01
   6.40004100000000e+06   2.04359116651176e-06   2.50504296156035e+01
   6.80004400000000e+06   2.41895281760662e-06   2.49783727985210e+01
   7.20004600000000e+06   1.80708104835503e-06   2.49903822680362e+01
   7.60004900000000e+06   2.54787846643012e-06   2.49823759550261e+01
   8.00005200000000e+06   2.01394868781790e-06   2.49663633290053e+01
   8.40005400000000e+06   2.27325085688790e-06   2.50504296156035e+01
   8.80005700000000e+06   2.35787479141436e-06   2.50144012070648e+01
   9.20005900000000e+06   1.89901095382083e-06   2.49143222944307e+01
   9.60006200000000e+06   1.99454370886087e-06   2.50904611806405e+01
   4.20200410000000e+07  -2.08584987558424e-03   2.49823759550261e+01
   4.24200440000000e+07   2.19060007111693e-06   2.49663633290053e+01
   4.28200470000000e+07   1.10037035483401e-06   2.50103980505602e+01
   4.32200490000000e+07   1.60752642841544e-06   2.50103980505602e+01
   4.36200520000000e+07   1.21504285743868e-06   2.50704453981228e+01
   4.40200540000000e+07   1.31400429381756e-06   2.50264106765782e+01
   4.44200570000000e+07   2.18550280806085e-06   2.50584359286114e+01
   4.48200590000000e+07   1.23642053040385e-06   2.50824548676336e+01
   4.52200620000000e+07   1.36312473841826e-06   2.51425022151793e+01
   4.56200650000000e+07   1.50430014400627e-06   2.51304927456713e+01
   4.60200670000000e+07   1.37640984121390e-06   2.50704453981228e+01
   4.64200700000000e+07   1.94939252651238e-06   2.50704453981228e+01
   4.68200720000000e+07   1.31419699300750e-06   2.50544327721075e+01
   4.72200750000000e+07   1.58271723194048e-06   2.51144801196597e+01
   4.76200780000000e+07   1.90891501006263e-06   2.51024706501504e+01
   4.80200800000000e+07   1.81759639872325e-06   2.50984674936472e+01
   4.84200830000000e+07   2.45408546106773e-06   2.50584359286114e+01
   4.88200850000000e+07   1.89448815035576e-06   2.50864580241371e+01
   4.92200880000000e+07   1.80588756393263e-06   2.49503507029835e+01
   4.96200900000000e+07   1.42324972784991e-06   2.50184043635693e+01
   5.00200930000000e+07   1.27571047414676e-06   2.50424233025953e+01
   5.04200960000000e+07   2.12345480576914e-06   2.49583570159945e+01
   5.08200980000000e+07   1.32884815684520e-06   2.49943854245411e+01
   5.12201010000000e+07   1.58992941123870e-06   2.49663633290053e+01
   5.16201030000000e+07   1.42110377510107e-06   2.50464264590994e+01
   9.55364850000000e+07   4.68307500705123e-03   2.51625179976914e+01
   9.59364880000000e+07   7.85450083640171e-07   2.50824548676336e+01
   9.63364900000000e+07   8.32615967283346e-07   2.51104769631567e+01
   9.67364930000000e+07   9.73615328803135e-07   2.51144801196597e+01
   9.71364960000000e+07   8.71251302214660e-07   2.50864580241371e+01
   9.75364980000000e+07   2.22413132178190e-06   2.50144012070648e+01
   9.79365010000000e+07   9.12968459942931e-07   2.50584359286114e+01
   9.83365030000000e+07   1.42814440096117e-06   2.50304138330826e+01
   9.87365060000000e+07   1.25420638141804e-06   2.50384201460911e+01
   9.91365080000000e+07   1.19347976124118e-06   2.50544327721075e+01
   9.95365110000000e+07   2.27480518333323e-06   2.50344169895869e+01
   9.99365140000000e+07   1.28430679069425e-06   2.49903822680362e+01
   1.00336516000000e+08   1.53166593008791e-06   2.50224075200738e+01
   1.00736519000000e+08   1.47818218465545e-06   2.50264106765782e+01
   1.01136521000000e+08   1.27934106330940e-06   2.50544327721075e+01
   1.01536524000000e+08   2.52434460890072e-06   2.49783727985210e+01
   1.01936527000000e+08   1.36275366457994e-06   2.50224075200738e+01
   1.02336529000000e+08   1.66476559115836e-06   2.49743696420159e+01
   1.02736532000000e+08   1.54809981722792e-06   2.50464264590994e+01
   1.03136534000000e+08   1.57442855197587e-06   2.50344169895869e+01
   1.03536537000000e+08   2.70165401161648e-06   2.49543538594890e+01
   1.03936540000000e+08   1.77304082171759e-06   2.50144012070648e+01
   1.04336542000000e+08   2.15040904549824e-06   2.50424233025953e+01
   1.04736545000000e+08   1.85341309588694e-06   2.51104769631567e+01
   1.05136547000000e+08   1.95377424461185e-06   2.50544327721075e+01
   1.48779562000000e+08  -4.27814945578575e-03   2.50504296156035e+01
   1.49179564000000e+08   1.07332527932158e-06   2.50504296156035e+01
   1.49579567000000e+08   1.60424121986580e-06   2.49823759550261e+01
   1.49979570000000e+08   2.22228504753730e-06   2.50144012070648e+01
   1.50379572000000e+08   9.97662596091686e-07   2.49063159814183e+01
   1.50779575000000e+08   1.20046513529815e-06   2.49263317639489e+01
   1.51179577000000e+08   1.01407147212740e-06   2.49543538594890e+01
   1.51579580000000e+08   1.87218608971307e-06   2.49063159814183e+01
   1.51979583000000e+08   2.85799251287244e-06   2.49703664855106e+01
   1.52379585000000e+08   1.46606748785416e-06   2.49743696420159e+01
   1.52779588000000e+08   1.84233499567199e-06   2.49623601725000e+01
   1.53179590000000e+08   1.39338635563035e-06   2.49303349204548e+01
   1.53579593000000e+08   2.03017134481343e-06   2.49943854245411e+01
   1.53979595000000e+08   2.48751325671037e-06   2.49663633290053e+01
   1.54379598000000e+08   1.66500728937535e-06   2.50504296156035e+01
   1.54779601000000e+08   1.68089582075481e-06   2.51865369367039e+01
   1.55179603000000e+08   1.28688429867907e-06   2.51144801196597e+01
   1.55579606000000e+08   2.03515560315282e-06   2.50864580241371e+01
   1.55979608000000e+08   2.47357752414246e-06   2.51585148411891e+01
   1.56379611000000e+08   1.64361813403957e-06   2.50904611806405e+01
   1.56779614000000e+08   1.93925711755583e-06   2.51184832761627e+01
   1.57179616000000e+08   1.22376854960748e-06   2.50664422416190e+01
   1.57579619000000e+08   1.89360855529230e-06   2.50384201460911e+01
   1.57979621000000e+08   2.29726151701470e-06   2.50784517111300e+01
   1.58379624000000e+08   1.19532489861740e-06   2.49823759550261e+01
   1.93341149000000e+08   2.40362528711557e-03   2.49903822680362e+01
   1.93741151000000e+08   1.51341589571530e-06   2.50344169895869e+01
   1.94141154000000e+08   2.65007406596851e-06   2.50864580241371e+01
   1.94541156000000e+08   1.46714694437833e-06   2.50464264590994e+01
   1.94941159000000e+08   1.71226122347434e-06   2.50504296156035e+01
   1.95341161000000e+08   1.68005374234781e-06   2.50344169895869e+01
   1.95741164000000e+08   1.65891935921536e-06   2.50904611806405e+01
   1.96141167000000e+08   2.76762693829369e-06   2.49823759550261e+01
   1.96541169000000e+08   1.52075494952442e-06   2.51384990586767e+01
   1.96941172000000e+08   1.63865070135216e-06   2.50264106765782e+01
   1.97341174000000e+08   2.08142159863201e-06   2.50344169895869e+01
   1.97741177000000e+08   2.15214777199435e-06   2.49903822680362e+01
   1.98141180000000e+08   3.13183522848703e-06   2.49903822680362e+01
   1.98541182000000e+08   1.97208009922178e-06   2.49583570159945e+01
   1.98941185000000e+08   2.31752710533328e-06   2.49823759550261e+01
   1.99341187000000e+08   1.73602404629492e-06   2.50224075200738e+01
   1.99741190000000e+08   1.30631997308228e-06   2.49903822680362e+01
   2.00141192000000e+08   2.15154273064400e-06   2.49983885810460e+01
   2.00541195000000e+08   1.28264014165325e-06   2.49863791115312e+01
   2.00941198000000e+08   1.26496797747677e-06   2.50664422416190e+01
   2.01341200000000e+08   1.29587090214045e-06   2.50624390851152e+01
   2.01741203000000e+08   1.18168532026175e-06   2.50824548676336e+01
   2.02141205000000e+08   2.21214668272296e-06   2.49943854245411e+01
   2.02541208000000e+08   1.05863648514060e-06   2.49983885810460e+01
   2.02941211000000e+08   1.24123698697076e-06   2.49623601725000e+01
