   4.00003000000000e+05   1.27566431729065e-06   2.50784517111300e+01
   8.00005000000000e+05   1.68807048339659e-06   2.50984674936472e+01
   1.20000800000000e+06   1.33883656872058e-06   2.50864580241371e+01
   1.60001000000000e+06   1.51650249335944e-06   2.50384201460911e+01
   2.00001300000000e+06   1.81483073902200e-06   2.50224075200738e+01
   2.40001600000000e+06   1.74732133473299e-06   2.50224075200738e+01
   2.80001800000000e+06   2.09473591894493e-06   2.49383412334665e+01
   3.20002100000000e+06   1.68537803801883e-06   2.49703664855106e+01
   3.60002300000000e+06   1.97422673409164e-06   2.49983885810460e+01
   4.00002600000000e+06   1.70716702996287e-06   2.50304138330826e+01
   4.40002900000000e+06   1.45056822020706e-06   2.50103980505602e+01
   4.80003100000000e+06   1.66616644037276e-06   2.49223286074429e+01
   5.20003400000000e+06   1.48258106946741e-06   2.49943854245411e+01
   5.60003600000000e+06   1.57769659381302e-06   2.50344169895869e+01
   6.00003900000000e+06   1.75014292835840e-06   2.49783727985210e+01
   6.40004200000000e+06   1.49314257669175e-06   2.50344169895869e+01
   6.80004400000000e+06   1.95446295947477e-06   2.50384201460911e+01
   7.20004700000000e+06   1.51150607052841e-06   2.50103980505602e+01
   7.60004900000000e+06   1.75835486970755e-06   2.50584359286114e+01
   8.00005200000000e+06   1.69079510214942e-06   2.50304138330826e+01
   8.40005500000000e+06   1.55914779043087e-06   2.49743696420159e+01
   8.80005700000000e+06   1.76166554410884e-06   2.49503507029835e+01
   9.20006000000000e+06   1.49373818203458e-06   2.49783727985210e+01
   9.60006200000000e+06   1.68809458500618e-06   2.50424233025953e+01
   4.20077440000000e+07   2.39242496900260e-03   2.50103980505602e+01
   4.24077470000000e+07   1.74487729509565e-06   2.49743696420159e+01
   4.28077490000000e+07   9.59630483521323e-07   2.49823759550261e+01
   4.32077520000000e+07   3.01936984214990e-06   2.49503507029835e+01
   4.36077540000000e+07   1.10649193629797e-06   2.50103980505602e+01
   4.40077570000000e+07   2.70480632025283e-06   2.49543538594890e+01
   4.44077590000000e+07   1.58941861627682e-06   2.49463475464779e+01
   4.48077620000000e+07   1.03815523289086e-06   2.49703664855106e+01
   4.52077650000000e+07   2.84841416942072e-06   2.51104769631567e+01
   4.56077670000000e+07   1.15410352918843e-06   2.49303349204548e+01
   4.60077700000000e+07   2.06228287424892e-06   2.49663633290053e+01
   4.64077720000000e+07   1.10733924429951e-06   2.49143222944307e+01
   4.68077750000000e+07   3.67174038728990e-07   2.50103980505602e+01
   4.72077780000000e+07   2.28476301344926e-06   2.50664422416190e+01
   4.76077800000000e+07   4.79553875720740e-07   2.50023917375508e+01
   4.80077830000000e+07   2.21954678636394e-06   2.50023917375508e+01
   4.84077850000000e+07   1.38779910230369e-06   2.50023917375508e+01
   4.88077880000000e+07   8.97209872618987e-07   2.50824548676336e+01
   4.92077910000000e+07   2.55682880379027e-06   2.50504296156035e+01
   4.96077930000000e+07   1.00151987680874e-06   2.49983885810460e+01
   5.00077960000000e+07   2.59907551480865e-06   2.50304138330826e+01
   5.04077980000000e+07   1.89122943083930e-06   2.50304138330826e+01
   5.08078010000000e+07   1.32954562559462e-06   2.50063948940555e+01
   5.12078040000000e+07   2.93528023576073e-06   2.49903822680362e+01
   5.16078060000000e+07   1.48111314501875e-06   2.50264106765782e+01
   9.52755530000000e+07  -4.28224960342050e-03   2.51745274671980e+01
   9.56755560000000e+07   9.13275698621874e-07   2.51304927456713e+01
   9.60755580000000e+07   3.47841023540241e-06   2.50864580241371e+01
   9.64755610000000e+07   1.54325471157790e-06   2.51585148411891e+01
   9.68755640000000e+07   7.16883789664280e-07   2.51104769631567e+01
   9.72755660000000e+07   1.66155359693221e-06   2.50864580241371e+01
   9.76755690000000e+07   9.60524175752653e-07   2.51104769631567e+01
   9.80755710000000e+07   3.63643334821973e-06   2.49423443899722e+01
   9.84755740000000e+07   2.33740456678788e-06   2.50184043635693e+01
   9.88755770000000e+07   1.26401369016094e-06   2.50424233025953e+01
   9.92755790000000e+07   2.09022914532397e-06   2.50304138330826e+01
   9.96755820000000e+07   1.36878793455253e-06   2.49983885810460e+01
   1.00075584000000e+08   3.93136178900022e-06   2.48822970423795e+01
   1.00475587000000e+08   2.24139080273744e-06   2.49663633290053e+01
   1.00875590000000e+08   1.28100327856373e-06   2.50424233025953e+01
   1.01275592000000e+08   2.03895774575358e-06   2.50624390851152e+01
   1.01675595000000e+08   1.53049938944605e-06   2.51264895891685e+01
   1.02075597000000e+08   3.84667146136053e-06   2.50904611806405e+01
   1.02475600000000e+08   2.41440807258186e-06   2.50624390851152e+01
   1.02875603000000e+08   1.67518737725914e-06   2.50304138330826e+01
   1.03275605000000e+08   2.41394286604191e-06   2.51264895891685e+01
   1.03675608000000e+08   1.71895453604520e-06   2.50904611806405e+01
   1.04075610000000e+08   3.76354887521302e-06   2.51825337802020e+01
   1.04475613000000e+08   2.42887631429767e-06   2.51505085281844e+01
   1.04875616000000e+08   1.69749091583071e-06   2.51465053716819e+01
   1.48489188000000e+08   4.68052458018064e-03   2.49903822680362e+01
   1.48889191000000e+08   1.40522104175034e-06   2.49743696420159e+01
   1.49289193000000e+08   1.41631812766718e-06   2.50464264590994e+01
   1.49689196000000e+08   1.08309575352905e-06   2.49703664855106e+01
   1.50089198000000e+08   3.34698233928066e-06   2.49063159814183e+01
   1.50489201000000e+08   1.16764408630843e-06   2.49943854245411e+01
   1.50889204000000e+08   1.77788751898333e-06   2.50664422416190e+01
   1.51289206000000e+08   1.90746618500270e-06   2.50264106765782e+01
   1.51689209000000e+08   1.35525647237955e-06   2.51344959021740e+01
   1.52089211000000e+08   3.32678200720693e-06   2.49503507029835e+01
   1.52489214000000e+08   1.34080676161830e-06   2.50544327721075e+01
   1.52889217000000e+08   1.92026413969870e-06   2.50144012070648e+01
   1.53289219000000e+08   1.95052257367934e-06   2.50384201460911e+01
   1.53689222000000e+08   1.28206966110156e-06   2.49863791115312e+01
   1.54089224000000e+08   2.77102981272037e-06   2.50144012070648e+01
   1.54489227000000e+08   6.65380468944932e-07   2.50624390851152e+01
   1.54889229000000e+08   1.16118076221028e-06   2.50904611806405e+01
   1.55289232000000e+08   1.31146475723654e-06   2.51144801196597e+01
   1.55689235000000e+08   7.48182060306135e-07   2.48943065118992e+01
   1.56089237000000e+08   2.29356214731524e-06   2.49583570159945e+01
   1.56489240000000e+08   3.43994940976700e-07   2.49663633290053e+01
   1.56889242000000e+08   1.03185220723390e-06   2.50864580241371e+01
   1.57289245000000e+08   9.76944079411624e-07   2.51184832761627e+01
   1.57689248000000e+08   5.68520249544235e-07   2.50584359286114e+01
   1.58089250000000e+08   3.07872892335581e-06   2.51184832761627e+01
   1.93436476000000e+08  -2.06898711621761e-03   2.50264106765782e+01
   1.93836479000000e+08   9.58520445237809e-07   2.51064738066536e+01
   1.94236481000000e+08   2.23074266614276e-06   2.50624390851152e+01
   1.94636484000000e+08   2.20952097151894e-06   2.50144012070648e+01
   1.95036486000000e+08   1.82840324214339e-06   2.50624390851152e+01
   1.95436489000000e+08   1.51573885887046e-06   2.50464264590994e+01
   1.95836492000000e+08   1.07022731299367e-06   2.50023917375508e+01
   1.96236494000000e+08   2.32857087212324e-06   2.50264106765782e+01
   1.96636497000000e+08   2.35284983318707e-06   2.49823759550261e+01
   1.97036499000000e+08   1.87269563411974e-06   2.50103980505602e+01
   1.97436502000000e+08   1.79121673227201e-06   2.50904611806405e+01
   1.97836505000000e+08   1.26719601212244e-06   2.50984674936472e+01
   1.98236507000000e+08   2.68845747086743e-06   2.50904611806405e+01
   1.98636510000000e+08   2.46197623710032e-06   2.50264106765782e+01
   1.99036512000000e+08   2.22950507122732e-06   2.50544327721075e+01
   1.99436515000000e+08   2.06068216357380e-06   2.51344959021740e+01
   1.99836518000000e+08   1.34155106934486e-06   2.50904611806405e+01
   2.00236520000000e+08   2.20516380977642e-06   2.50304138330826e+01
   2.00636523000000e+08   2.03962190425955e-06   2.50704453981228e+01
   2.01036525000000e+08   1.83936674602592e-06   2.50984674936472e+01
   2.01436528000000e+08   1.73643718426320e-06   2.50184043635693e+01
   2.01836531000000e+08   1.00998443031131e-06   2.50504296156035e+01
   2.02236533000000e+08   1.68712733739085e-06   2.50784517111300e+01
   2.02636536000000e+08   1.68798806043924e-06   2.49983885810460e+01
   2.03036538000000e+08   1.56642022375308e-06   2.50864580241371e+01
