   4.00003000000000e+05   1.25789415506006e-06   2.50904611806405e+01
   8.00005000000000e+05   1.57513363774342e-06   2.50063948940555e+01
   1.20000800000000e+06   1.43335546454182e-06   2.50864580241371e+01
   1.60001000000000e+06   1.38294956286700e-06   2.50704453981228e+01
   2.00001300000000e+06   1.82632436462882e-06   2.50504296156035e+01
   2.40001600000000e+06   1.59004378019745e-06   2.50384201460911e+01
   2.80001800000000e+06   1.91146705219580e-06   2.50103980505602e+01
   3.20002100000000e+06   1.76348237346247e-06   2.50704453981228e+01
   3.60002300000000e+06   1.62422668381623e-06   2.49903822680362e+01
   4.00002600000000e+06   2.11108772418811e-06   2.49663633290053e+01
   4.40002900000000e+06   1.77012691437994e-06   2.50023917375508e+01
   4.80003100000000e+06   2.13770385926182e-06   2.49663633290053e+01
   5.20003400000000e+06   1.93807636605925e-06   2.49543538594890e+01
   5.60003600000000e+06   1.90918808584684e-06   2.49703664855106e+01
   6.00003900000000e+06   2.34628373618762e-06   2.50784517111300e+01
   6.40004200000000e+06   1.99242344933737e-06   2.50264106765782e+01
   6.80004400000000e+06   2.39123551182274e-06   2.50384201460911e+01
   7.20004700000000e+06   2.15531827052473e-06   2.50504296156035e+01
   7.60004900000000e+06   2.14395231523667e-06   2.50424233025953e+01
   8.00005200000000e+06   2.48244259637431e-06   2.51264895891685e+01
   8.40005500000000e+06   2.08618826036400e-06   2.51264895891685e+01
   8.80005700000000e+06   2.50509651777975e-06   2.50864580241371e+01
   9.20006000000000e+06   2.29009310714900e-06   2.51865369367039e+01
   9.60006200000000e+06   2.24493260247982e-06   2.50704453981228e+01
   4.21109950000000e+07   2.35687498934567e-03   2.50023917375508e+01
   4.25109970000000e+07   1.60915260494221e-06   2.51104769631567e+01
   4.29110000000000e+07   1.97480699171138e-06   2.49743696420159e+01
   4.33110030000000e+07   2.98359896078182e-06   2.50304138330826e+01
   4.37110050000000e+07  -2.64015966422448e-07   2.50184043635693e+01
   4.41110080000000e+07   2.31641956816020e-06   2.49343380769607e+01
   4.45110100000000e+07   1.84475049991306e-06   2.49263317639489e+01
   4.49110130000000e+07   2.43088652496226e-06   2.50784517111300e+01
   4.53110160000000e+07   3.05482762996689e-06   2.49463475464779e+01
   4.57110180000000e+07   7.94329650943837e-08   2.49303349204548e+01
   4.61110210000000e+07   2.82148016594874e-06   2.50344169895869e+01
   4.65110230000000e+07   2.28319481720973e-06   2.50063948940555e+01
   4.69110260000000e+07   2.65814651356777e-06   2.50664422416190e+01
   4.73110290000000e+07   3.00519945994893e-06   2.50224075200738e+01
   4.77110310000000e+07   4.80183928175393e-07   2.49983885810460e+01
   4.81110340000000e+07   2.98067629955767e-06   2.49583570159945e+01
   4.85110360000000e+07   2.12947861655266e-06   2.49503507029835e+01
   4.89110390000000e+07   2.47747402681853e-06   2.50184043635693e+01
   4.93110420000000e+07   2.80152221421304e-06   2.50504296156035e+01
   4.97110440000000e+07   4.80719791084994e-07   2.49863791115312e+01
   5.01110470000000e+07   2.82049313682364e-06   2.50144012070648e+01
   5.05110490000000e+07   1.89623494861735e-06   2.50264106765782e+01
   5.09110520000000e+07   2.32482648243604e-06   2.50664422416190e+01
   5.13110550000000e+07   2.20751462620683e-06   2.50504296156035e+01
   5.17110570000000e+07   3.60807405286323e-07   2.49663633290053e+01
   9.54301700000000e+07  -4.22562425956130e-03   2.49983885810460e+01
   9.58301720000000e+07   1.74630599758530e-06   2.49543538594890e+01
   9.62301750000000e+07   2.51263259087864e-06   2.50344169895869e+01
   9.66301770000000e+07   2.97402903015609e-06   2.49863791115312e+01
   9.70301800000000e+07   9.76092564997089e-07   2.50304138330826e+01
   9.74301830000000e+07   2.23832421397674e-06   2.50704453981228e+01
   9.78301850000000e+07   1.97631766241102e-06   2.50184043635693e+01
   9.82301880000000e+07   2.67029622591508e-06   2.51064738066536e+01
   9.86301900000000e+07   2.80923723039450e-06   2.51144801196597e+01
   9.90301930000000e+07   1.08021436062700e-06   2.50784517111300e+01
   9.94301960000000e+07   2.43533941102214e-06   2.51024706501504e+01
   9.98301980000000e+07   2.10366101782711e-06   2.51264895891685e+01
   1.00230201000000e+08   2.58428349297901e-06   2.50864580241371e+01
   1.00630203000000e+08   2.61346826846420e-06   2.51264895891685e+01
   1.01030206000000e+08   1.01506759619951e-06   2.50664422416190e+01
   1.01430209000000e+08   2.46595823227835e-06   2.50023917375508e+01
   1.01830211000000e+08   2.00761087398860e-06   2.50063948940555e+01
   1.02230214000000e+08   2.44054467657406e-06   2.49383412334665e+01
   1.02630216000000e+08   2.36375490203500e-06   2.49583570159945e+01
   1.03030219000000e+08   9.04104297205777e-07   2.51184832761627e+01
   1.03430222000000e+08   2.36645792028867e-06   2.50824548676336e+01
   1.03830224000000e+08   1.95780944522994e-06   2.49743696420159e+01
   1.04230227000000e+08   2.36595133173978e-06   2.49743696420159e+01
   1.04630229000000e+08   2.22236553781840e-06   2.50264106765782e+01
   1.05030232000000e+08   1.04714331428113e-06   2.49823759550261e+01
   1.48551107000000e+08   4.62135020643473e-03   2.50264106765782e+01
   1.48951109000000e+08   9.60881038736261e-07   2.50824548676336e+01
   1.49351112000000e+08   2.18430272980186e-06   2.49783727985210e+01
   1.49751114000000e+08   2.26014276449860e-06   2.50704453981228e+01
   1.50151117000000e+08   1.10333280645136e-06   2.50784517111300e+01
   1.50551120000000e+08   2.44864054366190e-06   2.49663633290053e+01
   1.50951122000000e+08   1.03722220501368e-06   2.50264106765782e+01
   1.51351125000000e+08   2.14347869587073e-06   2.49103191379245e+01
   1.51751127000000e+08   2.19777257370879e-06   2.50184043635693e+01
   1.52151130000000e+08   7.40401048915373e-07   2.49463475464779e+01
   1.52551133000000e+08   2.22400535676570e-06   2.50184043635693e+01
   1.52951135000000e+08   6.20166872522532e-07   2.49583570159945e+01
   1.53351138000000e+08   1.98277552954096e-06   2.50584359286114e+01
   1.53751140000000e+08   1.78189782218396e-06   2.51024706501504e+01
   1.54151143000000e+08   1.19142509902304e-06   2.50624390851152e+01
   1.54551146000000e+08   2.66699748863175e-06   2.51304927456713e+01
   1.54951148000000e+08   1.19495462058694e-06   2.50103980505602e+01
   1.55351151000000e+08   2.37678136727482e-06   2.50464264590994e+01
   1.55751153000000e+08   2.19653043131984e-06   2.49903822680362e+01
   1.56151156000000e+08   1.25188273614185e-06   2.50184043635693e+01
   1.56551159000000e+08   2.53337952926813e-06   2.49543538594890e+01
   1.56951161000000e+08   1.13772125587275e-06   2.50184043635693e+01
   1.57351164000000e+08   2.34971616919211e-06   2.49863791115312e+01
   1.57751166000000e+08   2.10626058105845e-06   2.49303349204548e+01
   1.58151169000000e+08   1.40927079428366e-06   2.49503507029835e+01
   1.92871646000000e+08  -2.05046311020851e-03   2.49943854245411e+01
   1.93271648000000e+08   3.55457655132341e-06   2.49703664855106e+01
   1.93671651000000e+08   1.65085634762363e-06   2.50144012070648e+01
   1.94071654000000e+08   1.33363005261344e-06   2.50584359286114e+01
   1.94471656000000e+08  -4.73901451414349e-07   2.50304138330826e+01
   1.94871659000000e+08   2.28421095016529e-06   2.50504296156035e+01
   1.95271661000000e+08   2.74823469226249e-06   2.50584359286114e+01
   1.95671664000000e+08   9.22676463233074e-07   2.49663633290053e+01
   1.96071667000000e+08   1.18473280963372e-06   2.50464264590994e+01
   1.96471669000000e+08   1.53088549836866e-07   2.49303349204548e+01
   1.96871672000000e+08   2.76131413556868e-06   2.51104769631567e+01
   1.97271674000000e+08   2.86201816379617e-06   2.50664422416190e+01
   1.97671677000000e+08   8.99722863323404e-07   2.50944643371439e+01
   1.98071680000000e+08   1.76175410615542e-06   2.50744485546264e+01
   1.98471682000000e+08   8.59296335420368e-07   2.50344169895869e+01
   1.98871685000000e+08   3.50888558386941e-06   2.49623601725000e+01
   1.99271687000000e+08   3.11364124172542e-06   2.49823759550261e+01
   1.99671690000000e+08   1.51273582105205e-06   2.50103980505602e+01
   2.00071693000000e+08   1.67760265412653e-06   2.50023917375508e+01
   2.00471695000000e+08   1.11169697447622e-06   2.49983885810460e+01
   2.00871698000000e+08   3.40836004397715e-06   2.50264106765782e+01
   2.01271700000000e+08   2.80906010630133e-06   2.50264106765782e+01
   2.01671703000000e+08   1.11409383407590e-06   2.50824548676336e+01
   2.02071706000000e+08   1.51111782997759e-06   2.49263317639489e+01
   2.02471708000000e+08   9.32282603116619e-07   2.50063948940555e+01
