   4.00003000000000e+05   1.40749580168631e-06   2.50504296156035e+01
   8.00005000000000e+05   1.49427967244264e-06   2.49863791115312e+01
   1.20000800000000e+06   1.49195602716645e-06   2.49903822680362e+01
   1.60001000000000e+06   1.50854100411379e-06   2.51344959021740e+01
   2.00001300000000e+06   1.43961005960591e-06   2.50184043635693e+01
   2.40001600000000e+06   1.47398873195925e-06   2.50624390851152e+01
   2.80001800000000e+06   1.52748657455959e-06   2.49983885810460e+01
   3.20002100000000e+06   1.43199110880232e-06   2.49743696420159e+01
   3.60002300000000e+06   1.50899097661750e-06   2.50224075200738e+01
   4.00002600000000e+06   1.53216137732670e-06   2.51024706501504e+01
   4.40002900000000e+06   1.44860553064063e-06   2.51064738066536e+01
   4.80003100000000e+06   1.50873279380903e-06   2.49663633290053e+01
   5.20003400000000e+06   1.39897247208864e-06   2.49703664855106e+01
   5.60003600000000e+06   1.47241325976211e-06   2.50384201460911e+01
   6.00003900000000e+06   1.22318283501954e-06   2.49663633290053e+01
   6.40004200000000e+06   1.23587381040124e-06   2.49983885810460e+01
   6.80004400000000e+06   1.26828285829106e-06   2.50424233025953e+01
   7.20004700000000e+06   1.22709229799511e-06   2.50504296156035e+01
   7.60004900000000e+06   1.48864558013884e-06   2.49503507029835e+01
   8.00005200000000e+06   1.92716015590122e-06   2.50184043635693e+01
   8.40005500000000e+06   2.07560447051947e-06   2.50664422416190e+01
   8.80005700000000e+06   2.10570715353242e-06   2.50264106765782e+01
   9.20006000000000e+06   1.97386702893709e-06   2.50224075200738e+01
   9.60006200000000e+06   2.11270685213094e-06   2.50224075200738e+01
   4.21502450000000e+07   1.58212773385458e-04   2.49863791115312e+01
   4.25502470000000e+07   1.49235791013780e-06   2.51705243106959e+01
   4.29502500000000e+07   1.84665441338439e-06   2.50824548676336e+01
   4.33502520000000e+07   1.51796427871886e-06   2.49863791115312e+01
   4.37502550000000e+07   1.70448038261384e-06   2.49503507029835e+01
   4.41502580000000e+07   1.91934441318153e-06   2.49743696420159e+01
   4.45502600000000e+07   1.79668609234795e-06   2.50504296156035e+01
   4.49502630000000e+07   1.85391991180950e-06   2.50344169895869e+01
   4.53502650000000e+07   1.75250602296728e-06   2.50504296156035e+01
   4.57502680000000e+07   1.74476997472084e-06   2.48863001988861e+01
   4.61502710000000e+07   1.82790677172306e-06   2.50224075200738e+01
   4.65502730000000e+07   1.52012057696993e-06   2.49223286074429e+01
   4.69502760000000e+07   1.87595969691756e-06   2.50023917375508e+01
   4.73502780000000e+07   1.67674488693592e-06   2.50344169895869e+01
   4.77502810000000e+07   1.46072568441014e-06   2.50103980505602e+01
   4.81502830000000e+07   1.46830757330463e-06   2.50584359286114e+01
   4.85502860000000e+07   1.30075090964965e-06   2.49903822680362e+01
   4.89502890000000e+07   1.56537032580673e-06   2.50224075200738e+01
   4.93502910000000e+07   1.34059359879757e-06   2.50144012070648e+01
   4.97502940000000e+07   1.25208691770240e-06   2.50384201460911e+01
   5.01502960000000e+07   1.37046640702465e-06   2.49983885810460e+01
   5.05502990000000e+07   1.15287832613831e-06   2.49903822680362e+01
   5.09503020000000e+07   1.29133695736527e-06   2.50023917375508e+01
   5.13503040000000e+07   1.28164799662045e-06   2.49863791115312e+01
   5.17503070000000e+07   1.59373723818135e-06   2.50504296156035e+01
   9.53468800000000e+07   1.88750287634321e-04   2.50864580241371e+01
   9.57468820000000e+07   2.02306273422437e-06   2.50984674936472e+01
   9.61468850000000e+07   2.05411629394803e-06   2.50664422416190e+01
   9.65468880000000e+07   2.23029542212316e-06   2.50304138330826e+01
   9.69468900000000e+07   1.96937548935239e-06   2.50704453981228e+01
   9.73468930000000e+07   2.28265480473056e-06   2.49863791115312e+01
   9.77468950000000e+07   2.16467878999538e-06   2.50304138330826e+01
   9.81468980000000e+07   2.29005786422931e-06   2.49863791115312e+01
   9.85469000000000e+07   2.39419205172453e-06   2.49543538594890e+01
   9.89469030000000e+07   2.18986178879277e-06   2.49663633290053e+01
   9.93469060000000e+07   2.38504094340897e-06   2.49983885810460e+01
   9.97469080000000e+07   1.74083413639892e-06   2.49823759550261e+01
   1.00146911000000e+08   1.55835391524306e-06   2.50144012070648e+01
   1.00546913000000e+08   1.50989444591687e-06   2.49423443899722e+01
   1.00946916000000e+08   1.45132810303039e-06   2.48983096684056e+01
   1.01346919000000e+08   1.52787970364443e-06   2.48382623208026e+01
   1.01746921000000e+08   1.54192377976869e-06   2.49623601725000e+01
   1.02146924000000e+08   1.59194837578980e-06   2.49943854245411e+01
   1.02546926000000e+08   1.62616061061271e-06   2.50304138330826e+01
   1.02946929000000e+08   1.50136850152194e-06   2.50264106765782e+01
   1.03346932000000e+08   1.71773740476056e-06   2.49903822680362e+01
   1.03746934000000e+08   1.68787153143057e-06   2.50144012070648e+01
   1.04146937000000e+08   1.96738210433978e-06   2.50584359286114e+01
   1.04546939000000e+08   1.93790992852882e-06   2.50904611806405e+01
   1.04946942000000e+08   1.91720232578518e-06   2.50984674936472e+01
   1.48702367000000e+08   2.19300287426449e-04   2.50224075200738e+01
   1.49102370000000e+08   1.16740523026237e-06   2.50424233025953e+01
   1.49502372000000e+08   1.86537965873868e-06   2.50864580241371e+01
   1.49902375000000e+08   1.65570440913143e-06   2.49503507029835e+01
   1.50302377000000e+08   1.71188423792046e-06   2.50224075200738e+01
   1.50702380000000e+08   2.08188112083008e-06   2.50624390851152e+01
   1.51102383000000e+08   1.56603255163645e-06   2.50864580241371e+01
   1.51502385000000e+08   2.02290698325669e-06   2.50224075200738e+01
   1.51902388000000e+08   2.08868141271523e-06   2.50864580241371e+01
   1.52302390000000e+08   1.90341086181434e-06   2.51264895891685e+01
   1.52702393000000e+08   2.36116102314554e-06   2.50864580241371e+01
   1.53102396000000e+08   1.77368735876371e-06   2.49903822680362e+01
   1.53502398000000e+08   2.26505494538287e-06   2.51224864326656e+01
   1.53902401000000e+08   1.43922090956039e-06   2.49663633290053e+01
   1.54302403000000e+08   1.24549808333541e-06   2.50144012070648e+01
   1.54702406000000e+08   1.64668517754762e-06   2.50023917375508e+01
   1.55102409000000e+08   1.15859870675195e-06   2.50544327721075e+01
   1.55502411000000e+08   1.47276921325101e-06   2.50624390851152e+01
   1.55902414000000e+08   1.42166391015053e-06   2.50944643371439e+01
   1.56302416000000e+08   1.23316215194791e-06   2.51184832761627e+01
   1.56702419000000e+08   1.72285217558965e-06   2.50504296156035e+01
   1.57102421000000e+08   1.07714174646389e-06   2.50584359286114e+01
   1.57502424000000e+08   1.60450247221888e-06   2.51465053716819e+01
   1.57902427000000e+08   1.67904534009722e-06   2.50224075200738e+01
   1.58302429000000e+08   1.51311337504012e-06   2.50344169895869e+01
   1.93264500000000e+08   1.56787777086720e-04   2.49703664855106e+01
   1.93664503000000e+08   1.13555711322988e-06   2.49823759550261e+01
   1.94064505000000e+08   1.23778329452762e-06   2.49303349204548e+01
   1.94464508000000e+08   1.00323211427167e-06   2.50544327721075e+01
   1.94864511000000e+08   1.31691990645777e-06   2.49063159814183e+01
   1.95264513000000e+08   1.08329095382942e-06   2.50304138330826e+01
   1.95664516000000e+08   9.35842649596452e-07   2.49983885810460e+01
   1.96064518000000e+08   1.05983428966283e-06   2.49103191379245e+01
   1.96464521000000e+08   7.36225558739534e-07   2.49783727985210e+01
   1.96864523000000e+08   9.14138468033343e-07   2.49623601725000e+01
   1.97264526000000e+08   9.43051929880312e-07   2.50904611806405e+01
   1.97664529000000e+08   1.11966073745862e-06   2.50904611806405e+01
   1.98064531000000e+08   1.94196763914078e-06   2.49743696420159e+01
   1.98464534000000e+08   1.62245567025820e-06   2.50304138330826e+01
   1.98864536000000e+08   2.07084167413996e-06   2.51665211541937e+01
   1.99264539000000e+08   1.82165683781932e-06   2.50344169895869e+01
   1.99664542000000e+08   1.99928467736754e-06   2.50704453981228e+01
   2.00064544000000e+08   2.50470247920020e-06   2.49983885810460e+01
   2.00464547000000e+08   2.21884238271741e-06   2.50464264590994e+01
   2.00864549000000e+08   2.45104411078501e-06   2.50063948940555e+01
   2.01264552000000e+08   2.43047588810441e-06   2.50384201460911e+01
   2.01664555000000e+08   2.05024116439745e-06   2.50464264590994e+01
   2.02064557000000e+08   2.07205721380888e-06   2.50464264590994e+01
   2.02464560000000e+08   1.63145807619003e-06   2.49143222944307e+01
   2.02864562000000e+08   2.00681165551941e-06   2.50144012070648e+01
