   4.00003000000000e+05   1.93096616385446e-06   2.49983885810460e+01
   8.00006000000000e+05   2.22129392568604e-06   2.50824548676336e+01
   1.20000800000000e+06   2.12640134122921e-06   2.50424233025953e+01
   1.60001100000000e+06   2.09746804102906e-06   2.49743696420159e+01
   2.00001300000000e+06   2.19825005842722e-06   2.50664422416190e+01
   2.40001600000000e+06   1.92169500223827e-06   2.49663633290053e+01
   2.80001900000000e+06   2.22830681195774e-06   2.50304138330826e+01
   3.20002100000000e+06   1.99026703739946e-06   2.50544327721075e+01
   3.60002400000000e+06   2.00353042600909e-06   2.50584359286114e+01
   4.00002600000000e+06   2.17792489820567e-06   2.50544327721075e+01
   4.40002900000000e+06   1.54803660734615e-06   2.50224075200738e+01
   4.80003200000000e+06   1.51305437157134e-06   2.49783727985210e+01
   5.20003400000000e+06   1.37687391088548e-06   2.50984674936472e+01
   5.60003700000000e+06   1.43237889460579e-06   2.50984674936472e+01
   6.00004000000000e+06   1.49369168411795e-06   2.50624390851152e+01
   6.40004200000000e+06   1.26107943287934e-06   2.49863791115312e+01
   6.80004500000000e+06   1.32355853565969e-06   2.50784517111300e+01
   7.20004700000000e+06   1.40560848649329e-06   2.50504296156035e+01
   7.60005000000000e+06   1.25755570934416e-06   2.50864580241371e+01
   8.00005300000000e+06   1.49741254062974e-06   2.50704453981228e+01
   8.40005500000000e+06   1.74747401615605e-06   2.49743696420159e+01
   8.80005800000000e+06   2.10291136681917e-06   2.49703664855106e+01
   9.20006000000000e+06   2.01817556444439e-06   2.49223286074429e+01
   9.60006300000000e+06   1.97013082470221e-06   2.50584359286114e+01
   4.21811360000000e+07   1.50200299685821e-04   2.48702875728593e+01
   4.25811380000000e+07   2.07114021577581e-06   2.49583570159945e+01
   4.29811410000000e+07   2.05101036954147e-06   2.50864580241371e+01
   4.33811440000000e+07   2.08224128073198e-06   2.51144801196597e+01
   4.37811460000000e+07   1.93223922906327e-06   2.49543538594890e+01
   4.41811490000000e+07   1.95646180145559e-06   2.50464264590994e+01
   4.45811510000000e+07   1.57357271746150e-06   2.50784517111300e+01
   4.49811540000000e+07   1.34821209485381e-06   2.51585148411891e+01
   4.53811570000000e+07   1.64330674579105e-06   2.50664422416190e+01
   4.57811590000000e+07   1.36344340262440e-06   2.50704453981228e+01
   4.61811620000000e+07   1.62281037319190e-06   2.50904611806405e+01
   4.65811640000000e+07   1.79625669716188e-06   2.50304138330826e+01
   4.69811670000000e+07   1.80995857590460e-06   2.49983885810460e+01
   4.73811700000000e+07   2.03358786166064e-06   2.50063948940555e+01
   4.77811720000000e+07   1.59318540227105e-06   2.49623601725000e+01
   4.81811750000000e+07   1.79626670160360e-06   2.50704453981228e+01
   4.85811770000000e+07   1.88786066246394e-06   2.49343380769607e+01
   4.89811800000000e+07   1.44858620387822e-06   2.49783727985210e+01
   4.93811830000000e+07   1.71075282651145e-06   2.49423443899722e+01
   4.97811850000000e+07   1.56442240495380e-06   2.49383412334665e+01
   5.01811880000000e+07   1.95080883713672e-06   2.48662844163524e+01
   5.05811910000000e+07   2.15038176065718e-06   2.49823759550261e+01
   5.09811930000000e+07   1.91798085324990e-06   2.49903822680362e+01
   5.13811960000000e+07   2.44436228058476e-06   2.50103980505602e+01
   5.17811980000000e+07   2.14341230275750e-06   2.49743696420159e+01
   9.52405030000000e+07   2.04900148673914e-04   2.50344169895869e+01
   9.56405050000000e+07   1.79313542503223e-06   2.50544327721075e+01
   9.60405080000000e+07   1.90410696632171e-06   2.50984674936472e+01
   9.64405100000000e+07   1.46693093938666e-06   2.50063948940555e+01
   9.68405130000000e+07   1.23940969842806e-06   2.50904611806405e+01
   9.72405160000000e+07   1.50751975525054e-06   2.50063948940555e+01
   9.76405180000000e+07   1.17707190838701e-06   2.49143222944307e+01
   9.80405210000000e+07   1.34620927383367e-06   2.49943854245411e+01
   9.84405230000000e+07   1.40521399316640e-06   2.50664422416190e+01
   9.88405260000000e+07   1.30177238588658e-06   2.50904611806405e+01
   9.92405290000000e+07   1.58103102876339e-06   2.50184043635693e+01
   9.96405310000000e+07   1.31793035507144e-06   2.49823759550261e+01
   1.00040534000000e+08   1.52392544805480e-06   2.49903822680362e+01
   1.00440537000000e+08   1.48528772569989e-06   2.49263317639489e+01
   1.00840539000000e+08   1.32124091578589e-06   2.49543538594890e+01
   1.01240542000000e+08   1.55196335072105e-06   2.49623601725000e+01
   1.01640544000000e+08   1.30772355078079e-06   2.49823759550261e+01
   1.02040547000000e+08   1.49097695611999e-06   2.49863791115312e+01
   1.02440550000000e+08   2.02164073925815e-06   2.49863791115312e+01
   1.02840552000000e+08   2.02209253075125e-06   2.50344169895869e+01
   1.03240555000000e+08   2.26231213673600e-06   2.50063948940555e+01
   1.03640557000000e+08   2.08730807571555e-06   2.50264106765782e+01
   1.04040560000000e+08   2.19203047890915e-06   2.51024706501504e+01
   1.04440563000000e+08   2.64790105575230e-06   2.49863791115312e+01
   1.04840565000000e+08   2.42566443375836e-06   2.50744485546264e+01
   1.48365966000000e+08   2.03450224944390e-04   2.50304138330826e+01
   1.48765969000000e+08   1.53728819896060e-06   2.50144012070648e+01
   1.49165971000000e+08   1.90266825939034e-06   2.50023917375508e+01
   1.49565974000000e+08   1.37187350901513e-06   2.50464264590994e+01
   1.49965977000000e+08   1.75132879576267e-06   2.50224075200738e+01
   1.50365979000000e+08   1.73771150002722e-06   2.50264106765782e+01
   1.50765982000000e+08   1.53966277594009e-06   2.49943854245411e+01
   1.51165984000000e+08   1.77279866875324e-06   2.49583570159945e+01
   1.51565987000000e+08   1.68686608503776e-06   2.50344169895869e+01
   1.51965990000000e+08   1.68460121585667e-06   2.49823759550261e+01
   1.52365992000000e+08   1.91934282156581e-06   2.50344169895869e+01
   1.52765995000000e+08   1.59650755904295e-06   2.49623601725000e+01
   1.53165997000000e+08   2.12750956052332e-06   2.51465053716819e+01
   1.53566000000000e+08   1.69706675023917e-06   2.50704453981228e+01
   1.53966003000000e+08   1.79198377736611e-06   2.49983885810460e+01
   1.54366005000000e+08   1.28138924537780e-06   2.49423443899722e+01
   1.54766008000000e+08   8.83718314526050e-07   2.49903822680362e+01
   1.55166010000000e+08   1.09772895484639e-06   2.49903822680362e+01
   1.55566013000000e+08   8.50911817451561e-07   2.49863791115312e+01
   1.55966016000000e+08   9.78637785920000e-07   2.49863791115312e+01
   1.56366018000000e+08   1.73651505974703e-06   2.50144012070648e+01
   1.56766021000000e+08   1.52321422319801e-06   2.50344169895869e+01
   1.57166024000000e+08   1.85704220712068e-06   2.50584359286114e+01
   1.57566026000000e+08   1.70699991031142e-06   2.49823759550261e+01
   1.57966029000000e+08   1.76388891759416e-06   2.50864580241371e+01
   1.92998481000000e+08   1.66912752320059e-04   2.50824548676336e+01
   1.93398484000000e+08   3.08955259242794e-06   2.50184043635693e+01
   1.93798486000000e+08   2.90087768917147e-06   2.49783727985210e+01
   1.94198489000000e+08   2.59751800513186e-06   2.50864580241371e+01
   1.94598491000000e+08   2.07325820156257e-06   2.50784517111300e+01
   1.94998494000000e+08   1.78554580543278e-06   2.50184043635693e+01
   1.95398497000000e+08   1.99587861970940e-06   2.50544327721075e+01
   1.95798499000000e+08   1.87129637652106e-06   2.50023917375508e+01
   1.96198502000000e+08   1.71427325312834e-06   2.50384201460911e+01
   1.96598504000000e+08   1.32941647734697e-06   2.50544327721075e+01
   1.96998507000000e+08   1.29429565731698e-06   2.50144012070648e+01
   1.97398510000000e+08   1.41066482228780e-06   2.50224075200738e+01
   1.97798512000000e+08   1.21458174362488e-06   2.50304138330826e+01
   1.98198515000000e+08   1.18839943752391e-06   2.50184043635693e+01
   1.98598517000000e+08   1.17705326374562e-06   2.49623601725000e+01
   1.98998520000000e+08   9.82146730166278e-07   2.50384201460911e+01
   1.99398523000000e+08   1.22333597118995e-06   2.50384201460911e+01
   1.99798525000000e+08   9.59089902607957e-07   2.49703664855106e+01
   2.00198528000000e+08   1.53452469930926e-06   2.50304138330826e+01
   2.00598531000000e+08   1.89885599866102e-06   2.50544327721075e+01
   2.00998533000000e+08   1.86133001989219e-06   2.49903822680362e+01
   2.01398536000000e+08   1.98767952497292e-06   2.50984674936472e+01
   2.01798538000000e+08   2.03224658434920e-06   2.50904611806405e+01
   2.02198541000000e+08   1.68959820712189e-06   2.50704453981228e+01
   2.02598544000000e+08   1.67579298704368e-06   2.51104769631567e+01
