   4.00002000000000e+05   2.18486229641712e-06   2.50264106765782e+01
   8.00005000000000e+05   1.96857263290440e-06   2.50504296156035e+01
   1.20000800000000e+06   2.07637799576332e-06   2.50704453981228e+01
   1.60001000000000e+06   1.71540500559786e-06   2.50344169895869e+01
   2.00001300000000e+06   1.75603395291546e-06   2.50544327721075e+01
   2.40001500000000e+06   1.86972420124221e-06   2.49663633290053e+01
   2.80001800000000e+06   1.90802666111267e-06   2.50624390851152e+01
   3.20002100000000e+06   1.97107146959752e-06   2.50584359286114e+01
   3.60002300000000e+06   1.98164980247384e-06   2.50344169895869e+01
   4.00002600000000e+06   2.14983856494655e-06   2.50744485546264e+01
   4.40002800000000e+06   2.14862848224584e-06   2.50464264590994e+01
   4.80003100000000e+06   1.82717383268027e-06   2.50304138330826e+01
   5.20003400000000e+06   2.08632968679012e-06   2.49823759550261e+01
   5.60003600000000e+06   2.13965495277080e-06   2.50464264590994e+01
   6.00003900000000e+06   1.95526649804378e-06   2.50464264590994e+01
   6.40004100000000e+06   2.12713916880602e-06   2.51024706501504e+01
   6.80004400000000e+06   2.02386831915646e-06   2.49863791115312e+01
   7.20004700000000e+06   2.58461795965559e-06   2.50464264590994e+01
   7.60004900000000e+06   2.24437303586456e-06   2.50624390851152e+01
   8.00005200000000e+06   2.41155134972360e-06   2.50904611806405e+01
   8.40005400000000e+06   2.62213961832458e-06   2.50384201460911e+01
   8.80005700000000e+06   2.27659256779589e-06   2.50944643371439e+01
   9.20005900000000e+06   1.94704875866591e-06   2.50584359286114e+01
   9.60006200000000e+06   1.84220129995083e-06   2.49983885810460e+01
   4.20943720000000e+07  -2.09043710492551e-03   2.51064738066536e+01
   4.24943750000000e+07   2.01972375180048e-06   2.51024706501504e+01
   4.28943770000000e+07   1.63569404776354e-06   2.50184043635693e+01
   4.32943800000000e+07   2.10342091122584e-06   2.50824548676336e+01
   4.36943820000000e+07   1.86251361355971e-06   2.50464264590994e+01
   4.40943850000000e+07   2.48996798291046e-06   2.50384201460911e+01
   4.44943880000000e+07   2.56489488492662e-06   2.50224075200738e+01
   4.48943900000000e+07   1.79854112047906e-06   2.50624390851152e+01
   4.52943930000000e+07   1.71747831245739e-06   2.49783727985210e+01
   4.56943950000000e+07   1.27439352581860e-06   2.50384201460911e+01
   4.60943980000000e+07   2.17583306039160e-06   2.49943854245411e+01
   4.64944010000000e+07   1.92196830539615e-06   2.50504296156035e+01
   4.68944030000000e+07   1.34106824134506e-06   2.50304138330826e+01
   4.72944060000000e+07   1.32130094243621e-06   2.50584359286114e+01
   4.76944080000000e+07   1.14621775537671e-06   2.50384201460911e+01
   4.80944110000000e+07   1.66524603173457e-06   2.50384201460911e+01
   4.84944130000000e+07   1.68453027526994e-06   2.49823759550261e+01
   4.88944160000000e+07   1.15144109713583e-06   2.50184043635693e+01
   4.92944190000000e+07   1.71814167515549e-06   2.49583570159945e+01
   4.96944210000000e+07   1.27941473238025e-06   2.49943854245411e+01
   5.00944240000000e+07   2.01660554921546e-06   2.50424233025953e+01
   5.04944260000000e+07   1.94886501958536e-06   2.50504296156035e+01
   5.08944290000000e+07   1.39673829835374e-06   2.50224075200738e+01
   5.12944320000000e+07   1.77681192781165e-06   2.50944643371439e+01
   5.16944340000000e+07   1.50486971506325e-06   2.50304138330826e+01
   9.53578060000000e+07   4.66855010017753e-03   2.51024706501504e+01
   9.57578080000000e+07   2.30543082579970e-06   2.51625179976914e+01
   9.61578110000000e+07   1.20532513392391e-06   2.50184043635693e+01
   9.65578140000000e+07   2.78945958598342e-06   2.50904611806405e+01
   9.69578160000000e+07   2.00142767425859e-06   2.50624390851152e+01
   9.73578190000000e+07   1.59887360950961e-06   2.50704453981228e+01
   9.77578210000000e+07   1.95738107322541e-06   2.51144801196597e+01
   9.81578240000000e+07   8.77358161233133e-07   2.51384990586767e+01
   9.85578270000000e+07   2.40401095652487e-06   2.51104769631567e+01
   9.89578290000000e+07   1.72381930951815e-06   2.51665211541937e+01
   9.93578320000000e+07   1.72179625224089e-06   2.50784517111300e+01
   9.97578340000000e+07   1.88812555279583e-06   2.50224075200738e+01
   1.00157837000000e+08   9.34458398660354e-07   2.50784517111300e+01
   1.00557840000000e+08   2.35259813052835e-06   2.51665211541937e+01
   1.00957842000000e+08   1.58840623498691e-06   2.50384201460911e+01
   1.01357845000000e+08   1.52913992224057e-06   2.50464264590994e+01
   1.01757847000000e+08   1.73188652752287e-06   2.50344169895869e+01
   1.02157850000000e+08   8.97850839010061e-07   2.50984674936472e+01
   1.02557853000000e+08   2.31956209972850e-06   2.49903822680362e+01
   1.02957855000000e+08   1.63506172157213e-06   2.49463475464779e+01
   1.03357858000000e+08   1.76251762695756e-06   2.49703664855106e+01
   1.03757860000000e+08   1.89097386282810e-06   2.50784517111300e+01
   1.04157863000000e+08   9.81859329840518e-07   2.50224075200738e+01
   1.04557866000000e+08   2.52751283369435e-06   2.50103980505602e+01
   1.04957868000000e+08   1.73657019786333e-06   2.50664422416190e+01
   1.48401754000000e+08  -4.26612468436360e-03   2.51224864326656e+01
   1.48801757000000e+08   2.79799883173837e-06   2.50424233025953e+01
   1.49201760000000e+08   3.06201673083706e-06   2.50063948940555e+01
   1.49601762000000e+08   5.68851078242005e-07   2.50384201460911e+01
   1.50001765000000e+08   1.90129765087477e-06   2.49623601725000e+01
   1.50401767000000e+08   9.79732021733071e-07   2.49423443899722e+01
   1.50801770000000e+08   2.39531959778105e-06   2.50023917375508e+01
   1.51201773000000e+08   2.86753129330464e-06   2.49903822680362e+01
   1.51601775000000e+08   4.88994714942237e-07   2.49263317639489e+01
   1.52001778000000e+08   1.93504706658132e-06   2.49503507029835e+01
   1.52401780000000e+08   9.89729187494959e-07   2.49583570159945e+01
   1.52801783000000e+08   2.28397925639001e-06   2.50063948940555e+01
   1.53201786000000e+08   2.70601094598533e-06   2.50144012070648e+01
   1.53601788000000e+08   6.04978595220018e-07   2.50063948940555e+01
   1.54001791000000e+08   1.89283446161426e-06   2.49903822680362e+01
   1.54401793000000e+08   9.96781295725668e-07   2.49663633290053e+01
   1.54801796000000e+08   2.30267892220581e-06   2.51425022151793e+01
   1.55201799000000e+08   3.06550009554485e-06   2.50304138330826e+01
   1.55601801000000e+08   1.17536637844751e-06   2.50103980505602e+01
   1.56001804000000e+08   2.38778056882438e-06   2.50424233025953e+01
   1.56401806000000e+08   1.62971161898895e-06   2.50744485546264e+01
   1.56801809000000e+08   2.68237340605992e-06   2.50544327721075e+01
   1.57201812000000e+08   2.88661658487399e-06   2.50464264590994e+01
   1.57601814000000e+08   8.20821469460498e-07   2.50063948940555e+01
   1.58001817000000e+08   2.20372226067411e-06   2.49703664855106e+01
   1.92672571000000e+08   2.39021261222661e-03   2.50544327721075e+01
   1.93072573000000e+08   1.20406104997528e-06   2.49983885810460e+01
   1.93472576000000e+08   1.39615247007896e-06   2.49703664855106e+01
   1.93872579000000e+08   3.01691807180759e-06   2.49583570159945e+01
   1.94272581000000e+08   9.07537298644456e-07   2.50624390851152e+01
   1.94672584000000e+08   2.68439794126607e-06   2.50023917375508e+01
   1.95072586000000e+08   1.21665834740270e-06   2.50384201460911e+01
   1.95472589000000e+08   1.50302378187916e-06   2.49943854245411e+01
   1.95872592000000e+08   3.09942720377876e-06   2.49903822680362e+01
   1.96272594000000e+08   8.78837056461634e-07   2.50624390851152e+01
   1.96672597000000e+08   2.70905866273097e-06   2.50744485546264e+01
   1.97072599000000e+08   1.28926558318199e-06   2.49663633290053e+01
   1.97472602000000e+08   1.62241246925987e-06   2.50624390851152e+01
   1.97872605000000e+08   3.11897133542516e-06   2.48983096684056e+01
   1.98272607000000e+08   8.64896549046534e-07   2.50904611806405e+01
   1.98672610000000e+08   2.79036862593784e-06   2.48943065118992e+01
   1.99072612000000e+08   1.53037353811669e-06   2.50224075200738e+01
   1.99472615000000e+08   2.11373389902292e-06   2.50864580241371e+01
   1.99872618000000e+08   3.34838114213198e-06   2.49783727985210e+01
   2.00272620000000e+08   1.43808063057804e-06   2.51344959021740e+01
   2.00672623000000e+08   3.16486421070294e-06   2.49983885810460e+01
   2.01072625000000e+08   1.62703622663685e-06   2.50304138330826e+01
   2.01472628000000e+08   1.72522641150863e-06   2.50144012070648e+01
   2.01872631000000e+08   2.99399243886000e-06   2.50344169895869e+01
   2.02272633000000e+08   1.14608872081590e-06   2.50063948940555e+01
