   4.00002000000000e+05   1.65476865277014e-06   2.50304138330826e+01
   8.00005000000000e+05   1.75409456915077e-06   2.49743696420159e+01
   1.20000800000000e+06   1.70371072272246e-06   2.50544327721075e+01
   1.60001000000000e+06   1.69743680089596e-06   2.50824548676336e+01
   2.00001300000000e+06   1.52868506120285e-06   2.49903822680362e+01
   2.40001600000000e+06   1.65780068073218e-06   2.49463475464779e+01
   2.80001800000000e+06   1.72655006736022e-06   2.49703664855106e+01
   3.20002100000000e+06   1.80059714693925e-06   2.49143222944307e+01
   3.60002300000000e+06   1.76094681592076e-06   2.49983885810460e+01
   4.00002600000000e+06   1.92636002793733e-06   2.49663633290053e+01
   4.40002900000000e+06   1.91270532923227e-06   2.50384201460911e+01
   4.80003100000000e+06   1.91973936125578e-06   2.49503507029835e+01
   5.20003400000000e+06   1.74316164702759e-06   2.49503507029835e+01
   5.60003600000000e+06   1.74549882103747e-06   2.49223286074429e+01
   6.00003900000000e+06   1.93730852515728e-06   2.50264106765782e+01
   6.40004200000000e+06   1.76190246747865e-06   2.49503507029835e+01
   6.80004400000000e+06   1.76366222603974e-06   2.49743696420159e+01
   7.20004700000000e+06   1.75566435700603e-06   2.50304138330826e+01
   7.60004900000000e+06   1.71660076375701e-06   2.50464264590994e+01
   8.00005200000000e+06   1.63708909894922e-06   2.49983885810460e+01
   8.40005500000000e+06   1.67791802141437e-06   2.50664422416190e+01
   8.80005700000000e+06   1.67830978625716e-06   2.49903822680362e+01
   9.20006000000000e+06   1.84454836471559e-06   2.50544327721075e+01
   9.60006300000000e+06   1.79337450845196e-06   2.49983885810460e+01
   4.22546980000000e+07   2.35524983145297e-03   2.50344169895869e+01
   4.26547000000000e+07   6.55433552765317e-07   2.51024706501504e+01
   4.30547030000000e+07   7.33673346076102e-07   2.50344169895869e+01
   4.34547060000000e+07   2.38080360759341e-06   2.50464264590994e+01
   4.38547080000000e+07   2.06534855351492e-06   2.50504296156035e+01
   4.42547110000000e+07   3.20777485285362e-06   2.50664422416190e+01
   4.46547130000000e+07   9.31652834879060e-07   2.50584359286114e+01
   4.50547160000000e+07   1.07766436485690e-06   2.51304927456713e+01
   4.54547190000000e+07   2.28515841627086e-06   2.51825337802020e+01
   4.58547210000000e+07   1.98623297364975e-06   2.51705243106959e+01
   4.62547240000000e+07   2.82424844044726e-06   2.50824548676336e+01
   4.66547260000000e+07   4.64893446405767e-07   2.50984674936472e+01
   4.70547290000000e+07   1.27822545437084e-06   2.50544327721075e+01
   4.74547320000000e+07   2.93070002044260e-06   2.50544327721075e+01
   4.78547340000000e+07   2.52130121225491e-06   2.51024706501504e+01
   4.82547370000000e+07   3.06718425235886e-06   2.50144012070648e+01
   4.86547390000000e+07   9.81740527095099e-07   2.49983885810460e+01
   4.90547420000000e+07   1.93875416698575e-06   2.50103980505602e+01
   4.94547450000000e+07   2.48014407588926e-06   2.50864580241371e+01
   4.98547470000000e+07   2.04058551389608e-06   2.51024706501504e+01
   5.02547500000000e+07   2.37885387832648e-06   2.49223286074429e+01
   5.06547520000000e+07   4.93299921799917e-07   2.50624390851152e+01
   5.10547550000000e+07   1.64906748523208e-06   2.50424233025953e+01
   5.14547580000000e+07   2.62907315118355e-06   2.50144012070648e+01
   5.18547600000000e+07   2.07359266823914e-06   2.50144012070648e+01
   9.52648740000000e+07  -4.20859968289733e-03   2.50424233025953e+01
   9.56648770000000e+07   2.94679762191663e-06   2.50824548676336e+01
   9.60648800000000e+07   1.60273145866086e-06   2.50664422416190e+01
   9.64648820000000e+07   4.97218934469856e-07   2.49903822680362e+01
   9.68648850000000e+07   1.91724166143104e-06   2.49343380769607e+01
   9.72648870000000e+07   1.44001592161658e-06   2.49343380769607e+01
   9.76648900000000e+07   2.65903713625448e-06   2.50864580241371e+01
   9.80648930000000e+07   1.31418676119210e-06   2.50384201460911e+01
   9.84648950000000e+07   5.27771589986514e-07   2.50304138330826e+01
   9.88648980000000e+07   1.86370016308501e-06   2.49503507029835e+01
   9.92649000000000e+07   1.64571520144818e-06   2.49783727985210e+01
   9.96649030000000e+07   2.54920132647385e-06   2.50224075200738e+01
   1.00064906000000e+08   1.03042248156271e-06   2.50224075200738e+01
   1.00464908000000e+08   6.10053348282236e-07   2.51024706501504e+01
   1.00864911000000e+08   2.15872523767757e-06   2.50424233025953e+01
   1.01264914000000e+08   1.87824605291098e-06   2.50464264590994e+01
   1.01664916000000e+08   2.67833183897892e-06   2.50063948940555e+01
   1.02064919000000e+08   1.34814922603255e-06   2.50664422416190e+01
   1.02464921000000e+08   1.23484142022789e-06   2.50984674936472e+01
   1.02864924000000e+08   2.56780003837775e-06   2.49903822680362e+01
   1.03264927000000e+08   1.85716919531842e-06   2.50664422416190e+01
   1.03664929000000e+08   2.39544669966563e-06   2.50584359286114e+01
   1.04064932000000e+08   1.09058157704567e-06   2.50424233025953e+01
   1.04464934000000e+08   1.31709612105624e-06   2.50304138330826e+01
   1.04864937000000e+08   2.48842457040155e-06   2.50544327721075e+01
   1.48623384000000e+08   4.61077457293868e-03   2.50424233025953e+01
   1.49023387000000e+08   2.77312165053445e-06   2.49863791115312e+01
   1.49423390000000e+08   1.00654528978339e-06   2.50103980505602e+01
   1.49823392000000e+08   2.36987580137793e-06   2.50384201460911e+01
   1.50223395000000e+08   3.54107015709815e-07   2.50744485546264e+01
   1.50623397000000e+08   2.63113497567247e-06   2.50264106765782e+01
   1.51023400000000e+08   2.24432619688741e-06   2.51064738066536e+01
   1.51423403000000e+08   1.08445271962410e-06   2.50063948940555e+01
   1.51823405000000e+08   2.52971358349896e-06   2.49703664855106e+01
   1.52223408000000e+08   6.02059344601003e-07   2.50704453981228e+01
   1.52623410000000e+08   2.33269634009048e-06   2.50944643371439e+01
   1.53023413000000e+08   2.22813946493261e-06   2.49783727985210e+01
   1.53423416000000e+08   1.62567732786556e-06   2.49983885810460e+01
   1.53823418000000e+08   2.40441681853554e-06   2.50904611806405e+01
   1.54223421000000e+08   6.72555017899867e-07   2.50864580241371e+01
   1.54623423000000e+08   2.96640519081848e-06   2.50304138330826e+01
   1.55023426000000e+08   2.49897175308433e-06   2.49343380769607e+01
   1.55423429000000e+08   1.17193837922969e-06   2.50184043635693e+01
   1.55823431000000e+08   2.26284259952081e-06   2.50103980505602e+01
   1.56223434000000e+08   8.74240981829644e-07   2.49743696420159e+01
   1.56623437000000e+08   2.95915810966108e-06   2.49023128249120e+01
   1.57023439000000e+08   1.66009181157278e-06   2.50344169895869e+01
   1.57423442000000e+08   1.57382032739406e-06   2.49583570159945e+01
   1.57823444000000e+08   2.55317240771546e-06   2.49263317639489e+01
   1.58223447000000e+08   1.01699367860419e-06   2.49383412334665e+01
   1.93005879000000e+08  -2.04687472432852e-03   2.50944643371439e+01
   1.93405882000000e+08   9.40841516694491e-07   2.50424233025953e+01
   1.93805884000000e+08   1.41908458317630e-06   2.49823759550261e+01
   1.94205887000000e+08   1.00880959053029e-06   2.49623601725000e+01
   1.94605889000000e+08   3.13931309392501e-06   2.50344169895869e+01
   1.95005892000000e+08   1.46800516631629e-06   2.50664422416190e+01
   1.95405895000000e+08   1.30060811898147e-06   2.50864580241371e+01
   1.95805897000000e+08   1.96185987988429e-06   2.50504296156035e+01
   1.96205900000000e+08   1.49534344018321e-06   2.49823759550261e+01
   1.96605903000000e+08   3.62711853085784e-06   2.50784517111300e+01
   1.97005905000000e+08   1.44484295105940e-06   2.50264106765782e+01
   1.97405908000000e+08   1.73124726643437e-06   2.51104769631567e+01
   1.97805910000000e+08   2.31591184274293e-06   2.50063948940555e+01
   1.98205913000000e+08   2.06694448934286e-06   2.50384201460911e+01
   1.98605916000000e+08   3.80745836991991e-06   2.50103980505602e+01
   1.99005918000000e+08   1.41704367706552e-06   2.49343380769607e+01
   1.99405921000000e+08   1.47221442148293e-06   2.50063948940555e+01
   1.99805923000000e+08   1.80190352239151e-06   2.50864580241371e+01
   2.00205926000000e+08   1.68024848790083e-06   2.50464264590994e+01
   2.00605929000000e+08   3.03654928757169e-06   2.50184043635693e+01
   2.01005931000000e+08   7.13879785507743e-07   2.50063948940555e+01
   2.01405934000000e+08   1.63879303727299e-06   2.49383412334665e+01
   2.01805936000000e+08   1.70378632446955e-06   2.50023917375508e+01
   2.02205939000000e+08   1.90352670870197e-06   2.50424233025953e+01
   2.02605942000000e+08   2.65738958660222e-06   2.49943854245411e+01
