   4.00003000000000e+05   1.95790403267893e-06   2.49823759550261e+01
   8.00005000000000e+05   1.65274900609802e-06   2.50224075200738e+01
   1.20000800000000e+06   1.85995634183200e-06   2.50063948940555e+01
   1.60001100000000e+06   1.73889225152379e-06   2.50384201460911e+01
   2.00001300000000e+06   1.59707440161583e-06   2.50504296156035e+01
   2.40001600000000e+06   1.86914269306726e-06   2.50103980505602e+01
   2.80001800000000e+06   1.63595677804551e-06   2.51465053716819e+01
   3.20002100000000e+06   1.99279384105466e-06   2.50344169895869e+01
   3.60002300000000e+06   2.30001182899287e-06   2.50544327721075e+01
   4.00002600000000e+06   2.21082814277906e-06   2.50224075200738e+01
   4.40002900000000e+06   2.52252493737615e-06   2.49583570159945e+01
   4.80003100000000e+06   2.11862879950786e-06   2.49703664855106e+01
   5.20003400000000e+06   2.27135410568735e-06   2.49703664855106e+01
   5.60003600000000e+06   2.03947092813905e-06   2.50384201460911e+01
   6.00003900000000e+06   1.80355311840685e-06   2.50624390851152e+01
   6.40004200000000e+06   2.07288894671365e-06   2.49743696420159e+01
   6.80004400000000e+06   1.80727840870532e-06   2.50063948940555e+01
   7.20004700000000e+06   2.23072129301727e-06   2.50504296156035e+01
   7.60004900000000e+06   2.24673271986831e-06   2.49903822680362e+01
   8.00005200000000e+06   2.11763449442515e-06   2.50023917375508e+01
   8.40005500000000e+06   2.50065545515099e-06   2.50344169895869e+01
   8.80005700000000e+06   2.13622274713998e-06   2.50063948940555e+01
   9.20006000000000e+06   2.09510039894667e-06   2.50584359286114e+01
   9.60006200000000e+06   1.79629648755508e-06   2.50504296156035e+01
   4.22243720000000e+07  -2.10459902882576e-03   2.50144012070648e+01
   4.26243750000000e+07   1.85182079803781e-06   2.50344169895869e+01
   4.30243780000000e+07   2.57347642218519e-06   2.49823759550261e+01
   4.34243800000000e+07   1.36911819481611e-06   2.50063948940555e+01
   4.38243830000000e+07   1.72461898273468e-06   2.50624390851152e+01
   4.42243850000000e+07   1.77232368514524e-06   2.49383412334665e+01
   4.46243880000000e+07   1.72772752193850e-06   2.49103191379245e+01
   4.50243910000000e+07   2.27573536903947e-06   2.51024706501504e+01
   4.54243930000000e+07   1.30973012346658e-06   2.49943854245411e+01
   4.58243960000000e+07   1.85937676633330e-06   2.49583570159945e+01
   4.62243980000000e+07   1.64703999416815e-06   2.50264106765782e+01
   4.66244010000000e+07   1.41343707582564e-06   2.50224075200738e+01
   4.70244040000000e+07   2.20296010411403e-06   2.49903822680362e+01
   4.74244060000000e+07   1.79041444425820e-06   2.50023917375508e+01
   4.78244090000000e+07   2.17714546124625e-06   2.49263317639489e+01
   4.82244110000000e+07   2.01619059225777e-06   2.49343380769607e+01
   4.86244140000000e+07   1.87551790986618e-06   2.49823759550261e+01
   4.90244170000000e+07   2.63069819084194e-06   2.49863791115312e+01
   4.94244190000000e+07   2.05647756956751e-06   2.49863791115312e+01
   4.98244220000000e+07   2.67814516519138e-06   2.49903822680362e+01
   5.02244240000000e+07   2.39232690546487e-06   2.49823759550261e+01
   5.06244270000000e+07   2.15127124647552e-06   2.50023917375508e+01
   5.10244290000000e+07   2.79351479548495e-06   2.49943854245411e+01
   5.14244320000000e+07   2.61410013990826e-06   2.49583570159945e+01
   5.18244350000000e+07   3.05825483337685e-06   2.49343380769607e+01
   9.54602160000000e+07   4.69970004633069e-03   2.50504296156035e+01
   9.58602180000000e+07   1.54731765178440e-06   2.49143222944307e+01
   9.62602210000000e+07   2.67177415480546e-06   2.49983885810460e+01
   9.66602240000000e+07   2.03756925998277e-07   2.50184043635693e+01
   9.70602260000000e+07   1.82114115432341e-06   2.49623601725000e+01
   9.74602290000000e+07   2.51615801971639e-06   2.51064738066536e+01
   9.78602310000000e+07   2.15172326534230e-06   2.50544327721075e+01
   9.82602340000000e+07   3.26098279401776e-06   2.50344169895869e+01
   9.86602370000000e+07   7.84920814567158e-07   2.50824548676336e+01
   9.90602390000000e+07   2.36748178394919e-06   2.50464264590994e+01
   9.94602420000000e+07   2.68721305474173e-06   2.50424233025953e+01
   9.98602440000000e+07   2.35465313380701e-06   2.50184043635693e+01
   1.00260247000000e+08   3.41808731718629e-06   2.51264895891685e+01
   1.00660250000000e+08   1.18751597710798e-06   2.50584359286114e+01
   1.01060252000000e+08   2.22652897718945e-06   2.51024706501504e+01
   1.01460255000000e+08   1.63841934863740e-06   2.50264106765782e+01
   1.01860257000000e+08   1.08494202777365e-06   2.48822970423795e+01
   1.02260260000000e+08   2.24374662138871e-06   2.50264106765782e+01
   1.02660263000000e+08  -1.99067056172453e-08   2.49943854245411e+01
   1.03060265000000e+08   1.24354505715019e-06   2.48622812598455e+01
   1.03460268000000e+08   1.55299778725748e-06   2.48742907293661e+01
   1.03860270000000e+08   1.22266021662654e-06   2.49063159814183e+01
   1.04260273000000e+08   2.32317256632086e-06   2.49503507029835e+01
   1.04660275000000e+08   4.16989848872618e-07   2.49303349204548e+01
   1.05060278000000e+08   1.38646828418132e-06   2.48622812598455e+01
   1.48450235000000e+08  -4.30779904127121e-03   2.49943854245411e+01
   1.48850238000000e+08   2.49862569035031e-06   2.49823759550261e+01
   1.49250240000000e+08   2.87298212242604e-06   2.49463475464779e+01
   1.49650243000000e+08   2.59631428889406e-06   2.50304138330826e+01
   1.50050246000000e+08   2.42267879002611e-06   2.50744485546264e+01
   1.50450248000000e+08   1.94493918570515e-06   2.50984674936472e+01
   1.50850251000000e+08   2.36167761613615e-06   2.50264106765782e+01
   1.51250253000000e+08   2.82830956166435e-06   2.49743696420159e+01
   1.51650256000000e+08   2.59934131463524e-06   2.50424233025953e+01
   1.52050259000000e+08   2.47054003921221e-06   2.49903822680362e+01
   1.52450261000000e+08   2.07620587389101e-06   2.51384990586767e+01
   1.52850264000000e+08   2.34436083701439e-06   2.50464264590994e+01
   1.53250266000000e+08   2.67939162768016e-06   2.49983885810460e+01
   1.53650269000000e+08   2.70647319666750e-06   2.50344169895869e+01
   1.54050271000000e+08   2.77403319159930e-06   2.49623601725000e+01
   1.54450274000000e+08   1.97960775949468e-06   2.50504296156035e+01
   1.54850277000000e+08   2.27865439228481e-06   2.50063948940555e+01
   1.55250279000000e+08   2.99690350402670e-06   2.50464264590994e+01
   1.55650282000000e+08   2.93161974695977e-06   2.50224075200738e+01
   1.56050284000000e+08   2.96054963655479e-06   2.49943854245411e+01
   1.56450287000000e+08   2.47962088906206e-06   2.50023917375508e+01
   1.56850290000000e+08   2.64197910837538e-06   2.50063948940555e+01
   1.57250292000000e+08   2.53706502917339e-06   2.50184043635693e+01
   1.57650295000000e+08   2.32935622079822e-06   2.50464264590994e+01
   1.58050297000000e+08   2.39417522607255e-06   2.50704453981228e+01
   1.92981349000000e+08   2.40742508322001e-03   2.50184043635693e+01
   1.93381352000000e+08   2.08314440897084e-06   2.50384201460911e+01
   1.93781354000000e+08   2.43620206674677e-06   2.49783727985210e+01
   1.94181357000000e+08   1.48378626363410e-06   2.50784517111300e+01
   1.94581359000000e+08   2.95779796033457e-06   2.50384201460911e+01
   1.94981362000000e+08   1.57262559241644e-06   2.50584359286114e+01
   1.95381365000000e+08   1.93817322724499e-06   2.50464264590994e+01
   1.95781367000000e+08   2.77156186712091e-06   2.50344169895869e+01
   1.96181370000000e+08   1.57633303388138e-06   2.50624390851152e+01
   1.96581372000000e+08   2.96338953376107e-06   2.50864580241371e+01
   1.96981375000000e+08   1.66063239248615e-06   2.49983885810460e+01
   1.97381378000000e+08   1.67569578479743e-06   2.50464264590994e+01
   1.97781380000000e+08   2.02678825189651e-06   2.50224075200738e+01
   1.98181383000000e+08   1.11916131118051e-06   2.50063948940555e+01
   1.98581385000000e+08   2.25228041017544e-06   2.50464264590994e+01
   1.98981388000000e+08   1.27377506942139e-06   2.51184832761627e+01
   1.99381391000000e+08   1.01026375887159e-06   2.49463475464779e+01
   1.99781393000000e+08   1.83203803771903e-06   2.50063948940555e+01
   2.00181396000000e+08   8.47930266445474e-07   2.50744485546264e+01
   2.00581398000000e+08   1.88844512649666e-06   2.50384201460911e+01
   2.00981401000000e+08   7.75479236381216e-07   2.50103980505602e+01
   2.01381404000000e+08   1.23819381769863e-06   2.49863791115312e+01
   2.01781406000000e+08   1.90957916856860e-06   2.49703664855106e+01
   2.02181409000000e+08   9.13328619844833e-07   2.49743696420159e+01
   2.02581411000000e+08   1.93538107851055e-06   2.49863791115312e+01
