   4.00002000000000e+05   2.24678751692409e-06   2.49543538594890e+01
   8.00005000000000e+05   2.27599730351358e-06   2.50344169895869e+01
   1.20000800000000e+06   1.50153834965749e-06   2.50464264590994e+01
   1.60001000000000e+06   1.56616135882359e-06   2.50504296156035e+01
   2.00001300000000e+06   1.41773136874690e-06   2.49223286074429e+01
   2.40001500000000e+06   1.55054988226766e-06   2.50504296156035e+01
   2.80001800000000e+06   1.44370972066099e-06   2.50384201460911e+01
   3.20002100000000e+06   1.34467882162426e-06   2.49823759550261e+01
   3.60002300000000e+06   1.37168558467238e-06   2.50824548676336e+01
   4.00002600000000e+06   1.38566986152000e-06   2.50944643371439e+01
   4.40002800000000e+06   1.26733050365146e-06   2.50384201460911e+01
   4.80003100000000e+06   1.45442561461095e-06   2.49903822680362e+01
   5.20003400000000e+06   1.61054117597814e-06   2.51024706501504e+01
   5.60003600000000e+06   1.89587569821015e-06   2.50344169895869e+01
   6.00003900000000e+06   1.68025098901126e-06   2.50744485546264e+01
   6.40004100000000e+06   1.78533093730948e-06   2.50103980505602e+01
   6.80004400000000e+06   1.87829937203787e-06   2.50344169895869e+01
   7.20004700000000e+06   1.55487418851408e-06   2.50304138330826e+01
   7.60004900000000e+06   1.67575717568980e-06   2.49983885810460e+01
   8.00005200000000e+06   1.54004078467551e-06   2.48983096684056e+01
   8.40005500000000e+06   1.63745392001147e-06   2.50144012070648e+01
   8.80005700000000e+06   1.62441710926942e-06   2.49743696420159e+01
   9.20006000000000e+06   1.88167439318931e-06   2.49663633290053e+01
   9.60006200000000e+06   1.95196412278165e-06   2.50624390851152e+01
   4.21582340000000e+07   1.53750210301951e-04   2.49943854245411e+01
   4.25582360000000e+07   1.18744037536089e-06   2.50304138330826e+01
   4.29582390000000e+07   1.20736126518750e-06   2.50103980505602e+01
   4.33582420000000e+07   1.45602507473086e-06   2.49663633290053e+01
   4.37582440000000e+07   1.46305808357283e-06   2.49823759550261e+01
   4.41582470000000e+07   1.39783662689297e-06   2.49623601725000e+01
   4.45582490000000e+07   1.50855680658424e-06   2.49983885810460e+01
   4.49582520000000e+07   1.51678784732212e-06   2.48822970423795e+01
   4.53582550000000e+07   1.62851449658774e-06   2.49743696420159e+01
   4.57582570000000e+07   1.74162289567903e-06   2.49703664855106e+01
   4.61582600000000e+07   1.62753474342026e-06   2.49583570159945e+01
   4.65582620000000e+07   1.73594605712424e-06   2.50504296156035e+01
   4.69582650000000e+07   1.59647970576771e-06   2.51024706501504e+01
   4.73582680000000e+07   1.63614561188297e-06   2.50504296156035e+01
   4.77582700000000e+07   1.50662037867733e-06   2.50424233025953e+01
   4.81582730000000e+07   1.58965076479944e-06   2.50464264590994e+01
   4.85582750000000e+07   1.56072212575964e-06   2.50103980505602e+01
   4.89582780000000e+07   1.66581253324694e-06   2.50464264590994e+01
   4.93582810000000e+07   1.87112220828567e-06   2.50103980505602e+01
   4.97582830000000e+07   1.91936624105438e-06   2.51465053716819e+01
   5.01582860000000e+07   1.86112447408959e-06   2.50144012070648e+01
   5.05582880000000e+07   1.88670378520328e-06   2.49823759550261e+01
   5.09582910000000e+07   2.04324464903038e-06   2.50224075200738e+01
   5.13582940000000e+07   2.39135056290252e-06   2.49583570159945e+01
   5.17582960000000e+07   2.36517212215404e-06   2.48903033553927e+01
   9.50458850000000e+07   1.93050145753659e-04   2.49983885810460e+01
   9.54458870000000e+07   1.91641379387875e-06   2.49023128249120e+01
   9.58458900000000e+07   1.79551921064558e-06   2.50264106765782e+01
   9.62458920000000e+07   1.87379737326410e-06   2.51825337802020e+01
   9.66458950000000e+07   1.75370075794490e-06   2.48943065118992e+01
   9.70458980000000e+07   1.83413669674337e-06   2.51825337802020e+01
   9.74459000000000e+07   1.87049658961769e-06   2.45340224260621e+01
   9.78459030000000e+07   1.72032434875291e-06   2.57029441249338e+01
   9.82459050000000e+07   1.92244920071971e-06   2.49103191379245e+01
   9.86459080000000e+07   1.86936449608766e-06   2.50824548676336e+01
   9.90459110000000e+07   1.74629110460955e-06   2.49303349204548e+01
   9.94459130000000e+07   1.70874329796789e-06   2.49543538594890e+01
   9.98459160000000e+07   1.62324386110413e-06   2.49423443899722e+01
   1.00245918000000e+08   1.76229639237135e-06   2.50664422416190e+01
   1.00645921000000e+08   1.59667092702875e-06   2.50864580241371e+01
   1.01045924000000e+08   1.57672809564247e-06   2.50704453981228e+01
   1.01445926000000e+08   1.49878906086087e-06   2.50063948940555e+01
   1.01845929000000e+08   1.41930956942815e-06   2.50944643371439e+01
   1.02245931000000e+08   1.52359905314370e-06   2.50464264590994e+01
   1.02645934000000e+08   1.44432021897956e-06   2.50864580241371e+01
   1.03045937000000e+08   1.65053609180177e-06   2.45420287390862e+01
   1.03445939000000e+08   1.71345891430974e-06   2.53386568837311e+01
   1.03845942000000e+08   1.56563794462272e-06   2.44379466697520e+01
   1.04245944000000e+08   1.76150888364646e-06   2.49983885810460e+01
   1.04645947000000e+08   1.56326098021964e-06   2.49703664855106e+01
   1.48431120000000e+08   2.13675230043009e-04   2.50584359286114e+01
   1.48831122000000e+08   2.41758812080661e-06   2.50384201460911e+01
   1.49231125000000e+08   2.03714444069192e-06   2.50304138330826e+01
   1.49631127000000e+08   2.24317636821070e-06   2.50144012070648e+01
   1.50031130000000e+08   2.25297003453306e-06   2.49943854245411e+01
   1.50431133000000e+08   2.05356559490610e-06   2.50744485546264e+01
   1.50831135000000e+08   2.25798430619761e-06   2.50063948940555e+01
   1.51231138000000e+08   1.36539915729372e-06   2.50624390851152e+01
   1.51631140000000e+08   1.41318548685376e-06   2.49983885810460e+01
   1.52031143000000e+08   1.42012515880197e-06   2.49903822680362e+01
   1.52431146000000e+08   1.10915129880595e-06   2.49743696420159e+01
   1.52831148000000e+08   1.41651844387525e-06   2.49783727985210e+01
   1.53231151000000e+08   8.46203761284414e-07   2.50504296156035e+01
   1.53631153000000e+08   9.67276037044940e-07   2.50184043635693e+01
   1.54031156000000e+08   9.92644800135167e-07   2.49703664855106e+01
   1.54431159000000e+08   8.39951610487333e-07   2.49823759550261e+01
   1.54831161000000e+08   1.20518393487146e-06   2.50584359286114e+01
   1.55231164000000e+08   1.47359833135852e-06   2.50584359286114e+01
   1.55631166000000e+08   1.64037692229613e-06   2.49703664855106e+01
   1.56031169000000e+08   1.75269008195755e-06   2.50184043635693e+01
   1.56431172000000e+08   1.47558512253454e-06   2.50224075200738e+01
   1.56831174000000e+08   1.84138434633496e-06   2.49823759550261e+01
   1.57231177000000e+08   1.74648823758616e-06   2.50944643371439e+01
   1.57631179000000e+08   1.98920088223531e-06   2.50824548676336e+01
   1.58031182000000e+08   1.94590506907844e-06   2.49463475464779e+01
   1.93016679000000e+08   1.61362768267281e-04   2.50224075200738e+01
   1.93416682000000e+08   1.66108100074780e-06   2.50144012070648e+01
   1.93816684000000e+08   1.61536979703669e-06   2.50224075200738e+01
   1.94216687000000e+08   1.56482781221712e-06   2.50544327721075e+01
   1.94616689000000e+08   1.65879953328840e-06   2.50063948940555e+01
   1.95016692000000e+08   1.92014476851909e-06   2.49663633290053e+01
   1.95416695000000e+08   2.22289008888765e-06   2.50744485546264e+01
   1.95816697000000e+08   2.24984751184820e-06   2.50864580241371e+01
   1.96216700000000e+08   2.22798712457006e-06   2.50744485546264e+01
   1.96616702000000e+08   2.30118439503713e-06   2.49583570159945e+01
   1.97016705000000e+08   2.33226387535979e-06   2.50384201460911e+01
   1.97416708000000e+08   2.46159152084147e-06   2.48943065118992e+01
   1.97816710000000e+08   2.53500479630020e-06   2.50544327721075e+01
   1.98216713000000e+08   2.45671049015073e-06   2.50144012070648e+01
   1.98616715000000e+08   2.54498695539951e-06   2.50304138330826e+01
   1.99016718000000e+08   2.42956753027102e-06   2.49023128249120e+01
   1.99416721000000e+08   2.43737190430693e-06   2.50744485546264e+01
   1.99816723000000e+08   2.46586682806083e-06   2.49663633290053e+01
   2.00216726000000e+08   2.37644053413533e-06   2.50584359286114e+01
   2.00616728000000e+08   2.49675122176996e-06   2.49583570159945e+01
   2.01016731000000e+08   2.29596298595425e-06   2.49543538594890e+01
   2.01416734000000e+08   2.20649690163555e-06   2.50384201460911e+01
   2.01816736000000e+08   2.21390587284986e-06   2.50103980505602e+01
   2.02216739000000e+08   2.18931063500349e-06   2.50344169895869e+01
   2.02616742000000e+08   2.26078918785788e-06   2.50384201460911e+01
