   4.00003000000000e+05   1.52820473431348e-06   2.50544327721075e+01
   8.00006000000000e+05   1.49193920151447e-06   2.50224075200738e+01
   1.20000800000000e+06   1.54349424974498e-06   2.50704453981228e+01
   1.60001100000000e+06   1.21106131700799e-06   2.50584359286114e+01
   2.00001300000000e+06   1.47863772781420e-06   2.50464264590994e+01
   2.40001600000000e+06   1.26263546462724e-06   2.50664422416190e+01
   2.80001900000000e+06   1.31731223973475e-06   2.50023917375508e+01
   3.20002100000000e+06   1.29856050534727e-06   2.49983885810460e+01
   3.60002400000000e+06   1.38047937525698e-06   2.49423443899722e+01
   4.00002600000000e+06   1.37633003305382e-06   2.50264106765782e+01
   4.40002900000000e+06   1.31104877709731e-06   2.49783727985210e+01
   4.80003200000000e+06   1.34584854549757e-06   2.49863791115312e+01
   5.20003400000000e+06   1.41010264087527e-06   2.49343380769607e+01
   5.60003700000000e+06   1.32690058762819e-06   2.49663633290053e+01
   6.00003900000000e+06   1.35716118165874e-06   2.50063948940555e+01
   6.40004200000000e+06   1.44467333029752e-06   2.49263317639489e+01
   6.80004500000000e+06   1.34309971144830e-06   2.50304138330826e+01
   7.20004700000000e+06   1.40814790938748e-06   2.49783727985210e+01
   7.60005000000000e+06   1.47515777371154e-06   2.49823759550261e+01
   8.00005200000000e+06   1.65521487360820e-06   2.50344169895869e+01
   8.40005500000000e+06   1.56188457367534e-06   2.49663633290053e+01
   8.80005800000000e+06   1.55326699768921e-06   2.51144801196597e+01
   9.20006000000000e+06   1.60564820816944e-06   2.50784517111300e+01
   9.60006300000000e+06   1.81817767952452e-06   2.49663633290053e+01
   4.21179140000000e+07   1.41912765684538e-04   2.49463475464779e+01
   4.25179170000000e+07   2.17758292819781e-06   2.50384201460911e+01
   4.29179190000000e+07   2.26155202653899e-06   2.50464264590994e+01
   4.33179220000000e+07   2.14808665077726e-06   2.50864580241371e+01
   4.37179250000000e+07   2.00588306142890e-06   2.49903822680362e+01
   4.41179270000000e+07   1.84884333975788e-06   2.50784517111300e+01
   4.45179300000000e+07   1.95450752471515e-06   2.50504296156035e+01
   4.49179320000000e+07   2.03145577870600e-06   2.50744485546264e+01
   4.53179350000000e+07   1.81230950602185e-06   2.50304138330826e+01
   4.57179380000000e+07   1.73399143932329e-06   2.51024706501504e+01
   4.61179400000000e+07   1.71543229043891e-06   2.50544327721075e+01
   4.65179430000000e+07   1.67852840604610e-06   2.51144801196597e+01
   4.69179450000000e+07   1.73337082287617e-06   2.49903822680362e+01
   4.73179480000000e+07   1.31306057937763e-06   2.50184043635693e+01
   4.77179510000000e+07   7.96218671439419e-07   2.50944643371439e+01
   4.81179530000000e+07   5.89933620176453e-07   2.50464264590994e+01
   4.85179560000000e+07   5.16108059400722e-07   2.50224075200738e+01
   4.89179580000000e+07   6.74269813316641e-07   2.50624390851152e+01
   4.93179610000000e+07   6.75462104027247e-07   2.49823759550261e+01
   4.97179640000000e+07   9.15712405458180e-07   2.50584359286114e+01
   5.01179660000000e+07   8.90746548520838e-07   2.49503507029835e+01
   5.05179690000000e+07   8.75126318078401e-07   2.49903822680362e+01
   5.09179710000000e+07   9.87577095656889e-07   2.49743696420159e+01
   5.13179740000000e+07   9.54619167714554e-07   2.49863791115312e+01
   5.17179770000000e+07   1.27435282593069e-06   2.49903822680362e+01
   9.55215460000000e+07   2.23950031795539e-04   2.49143222944307e+01
   9.59215480000000e+07   1.81209145466710e-06   2.48582781033385e+01
   9.63215510000000e+07   1.91310800801148e-06   2.50144012070648e+01
   9.67215530000000e+07   1.75860179751908e-06   2.50864580241371e+01
   9.71215560000000e+07   1.89101740488695e-06   2.49983885810460e+01
   9.75215590000000e+07   1.92910374607891e-06   2.50063948940555e+01
   9.79215610000000e+07   1.89238994607877e-06   2.50864580241371e+01
   9.83215640000000e+07   1.99355827135150e-06   2.48662844163524e+01
   9.87215660000000e+07   1.91619642464502e-06   2.49303349204548e+01
   9.91215690000000e+07   1.94608833226084e-06   2.49863791115312e+01
   9.95215720000000e+07   2.09007384910365e-06   2.50063948940555e+01
   9.99215740000000e+07   2.10217422136338e-06   2.49743696420159e+01
   1.00321577000000e+08   2.22600442612020e-06   2.50944643371439e+01
   1.00721579000000e+08   2.15137470149784e-06   2.50144012070648e+01
   1.01121582000000e+08   2.21563959712512e-06   2.50103980505602e+01
   1.01521585000000e+08   1.89961815522111e-06   2.49663633290053e+01
   1.01921587000000e+08   1.76854359779099e-06   2.49223286074429e+01
   1.02321590000000e+08   1.74900037563930e-06   2.49063159814183e+01
   1.02721592000000e+08   1.73259013536153e-06   2.49903822680362e+01
   1.03121595000000e+08   1.66773440923862e-06   2.50464264590994e+01
   1.03521598000000e+08   1.67438918197149e-06   2.50424233025953e+01
   1.03921600000000e+08   1.63806350883533e-06   2.50184043635693e+01
   1.04321603000000e+08   1.80211611677805e-06   2.49383412334665e+01
   1.04721605000000e+08   1.56306236931414e-06   2.50023917375508e+01
   1.05121608000000e+08   1.78121013050259e-06   2.50184043635693e+01
   1.48799580000000e+08   1.80200164322741e-04   2.50544327721075e+01
   1.49199583000000e+08   1.47286061746854e-06   2.50624390851152e+01
   1.49599585000000e+08   1.29762656797539e-06   2.50864580241371e+01
   1.49999588000000e+08   1.64404605129675e-06   2.49943854245411e+01
   1.50399591000000e+08   1.25503197523358e-06   2.50904611806405e+01
   1.50799593000000e+08   1.56969485942682e-06   2.49983885810460e+01
   1.51199596000000e+08   1.44466014262434e-06   2.50384201460911e+01
   1.51599598000000e+08   1.38786094794341e-06   2.50504296156035e+01
   1.51999601000000e+08   2.00913655135082e-06   2.50504296156035e+01
   1.52399604000000e+08   1.35212974328169e-06   2.51024706501504e+01
   1.52799606000000e+08   1.84194300345553e-06   2.50904611806405e+01
   1.53199609000000e+08   1.66385621014342e-06   2.50144012070648e+01
   1.53599611000000e+08   1.91777098734747e-06   2.51024706501504e+01
   1.53999614000000e+08   2.38927782447718e-06   2.51304927456713e+01
   1.54399617000000e+08   1.92406673704681e-06   2.51104769631567e+01
   1.54799619000000e+08   2.34820890909759e-06   2.50544327721075e+01
   1.55199622000000e+08   2.08751089303405e-06   2.49943854245411e+01
   1.55599624000000e+08   1.83265808573196e-06   2.49983885810460e+01
   1.55999627000000e+08   2.08768415177474e-06   2.49383412334665e+01
   1.56399630000000e+08   1.71503575074894e-06   2.50544327721075e+01
   1.56799632000000e+08   1.98182988242479e-06   2.50424233025953e+01
   1.57199635000000e+08   1.94158451449766e-06   2.50224075200738e+01
   1.57599637000000e+08   1.83184783963952e-06   2.50063948940555e+01
   1.57999640000000e+08   2.23222264139622e-06   2.50904611806405e+01
   1.58399643000000e+08   1.86896147624793e-06   2.50304138330826e+01
   1.93628926000000e+08   1.75387700437568e-04   2.50744485546264e+01
   1.94028928000000e+08   1.86036277227686e-06   2.50144012070648e+01
   1.94428931000000e+08   2.09378254112380e-06   2.49863791115312e+01
   1.94828934000000e+08   1.81956238520797e-06   2.50344169895869e+01
   1.95228936000000e+08   2.01111333808512e-06   2.50544327721075e+01
   1.95628939000000e+08   2.15040722650883e-06   2.51304927456713e+01
   1.96028941000000e+08   1.97385611500067e-06   2.51064738066536e+01
   1.96428944000000e+08   2.14571923606854e-06   2.50144012070648e+01
   1.96828947000000e+08   2.01429043045209e-06   2.50424233025953e+01
   1.97228949000000e+08   1.99670807887742e-06   2.50304138330826e+01
   1.97628952000000e+08   1.46967227010464e-06   2.49903822680362e+01
   1.98028954000000e+08   1.02296939985536e-06   2.49823759550261e+01
   1.98428957000000e+08   1.37083304707630e-06   2.50464264590994e+01
   1.98828960000000e+08   1.09759730548831e-06   2.50544327721075e+01
   1.99228962000000e+08   1.25560484320886e-06   2.50384201460911e+01
   1.99628965000000e+08   1.75719583239697e-06   2.49823759550261e+01
   2.00028967000000e+08   1.81250550213008e-06   2.51024706501504e+01
   2.00428970000000e+08   1.93846517504426e-06   2.50544327721075e+01
   2.00828973000000e+08   1.80528115834022e-06   2.50824548676336e+01
   2.01228975000000e+08   1.74763806626288e-06   2.49623601725000e+01
   2.01628978000000e+08   2.08495862352720e-06   2.50103980505602e+01
   2.02028980000000e+08   1.88948558843549e-06   2.50304138330826e+01
   2.02428983000000e+08   2.04649995794171e-06   2.50784517111300e+01
   2.02828986000000e+08   1.97207896235341e-06   2.50224075200738e+01
   2.03228988000000e+08   1.86938302704220e-06   2.50624390851152e+01
