   4.00002000000000e+05   2.30303226089745e-06   2.50344169895869e+01
   8.00005000000000e+05   1.93638857126643e-06   2.51024706501504e+01
   1.20000700000000e+06   2.12307509173115e-06   2.50584359286114e+01
   1.60001000000000e+06   2.05257333618647e-06   2.50904611806405e+01
   2.00001300000000e+06   1.87952878150099e-06   2.50584359286114e+01
   2.40001500000000e+06   2.11541760108958e-06   2.49823759550261e+01
   2.80001800000000e+06   1.65332323831535e-06   2.50464264590994e+01
   3.20002000000000e+06   1.63531524322025e-06   2.49703664855106e+01
   3.60002300000000e+06   1.70899681961600e-06   2.50304138330826e+01
   4.00002600000000e+06   1.64963000770513e-06   2.49543538594890e+01
   4.40002800000000e+06   1.77716640337167e-06   2.50384201460911e+01
   4.80003100000000e+06   1.82149915417540e-06   2.49703664855106e+01
   5.20003300000000e+06   1.84471934971953e-06   2.50304138330826e+01
   5.60003600000000e+06   1.94783797269338e-06   2.49423443899722e+01
   6.00003900000000e+06   1.79043104253651e-06   2.49663633290053e+01
   6.40004100000000e+06   1.86975773885933e-06   2.49303349204548e+01
   6.80004400000000e+06   1.37539359457151e-06   2.50103980505602e+01
   7.20004600000000e+06   1.50251230479626e-06   2.50704453981228e+01
   7.60004900000000e+06   1.32184243284428e-06   2.51545116846868e+01
   8.00005200000000e+06   1.46463253258844e-06   2.51304927456713e+01
   8.40005400000000e+06   1.42010958370520e-06   2.51224864326656e+01
   8.80005700000000e+06   1.89333979960793e-06   2.50344169895869e+01
   9.20005900000000e+06   1.76814216956700e-06   2.50784517111300e+01
   9.60006200000000e+06   1.91056028597814e-06   2.51144801196597e+01
   4.21072340000000e+07  -2.05933721736073e-03   2.50344169895869e+01
   4.25072370000000e+07   1.39563587708835e-06   2.50824548676336e+01
   4.29072400000000e+07   1.88183150839905e-06   2.50344169895869e+01
   4.33072420000000e+07   3.45398984791245e-06   2.50344169895869e+01
   4.37072450000000e+07   5.82831091833214e-07   2.49743696420159e+01
   4.41072470000000e+07   2.30627483688295e-06   2.50504296156035e+01
   4.45072500000000e+07   1.44491116316203e-06   2.50384201460911e+01
   4.49072530000000e+07   1.78676623363572e-06   2.50464264590994e+01
   4.53072550000000e+07   3.04645209325827e-06   2.49863791115312e+01
   4.57072580000000e+07   4.74090512625480e-07   2.49383412334665e+01
   4.61072600000000e+07   2.17895194509765e-06   2.50384201460911e+01
   4.65072630000000e+07   1.22931930945924e-06   2.50103980505602e+01
   4.69072660000000e+07   1.50067137383303e-06   2.49503507029835e+01
   4.73072680000000e+07   2.52261406785692e-06   2.49863791115312e+01
   4.77072710000000e+07   3.72137414217377e-08   2.50824548676336e+01
   4.81072730000000e+07   1.85542660346982e-06   2.50624390851152e+01
   4.85072760000000e+07   1.15685747914540e-06   2.51224864326656e+01
   4.89072790000000e+07   1.91633171198191e-06   2.49423443899722e+01
   4.93072810000000e+07   2.55522400038899e-06   2.49943854245411e+01
   4.97072840000000e+07   2.42116442450424e-07   2.50103980505602e+01
   5.01072860000000e+07   2.20859942601237e-06   2.50864580241371e+01
   5.05072890000000e+07   1.50719040448166e-06   2.49743696420159e+01
   5.09072920000000e+07   2.19262619793881e-06   2.50424233025953e+01
   5.13072940000000e+07   2.57057899943902e-06   2.49383412334665e+01
   5.17072970000000e+07   6.92952085046272e-07   2.49303349204548e+01
   9.55112040000000e+07   4.62092505767941e-03   2.49463475464779e+01
   9.59112060000000e+07   8.34626973755803e-07   2.50984674936472e+01
   9.63112090000000e+07   3.00484839499404e-06   2.50184043635693e+01
   9.67112120000000e+07   7.19779848168400e-07   2.49903822680362e+01
   9.71112140000000e+07   2.66688698502549e-06   2.50664422416190e+01
   9.75112170000000e+07   8.43079476453568e-07   2.49343380769607e+01
   9.79112190000000e+07   1.32449099510268e-06   2.50304138330826e+01
   9.83112220000000e+07   3.04275590679026e-06   2.50103980505602e+01
   9.87112250000000e+07   1.01235002603062e-06   2.49503507029835e+01
   9.91112270000000e+07   2.87506281893002e-06   2.50744485546264e+01
   9.95112300000000e+07   1.21842583666876e-06   2.50184043635693e+01
   9.99112320000000e+07   1.79148173629073e-06   2.50664422416190e+01
   1.00311235000000e+08   3.27421571455488e-06   2.49823759550261e+01
   1.00711238000000e+08   6.12949065725843e-07   2.49503507029835e+01
   1.01111240000000e+08   2.29503507398476e-06   2.50784517111300e+01
   1.01511243000000e+08   7.01429144100985e-07   2.50224075200738e+01
   1.01911245000000e+08   1.47975481468166e-06   2.50144012070648e+01
   1.02311248000000e+08   2.64434447672102e-06   2.49423443899722e+01
   1.02711251000000e+08   6.76729428050749e-07   2.50144012070648e+01
   1.03111253000000e+08   2.56383464147802e-06   2.50384201460911e+01
   1.03511256000000e+08   1.05986032394867e-06   2.49583570159945e+01
   1.03911258000000e+08   1.84223915766779e-06   2.50744485546264e+01
   1.04311261000000e+08   2.84889915747044e-06   2.50864580241371e+01
   1.04711264000000e+08   8.23455195586575e-07   2.50704453981228e+01
   1.05111266000000e+08   2.56711814472510e-06   2.50544327721075e+01
   1.48688319000000e+08  -4.21464955434203e-03   2.51024706501504e+01
   1.49088321000000e+08   6.57397094983025e-07   2.51425022151793e+01
   1.49488324000000e+08   2.86712690922286e-07   2.51024706501504e+01
   1.49888327000000e+08   2.29405668505933e-06   2.50824548676336e+01
   1.50288329000000e+08   1.36020801733139e-07   2.51705243106959e+01
   1.50688332000000e+08   3.80290225621138e-06   2.51865369367039e+01
   1.51088334000000e+08   2.80484016457194e-07   2.50864580241371e+01
   1.51488337000000e+08   5.49349465472915e-07   2.51144801196597e+01
   1.51888340000000e+08   2.15880504583765e-06   2.51144801196597e+01
   1.52288342000000e+08   5.67575114018837e-07   2.49743696420159e+01
   1.52688345000000e+08   3.54940084434929e-06   2.50464264590994e+01
   1.53088347000000e+08   3.17440679964420e-07   2.50704453981228e+01
   1.53488350000000e+08   9.24484027109429e-07   2.49103191379245e+01
   1.53888353000000e+08   2.48768310484593e-06   2.50384201460911e+01
   1.54288355000000e+08   7.92330979493272e-07   2.49823759550261e+01
   1.54688358000000e+08   3.80126130039571e-06   2.49823759550261e+01
   1.55088360000000e+08   5.21458389357576e-07   2.50544327721075e+01
   1.55488363000000e+08   1.66692427683302e-06   2.50184043635693e+01
   1.55888366000000e+08   2.84611473944096e-06   2.50144012070648e+01
   1.56288368000000e+08   1.37350718887319e-06   2.49743696420159e+01
   1.56688371000000e+08   3.54651092493441e-06   2.49783727985210e+01
   1.57088373000000e+08   4.40324782857715e-07   2.50504296156035e+01
   1.57488376000000e+08   1.70811074440280e-06   2.50544327721075e+01
   1.57888378000000e+08   2.93623998004477e-06   2.49943854245411e+01
   1.58288381000000e+08   1.22236065180914e-06   2.51384990586767e+01
   1.93372902000000e+08   2.36979988403618e-03   2.50864580241371e+01
   1.93772905000000e+08   1.54769907112495e-06   2.50464264590994e+01
   1.94172907000000e+08   3.52967822436767e-06   2.50784517111300e+01
   1.94572910000000e+08   6.59260535940120e-07   2.50264106765782e+01
   1.94972913000000e+08   2.76789364761498e-06   2.50144012070648e+01
   1.95372915000000e+08   1.90343496342393e-06   2.49583570159945e+01
   1.95772918000000e+08   1.42717249218549e-06   2.50784517111300e+01
   1.96172920000000e+08   3.26887925439223e-06   2.50744485546264e+01
   1.96572923000000e+08   5.58556280338962e-07   2.49863791115312e+01
   1.96972926000000e+08   2.56498287853901e-06   2.50103980505602e+01
   1.97372928000000e+08   1.45563490150380e-06   2.50784517111300e+01
   1.97772931000000e+08   1.54853353251383e-06   2.51264895891685e+01
   1.98172933000000e+08   2.78661468655628e-06   2.50384201460911e+01
   1.98572936000000e+08   3.54680111058769e-07   2.49303349204548e+01
   1.98972939000000e+08   2.38009920394688e-06   2.50224075200738e+01
   1.99372941000000e+08   1.35728123495937e-06   2.50864580241371e+01
   1.99772944000000e+08   1.21641062378330e-06   2.51264895891685e+01
   2.00172946000000e+08   2.42107989834039e-06   2.51745274671980e+01
   2.00572949000000e+08   4.15982242429891e-07   2.50664422416190e+01
   2.00972952000000e+08   2.48323544838058e-06   2.50424233025953e+01
   2.01372954000000e+08   1.17502554530802e-06   2.51425022151793e+01
   2.01772957000000e+08   1.52026836985897e-06   2.50704453981228e+01
   2.02172959000000e+08   2.26164479499857e-06   2.50864580241371e+01
   2.02572962000000e+08   6.83953885527444e-07   2.50984674936472e+01
   2.02972964000000e+08   2.81655479739129e-06   2.50424233025953e+01
