   4.00002000000000e+05   1.55282566538517e-06   2.50264106765782e+01
   8.00005000000000e+05   1.81697703283135e-06   2.50023917375508e+01
   1.20000700000000e+06   1.57637055053783e-06   2.49903822680362e+01
   1.60001000000000e+06   1.76563798959251e-06   2.50023917375508e+01
   2.00001200000000e+06   1.90314744941134e-06   2.49223286074429e+01
   2.40001500000000e+06   1.70820590028598e-06   2.50544327721075e+01
   2.80001800000000e+06   1.91641152014199e-06   2.50144012070648e+01
   3.20002000000000e+06   1.68345286510885e-06   2.49343380769607e+01
   3.60002300000000e+06   2.08400001611153e-06   2.49663633290053e+01
   4.00002500000000e+06   1.89844035958231e-06   2.48943065118992e+01
   4.40002800000000e+06   1.95374832401285e-06   2.48542749468314e+01
   4.80003100000000e+06   2.06740810426709e-06   2.50304138330826e+01
   5.20003300000000e+06   1.80411291239579e-06   2.49423443899722e+01
   5.60003600000000e+06   1.37791630550055e-06   2.49623601725000e+01
   6.00003800000000e+06   1.39001861043653e-06   2.50464264590994e+01
   6.40004100000000e+06   1.33610933517048e-06   2.50464264590994e+01
   6.80004400000000e+06   1.36323956212436e-06   2.50664422416190e+01
   7.20004600000000e+06   1.28453814340901e-06   2.50264106765782e+01
   7.60004900000000e+06   1.73203659414867e-06   2.49783727985210e+01
   8.00005100000000e+06   1.56368753323477e-06   2.50504296156035e+01
   8.40005400000000e+06   1.55035877469345e-06   2.50544327721075e+01
   8.80005700000000e+06   1.65312076205737e-06   2.50744485546264e+01
   9.20005900000000e+06   1.57359863806050e-06   2.50864580241371e+01
   9.60006200000000e+06   1.50645803387306e-06   2.50384201460911e+01
   4.21968350000000e+07  -2.06124968826771e-03   2.50824548676336e+01
   4.25968380000000e+07   2.04441516871157e-06   2.50504296156035e+01
   4.29968400000000e+07   2.27284067477740e-06   2.51064738066536e+01
   4.33968430000000e+07   1.68994483829010e-06   2.51024706501504e+01
   4.37968450000000e+07   2.59453281614697e-06   2.50784517111300e+01
   4.41968480000000e+07   1.93057439901168e-06   2.50384201460911e+01
   4.45968510000000e+07   1.89543527540081e-06   2.50424233025953e+01
   4.49968530000000e+07   2.11814676731592e-06   2.50304138330826e+01
   4.53968560000000e+07   1.33177456973499e-06   2.49183254509368e+01
   4.57968580000000e+07   2.27492773774429e-06   2.50544327721075e+01
   4.61968610000000e+07   1.44864600315486e-06   2.50544327721075e+01
   4.65968640000000e+07   1.48829860791011e-06   2.49743696420159e+01
   4.69968660000000e+07   1.60730132847675e-06   2.49703664855106e+01
   4.73968690000000e+07   1.49248785419331e-06   2.48182465382651e+01
   4.77968710000000e+07   2.50046082328481e-06   2.49463475464779e+01
   4.81968740000000e+07   1.73211049059319e-06   2.50264106765782e+01
   4.85968770000000e+07   1.79736753125326e-06   2.49903822680362e+01
   4.89968790000000e+07   1.99561850422469e-06   2.49943854245411e+01
   4.93968820000000e+07   1.45603996770660e-06   2.51064738066536e+01
   4.97968840000000e+07   1.99082114704652e-06   2.51344959021740e+01
   5.01968870000000e+07   1.20991421681538e-06   2.49903822680362e+01
   5.05968900000000e+07   1.41351267757273e-06   2.51224864326656e+01
   5.09968920000000e+07   1.47171499520482e-06   2.50504296156035e+01
   5.13968950000000e+07   1.28248393593822e-06   2.50063948940555e+01
   5.17968970000000e+07   2.16605167224770e-06   2.49743696420159e+01
   9.55641980000000e+07   4.63739968836308e-03   2.49383412334665e+01
   9.59642000000000e+07   2.67576001533598e-06   2.50384201460911e+01
   9.63642030000000e+07   4.20992563476830e-07   2.49743696420159e+01
   9.67642060000000e+07   1.88553019597748e-06   2.50304138330826e+01
   9.71642080000000e+07   3.05926914734300e-06   2.49943854245411e+01
   9.75642110000000e+07   8.91935343361183e-08   2.49823759550261e+01
   9.79642130000000e+07   2.67047857960279e-06   2.49743696420159e+01
   9.83642160000000e+07   4.46151659616589e-07   2.49983885810460e+01
   9.87642180000000e+07   1.96567407328985e-06   2.50384201460911e+01
   9.91642210000000e+07   2.82671567219950e-06   2.49503507029835e+01
   9.95642240000000e+07   1.39868561177536e-07   2.50184043635693e+01
   9.99642260000000e+07   2.72462807515694e-06   2.49423443899722e+01
   1.00364229000000e+08   4.29669086088325e-07   2.49543538594890e+01
   1.00764231000000e+08   2.07715788747009e-06   2.50144012070648e+01
   1.01164234000000e+08   2.66461665887618e-06   2.50264106765782e+01
   1.01564237000000e+08   3.97586575218156e-07   2.48822970423795e+01
   1.01964239000000e+08   2.68514213530580e-06   2.50264106765782e+01
   1.02364242000000e+08   7.36835431780491e-07   2.50304138330826e+01
   1.02764244000000e+08   2.26928887059330e-06   2.50384201460911e+01
   1.03164247000000e+08   2.61762238551455e-06   2.48822970423795e+01
   1.03564250000000e+08   2.84567278185932e-07   2.49983885810460e+01
   1.03964252000000e+08   2.58176783063391e-06   2.50184043635693e+01
   1.04364255000000e+08   6.04919932811754e-07   2.50103980505602e+01
   1.04764257000000e+08   2.25442590817693e-06   2.50103980505602e+01
   1.05164260000000e+08   2.20618426283181e-06   2.49983885810460e+01
   1.48826798000000e+08  -4.23322524875402e-03   2.50464264590994e+01
   1.49226801000000e+08   6.12319865922473e-07   2.49823759550261e+01
   1.49626803000000e+08   1.96126984519651e-06   2.49903822680362e+01
   1.50026806000000e+08   1.82656538072479e-06   2.50184043635693e+01
   1.50426809000000e+08   1.37553274726088e-06   2.49343380769607e+01
   1.50826811000000e+08   4.61541822005529e-06   2.50664422416190e+01
   1.51226814000000e+08   7.73857891545049e-07   2.49623601725000e+01
   1.51626816000000e+08   1.98250563698821e-06   2.50864580241371e+01
   1.52026819000000e+08   1.95994812202116e-06   2.49663633290053e+01
   1.52426822000000e+08   1.70126543252991e-06   2.50063948940555e+01
   1.52826824000000e+08   4.37733069702517e-06   2.49143222944307e+01
   1.53226827000000e+08   4.99087263960973e-07   2.49783727985210e+01
   1.53626829000000e+08   1.82394308012590e-06   2.49663633290053e+01
   1.54026832000000e+08   1.51212123000732e-06   2.50063948940555e+01
   1.54426835000000e+08   1.44023454140552e-06   2.50103980505602e+01
   1.54826837000000e+08   3.68756354873767e-06   2.49663633290053e+01
   1.55226840000000e+08   6.28099527943959e-08   2.49743696420159e+01
   1.55626842000000e+08   1.47649200243904e-06   2.49663633290053e+01
   1.56026845000000e+08   1.15579575776792e-06   2.50103980505602e+01
   1.56426848000000e+08   1.35041898374766e-06   2.50224075200738e+01
   1.56826850000000e+08   3.02789635497902e-06   2.49543538594890e+01
   1.57226853000000e+08  -1.26513668874395e-07   2.50504296156035e+01
   1.57626855000000e+08   1.75889965703391e-06   2.50063948940555e+01
   1.58026858000000e+08   1.61264870257583e-06   2.50344169895869e+01
   1.58426860000000e+08   1.81667871856916e-06   2.50304138330826e+01
   1.93673505000000e+08   2.38016247749329e-03   2.50744485546264e+01
   1.94073507000000e+08   6.58379917695129e-07   2.49623601725000e+01
   1.94473510000000e+08   2.38597772295179e-06   2.49703664855106e+01
   1.94873512000000e+08   1.09835616513010e-06   2.49903822680362e+01
   1.95273515000000e+08   4.87906959278916e-07   2.50103980505602e+01
   1.95673518000000e+08   3.09169399770326e-06   2.50424233025953e+01
   1.96073520000000e+08   8.10845961041196e-07   2.49383412334665e+01
   1.96473523000000e+08   2.67007021648169e-06   2.50144012070648e+01
   1.96873525000000e+08   1.12808413632592e-06   2.50063948940555e+01
   1.97273528000000e+08   7.70177393860649e-07   2.50264106765782e+01
   1.97673531000000e+08   3.03223555420118e-06   2.50824548676336e+01
   1.98073533000000e+08   6.80856942381070e-07   2.50744485546264e+01
   1.98473536000000e+08   2.41857833316317e-06   2.50424233025953e+01
   1.98873538000000e+08   9.30778071506211e-07   2.49743696420159e+01
   1.99273541000000e+08   8.78595130870963e-07   2.48983096684056e+01
   1.99673543000000e+08   2.69081033366092e-06   2.50264106765782e+01
   2.00073546000000e+08   4.68969972189370e-07   2.49983885810460e+01
   2.00473549000000e+08   2.23839060708997e-06   2.49823759550261e+01
   2.00873551000000e+08   7.62077149829565e-07   2.50784517111300e+01
   2.01273554000000e+08   9.03184513845190e-07   2.50184043635693e+01
   2.01673556000000e+08   2.91817150355200e-06   2.50664422416190e+01
   2.02073559000000e+08   7.20115394869936e-07   2.49863791115312e+01
   2.02473562000000e+08   2.52366885433730e-06   2.50784517111300e+01
   2.02873564000000e+08   8.69440100359498e-07   2.49863791115312e+01
   2.03273567000000e+08   1.43862519053073e-06   2.50344169895869e+01
