   4.00003000000000e+05   1.82135045179166e-06   2.49863791115312e+01
   8.00005000000000e+05   1.74490048721054e-06   2.51024706501504e+01
   1.20000800000000e+06   1.59375531438855e-06   2.49143222944307e+01
   1.60001100000000e+06   1.99902979147737e-06   2.50344169895869e+01
   2.00001300000000e+06   1.70703469848377e-06   2.51144801196597e+01
   2.40001600000000e+06   1.98804605133773e-06   2.50184043635693e+01
   2.80001800000000e+06   1.91702883967082e-06   2.50144012070648e+01
   3.20002100000000e+06   1.83728843694553e-06   2.50504296156035e+01
   3.60002400000000e+06   2.06114577849803e-06   2.48662844163524e+01
   4.00002600000000e+06   1.61308571478003e-06   2.51024706501504e+01
   4.40002900000000e+06   2.11835936170246e-06   2.48262528512803e+01
   4.80003100000000e+06   1.75916079570015e-06   2.51184832761627e+01
   5.20003400000000e+06   1.81350105776801e-06   2.51144801196597e+01
   5.60003700000000e+06   2.04040907192393e-06   2.50344169895869e+01
   6.00003900000000e+06   1.84629277555359e-06   2.48182465382651e+01
   6.40004200000000e+06   2.14237434192910e-06   2.50584359286114e+01
   6.80004400000000e+06   1.81953771516419e-06   2.48542749468314e+01
   7.20004700000000e+06   2.01836087398988e-06   2.53426600402306e+01
   7.60005000000000e+06   2.14162355405279e-06   2.51144801196597e+01
   8.00005200000000e+06   1.76151786490664e-06   2.49663633290053e+01
   8.40005500000000e+06   2.12595159609918e-06   2.49503507029835e+01
   8.80005700000000e+06   1.93616642718553e-06   2.49903822680362e+01
   9.20006000000000e+06   1.98278075913549e-06   2.52465842842254e+01
   9.60006300000000e+06   2.16466219171707e-06   2.49303349204548e+01
   4.22666900000000e+07   1.54325389303267e-04   2.50464264590994e+01
   4.26666920000000e+07   2.04549905902240e-06   2.55187989261478e+01
   4.30666950000000e+07   1.82390169811697e-06   2.45900666172260e+01
   4.34666980000000e+07   1.88809315204708e-06   2.51785306237000e+01
   4.38667000000000e+07   2.10314397008915e-06   2.50784517111300e+01
   4.42667030000000e+07   1.70880184668931e-06   2.51585148411891e+01
   4.46667050000000e+07   2.15310865314677e-06   2.51745274671980e+01
   4.50667080000000e+07   1.79280959855532e-06   2.53506663532295e+01
   4.54667110000000e+07   1.93073242371611e-06   2.50984674936472e+01
   4.58667130000000e+07   2.04355956157087e-06   2.44659687653462e+01
   4.62667160000000e+07   1.77404751866561e-06   2.50664422416190e+01
   4.66667180000000e+07   2.15096179090324e-06   2.52305716582210e+01
   4.70667210000000e+07   1.81449365754816e-06   2.50264106765782e+01
   4.74667240000000e+07   1.97327040041273e-06   2.51064738066536e+01
   4.78667260000000e+07   1.87580349120253e-06   2.51064738066536e+01
   4.82667290000000e+07   1.68224255503446e-06   2.49383412334665e+01
   4.86667310000000e+07   1.95490224541572e-06   2.50304138330826e+01
   4.90667340000000e+07   1.68048961768363e-06   2.49183254509368e+01
   4.94667370000000e+07   1.78923335170111e-06   2.55107926131541e+01
   4.98667390000000e+07   1.79239543740550e-06   2.47822181296936e+01
   5.02667420000000e+07   1.68400015354564e-06   2.50704453981228e+01
   5.06667440000000e+07   1.83847748758126e-06   2.50824548676336e+01
   5.10667470000000e+07   1.59963042278832e-06   2.50464264590994e+01
   5.14667500000000e+07   1.83889028448903e-06   2.53146379447328e+01
   5.18667520000000e+07   1.87791852113151e-06   2.50824548676336e+01
   9.55791230000000e+07   1.87025245395489e-04   2.50063948940555e+01
   9.59791260000000e+07   1.77324295691506e-06   2.50784517111300e+01
   9.63791280000000e+07   1.99549845092406e-06   2.52105558757142e+01
   9.67791310000000e+07   1.74005162989488e-06   2.51465053716819e+01
   9.71791330000000e+07   1.99118198906945e-06   2.51264895891685e+01
   9.75791360000000e+07   1.81643031282874e-06   2.50904611806405e+01
   9.79791390000000e+07   1.60643298841023e-06   2.52425811277244e+01
   9.83791410000000e+07   2.00485510504222e-06   2.52505874407263e+01
   9.87791440000000e+07   1.55938607804273e-06   2.49503507029835e+01
   9.91791460000000e+07   1.86188970019430e-06   2.49623601725000e+01
   9.95791490000000e+07   1.73629621258442e-06   2.50744485546264e+01
   9.99791520000000e+07   1.68265171396342e-06   2.51945432497076e+01
   1.00379154000000e+08   1.85466137736512e-06   2.49743696420159e+01
   1.00779157000000e+08   1.61189916525473e-06   2.52906190057322e+01
   1.01179159000000e+08   1.86110139566154e-06   2.50624390851152e+01
   1.01579162000000e+08   1.90018045032048e-06   2.50464264590994e+01
   1.01979165000000e+08   1.89004663297965e-06   2.50784517111300e+01
   1.02379167000000e+08   2.15644286072347e-06   2.50704453981228e+01
   1.02779170000000e+08   1.78869072442467e-06   2.48542749468314e+01
   1.03179172000000e+08   2.10994699045841e-06   2.49903822680362e+01
   1.03579175000000e+08   1.89200000022538e-06   2.51985464062093e+01
   1.03979178000000e+08   1.89354022950283e-06   2.50384201460911e+01
   1.04379180000000e+08   2.02127148440923e-06   2.51024706501504e+01
   1.04779183000000e+08   1.84708324013627e-06   2.50144012070648e+01
   1.05179185000000e+08   1.98771090254013e-06   2.50264106765782e+01
   1.49095125000000e+08   2.12100218050182e-04   2.50864580241371e+01
   1.49495128000000e+08   1.83592646862962e-06   2.49823759550261e+01
   1.49895131000000e+08   1.80096719759604e-06   2.48863001988861e+01
   1.50295133000000e+08   1.86625516107597e-06   2.53866947617211e+01
   1.50695136000000e+08   1.72368754647323e-06   2.47541960341345e+01
   1.51095138000000e+08   1.82134021997626e-06   2.51425022151793e+01
   1.51495141000000e+08   1.74768513261370e-06   2.46501139648878e+01
   1.51895144000000e+08   1.68282360846206e-06   2.47822181296936e+01
   1.52295146000000e+08   1.72751651916769e-06   2.53346537272316e+01
   1.52695149000000e+08   1.54862186718674e-06   2.50784517111300e+01
   1.53095151000000e+08   1.79119956555951e-06   2.51505085281844e+01
   1.53495154000000e+08   1.62480296239664e-06   2.50464264590994e+01
   1.53895157000000e+08   1.65253243267216e-06   2.48102402252496e+01
   1.54295159000000e+08   1.70135672306060e-06   2.50224075200738e+01
   1.54695162000000e+08   1.61504692641756e-06   2.49463475464779e+01
   1.55095164000000e+08   1.78886432422587e-06   2.50984674936472e+01
   1.55495167000000e+08   1.61895411565638e-06   2.50023917375508e+01
   1.55895170000000e+08   1.58925536197785e-06   2.50063948940555e+01
   1.56295172000000e+08   1.70135126609239e-06   2.49383412334665e+01
   1.56695175000000e+08   1.51696076500230e-06   2.48983096684056e+01
   1.57095177000000e+08   1.68570193181949e-06   2.46260950258248e+01
   1.57495180000000e+08   1.57561510150117e-06   2.51264895891685e+01
   1.57895183000000e+08   1.68751410001278e-06   2.49183254509368e+01
   1.58295185000000e+08   1.76228581949545e-06   2.48863001988861e+01
   1.58695188000000e+08   1.70917985542474e-06   2.50784517111300e+01
   1.93768110000000e+08   1.57750182552263e-04   2.51184832761627e+01
   1.94168113000000e+08   1.65214464686869e-06   2.50184043635693e+01
   1.94568116000000e+08   1.57462170591316e-06   2.49823759550261e+01
   1.94968118000000e+08   1.78883851731371e-06   2.50264106765782e+01
   1.95368121000000e+08   1.50604228110751e-06   2.49863791115312e+01
   1.95768123000000e+08   1.70720954884018e-06   2.50624390851152e+01
   1.96168126000000e+08   1.59881244599092e-06   2.50424233025953e+01
   1.96568129000000e+08   1.56227451952873e-06   2.51024706501504e+01
   1.96968131000000e+08   1.70525686371548e-06   2.49703664855106e+01
   1.97368134000000e+08   1.61506625317998e-06   2.50264106765782e+01
   1.97768136000000e+08   1.71543013038900e-06   2.49183254509368e+01
   1.98168139000000e+08   1.73653995716450e-06   2.50784517111300e+01
   1.98568142000000e+08   1.70798136878147e-06   2.50264106765782e+01
   1.98968144000000e+08   1.93770461009990e-06   2.49383412334665e+01
   1.99368147000000e+08   1.60801016590995e-06   2.49823759550261e+01
   1.99768149000000e+08   1.81972632162797e-06   2.50184043635693e+01
   2.00168152000000e+08   1.64802077051718e-06   2.50904611806405e+01
   2.00568155000000e+08   1.74979322764557e-06   2.50424233025953e+01
   2.00968157000000e+08   1.69278507655690e-06   2.50103980505602e+01
   2.01368160000000e+08   1.69183590514876e-06   2.49663633290053e+01
   2.01768162000000e+08   1.95097140931466e-06   2.50144012070648e+01
   2.02168165000000e+08   1.75290870174649e-06   2.51024706501504e+01
   2.02568168000000e+08   1.87205455404182e-06   2.50784517111300e+01
   2.02968170000000e+08   1.94650010598707e-06   2.49823759550261e+01
   2.03368173000000e+08   1.77034405623999e-06   2.50103980505602e+01
