   4.00003000000000e+05   2.16536773223197e-06   2.49943854245411e+01
   8.00005000000000e+05   1.99223563868145e-06   2.50784517111300e+01
   1.20000800000000e+06   2.15570412365196e-06   2.50063948940555e+01
   1.60001100000000e+06   1.68444307746540e-06   2.49423443899722e+01
   2.00001300000000e+06   2.17400929614087e-06   2.50264106765782e+01
   2.40001600000000e+06   1.85962426257902e-06   2.50023917375508e+01
   2.80001800000000e+06   1.78026277808385e-06   2.51144801196597e+01
   3.20002100000000e+06   2.20650213123008e-06   2.50184043635693e+01
   3.60002400000000e+06   1.87033037946094e-06   2.50544327721075e+01
   4.00002600000000e+06   2.15102431866399e-06   2.49743696420159e+01
   4.40002900000000e+06   1.97890085473773e-06   2.50984674936472e+01
   4.80003200000000e+06   1.91118738257501e-06   2.49863791115312e+01
   5.20003400000000e+06   2.35430661632563e-06   2.49863791115312e+01
   5.60003700000000e+06   1.58656325766060e-06   2.49783727985210e+01
   6.00004000000000e+06   2.34083881878178e-06   2.51144801196597e+01
   6.40004200000000e+06   1.91937215276994e-06   2.49783727985210e+01
   6.80004500000000e+06   1.93186360775144e-06   2.50944643371439e+01
   7.20004700000000e+06   2.04727052732778e-06   2.50103980505602e+01
   7.60005000000000e+06   1.51039262163977e-06   2.50544327721075e+01
   8.00005300000000e+06   2.11033761843282e-06   2.50824548676336e+01
   8.40005500000000e+06   1.60298702667205e-06   2.50824548676336e+01
   8.80005800000000e+06   1.74877743575053e-06   2.49703664855106e+01
   9.20006100000000e+06   1.95728148355556e-06   2.50304138330826e+01
   9.60006300000000e+06   1.33750984332437e-06   2.50504296156035e+01
   4.20685160000000e+07   2.33668764121830e-03   2.50264106765782e+01
   4.24685190000000e+07   6.85736722516594e-07   2.49343380769607e+01
   4.28685210000000e+07   3.78948811885493e-06   2.50144012070648e+01
   4.32685240000000e+07   1.44629007081676e-06   2.50103980505602e+01
   4.36685260000000e+07   1.08328879377950e-06   2.49703664855106e+01
   4.40685290000000e+07   2.43478916672757e-06   2.50224075200738e+01
   4.44685320000000e+07   9.89104592008516e-07   2.51144801196597e+01
   4.48685340000000e+07   3.57278850060538e-06   2.50184043635693e+01
   4.52685370000000e+07   8.47550040816714e-07   2.50144012070648e+01
   4.56685400000000e+07   1.03444085652882e-06   2.49503507029835e+01
   4.60685420000000e+07   2.41212819673819e-06   2.51184832761627e+01
   4.64685450000000e+07   1.00534316516132e-06   2.50784517111300e+01
   4.68685480000000e+07   3.24813754559727e-06   2.50824548676336e+01
   4.72685500000000e+07   4.21491535007590e-07   2.50184043635693e+01
   4.76685530000000e+07   1.33707203531230e-06   2.50664422416190e+01
   4.80685550000000e+07   2.17355818676879e-06   2.50904611806405e+01
   4.84685580000000e+07   1.11044960249274e-06   2.49863791115312e+01
   4.88685610000000e+07   2.92693721348769e-06   2.50103980505602e+01
   4.92685630000000e+07   3.34917586997108e-07   2.51144801196597e+01
   4.96685660000000e+07   1.57453882820846e-06   2.49863791115312e+01
   5.00685690000000e+07   2.29208626478794e-06   2.49463475464779e+01
   5.04685710000000e+07   1.24519226574193e-06   2.49503507029835e+01
   5.08685740000000e+07   2.72768511422328e-06   2.49943854245411e+01
   5.12685760000000e+07   2.13179902175398e-07   2.49943854245411e+01
   5.16685790000000e+07   2.06829986382218e-06   2.50103980505602e+01
   9.53129750000000e+07  -4.17097425088286e-03   2.50784517111300e+01
   9.57129770000000e+07   4.08473340485216e-07   2.50624390851152e+01
   9.61129800000000e+07   1.77097138021054e-06   2.51064738066536e+01
   9.65129820000000e+07   3.45719536198885e-06   2.49983885810460e+01
   9.69129850000000e+07   5.39747929906298e-07   2.50944643371439e+01
   9.73129880000000e+07   2.28512840294570e-06   2.51224864326656e+01
   9.77129900000000e+07   6.24815356786712e-07   2.50464264590994e+01
   9.81129930000000e+07   2.41688894675463e-06   2.50103980505602e+01
   9.85129960000000e+07   2.92161121251411e-06   2.49583570159945e+01
   9.89129980000000e+07   3.70235682112252e-07   2.50664422416190e+01
   9.93130010000000e+07   2.33422133533168e-06   2.49743696420159e+01
   9.97130030000000e+07   7.81177845965431e-07   2.49703664855106e+01
   1.00113006000000e+08   2.40081703850592e-06   2.48742907293661e+01
   1.00513009000000e+08   2.51131223194534e-06   2.49943854245411e+01
   1.00913011000000e+08   4.41613650536965e-07   2.50264106765782e+01
   1.01313014000000e+08   2.45356955019815e-06   2.49983885810460e+01
   1.01713017000000e+08   1.06410891476116e-06   2.50304138330826e+01
   1.02113019000000e+08   2.94880055662361e-06   2.49503507029835e+01
   1.02513022000000e+08   2.37301560446213e-06   2.49623601725000e+01
   1.02913025000000e+08   4.73900939823579e-07   2.49503507029835e+01
   1.03313027000000e+08   2.48960873250326e-06   2.50184043635693e+01
   1.03713030000000e+08   1.30457249269966e-06   2.49903822680362e+01
   1.04113032000000e+08   2.75587717624148e-06   2.50784517111300e+01
   1.04513035000000e+08   1.76138200913556e-06   2.50904611806405e+01
   1.04913038000000e+08   5.42464078989724e-07   2.51184832761627e+01
   1.48301421000000e+08   4.57587512210011e-03   2.49543538594890e+01
   1.48701424000000e+08   1.25072801893111e-06   2.50544327721075e+01
   1.49101427000000e+08   4.59163538835128e-06   2.50063948940555e+01
   1.49501429000000e+08  -9.36281992380827e-07   2.49783727985210e+01
   1.49901432000000e+08   1.72356931216200e-06   2.48903033553927e+01
   1.50301435000000e+08   2.58322006629896e-06   2.50384201460911e+01
   1.50701437000000e+08   1.47629407365457e-06   2.49943854245411e+01
   1.51101440000000e+08   3.97445319322287e-06   2.50224075200738e+01
   1.51501442000000e+08  -1.18804814519535e-06   2.51064738066536e+01
   1.51901445000000e+08   2.45167484536069e-06   2.49783727985210e+01
   1.52301448000000e+08   2.71607495960779e-06   2.50063948940555e+01
   1.52701450000000e+08   1.68010853940359e-06   2.49703664855106e+01
   1.53101453000000e+08   3.45435341841949e-06   2.49303349204548e+01
   1.53501456000000e+08  -9.13355279408279e-07   2.51144801196597e+01
   1.53901458000000e+08   3.19375931212562e-06   2.49903822680362e+01
   1.54301461000000e+08   2.62960816144187e-06   2.50784517111300e+01
   1.54701463000000e+08   1.69726001786330e-06   2.49703664855106e+01
   1.55101466000000e+08   3.12165752802684e-06   2.49783727985210e+01
   1.55501469000000e+08  -6.21034018877253e-07   2.49583570159945e+01
   1.55901471000000e+08   3.65703203897283e-06   2.50704453981228e+01
   1.56301474000000e+08   2.46728495767456e-06   2.49823759550261e+01
   1.56701477000000e+08   1.78008360762760e-06   2.49823759550261e+01
   1.57101479000000e+08   2.54500423579884e-06   2.49423443899722e+01
   1.57501482000000e+08  -4.32971376085334e-07   2.49703664855106e+01
   1.57901485000000e+08   3.84304212275310e-06   2.50384201460911e+01
   1.92851629000000e+08  -2.02985038049519e-03   2.50344169895869e+01
   1.93251632000000e+08   3.13631517201429e-06   2.50504296156035e+01
   1.93651635000000e+08   1.62890705723839e-06   2.49743696420159e+01
   1.94051637000000e+08   1.73333808106690e-06   2.50784517111300e+01
   1.94451640000000e+08  -1.90336450600626e-07   2.50824548676336e+01
   1.94851642000000e+08   3.01424142890028e-06   2.50824548676336e+01
   1.95251645000000e+08   2.65284779743524e-06   2.50184043635693e+01
   1.95651648000000e+08   1.20812478598964e-06   2.50063948940555e+01
   1.96051650000000e+08   1.31042713746865e-06   2.50224075200738e+01
   1.96451653000000e+08   1.00554139237374e-07   2.50023917375508e+01
   1.96851656000000e+08   3.21124184665678e-06   2.49663633290053e+01
   1.97251658000000e+08   2.57712463280768e-06   2.50944643371439e+01
   1.97651661000000e+08   1.19255207664537e-06   2.49743696420159e+01
   1.98051664000000e+08   1.64147809300630e-06   2.50624390851152e+01
   1.98451666000000e+08   8.58285318372509e-07   2.49463475464779e+01
   1.98851669000000e+08   3.92301944884821e-06   2.49503507029835e+01
   1.99251671000000e+08   2.10489338314801e-06   2.50144012070648e+01
   1.99651674000000e+08   1.15110492515669e-06   2.49823759550261e+01
   2.00051677000000e+08   1.78532695827016e-06   2.49343380769607e+01
   2.00451679000000e+08   1.66539371093677e-06   2.50944643371439e+01
   2.00851682000000e+08   3.72636395695736e-06   2.50023917375508e+01
   2.01251685000000e+08   1.57869908434805e-06   2.50464264590994e+01
   2.01651687000000e+08   9.94646825347445e-07   2.50264106765782e+01
   2.02051690000000e+08   1.92841253010556e-06   2.49783727985210e+01
   2.02451692000000e+08   1.78864627287112e-06   2.49703664855106e+01
