   4.00002000000000e+05   2.09348058888281e-06   2.50664422416190e+01
   8.00005000000000e+05   1.93108212442894e-06   2.50023917375508e+01
   1.20000700000000e+06   2.14240253626485e-06   2.50264106765782e+01
   1.60001000000000e+06   2.30045702664938e-06   2.51304927456713e+01
   2.00001300000000e+06   1.98769066628302e-06   2.50624390851152e+01
   2.40001500000000e+06   1.86835711701860e-06   2.50424233025953e+01
   2.80001800000000e+06   1.77131744294456e-06   2.50784517111300e+01
   3.20002000000000e+06   2.29452189159929e-06   2.50103980505602e+01
   3.60002300000000e+06   1.40020881644887e-06   2.50864580241371e+01
   4.00002500000000e+06   1.95293364413374e-06   2.50144012070648e+01
   4.40002800000000e+06   2.20253514271462e-06   2.49303349204548e+01
   4.80003100000000e+06   1.87953764907434e-06   2.51344959021740e+01
   5.20003300000000e+06   2.00800491256814e-06   2.50744485546264e+01
   5.60003600000000e+06   1.88792819244554e-06   2.50424233025953e+01
   6.00003800000000e+06   2.41195789385529e-06   2.50264106765782e+01
   6.40004100000000e+06   1.91466097021475e-06   2.50544327721075e+01
   6.80004400000000e+06   1.93714186025318e-06   2.49983885810460e+01
   7.20004600000000e+06   2.43599106397596e-06   2.49943854245411e+01
   7.60004900000000e+06   1.99830265046330e-06   2.51224864326656e+01
   8.00005100000000e+06   2.21447385229112e-06   2.50704453981228e+01
   8.40005400000000e+06   2.47214825321862e-06   2.50224075200738e+01
   8.80005700000000e+06   2.39908331423067e-06   2.50384201460911e+01
   9.20005900000000e+06   2.58579757428379e-06   2.50864580241371e+01
   9.60006200000000e+06   2.02501769308583e-06   2.50144012070648e+01
   4.23692240000000e+07  -2.07387446425855e-03   2.51985464062093e+01
   4.27692270000000e+07   1.97917893274280e-06   2.50304138330826e+01
   4.31692290000000e+07   2.11907536140643e-06   2.50424233025953e+01
   4.35692320000000e+07   2.01250122700003e-06   2.50944643371439e+01
   4.39692350000000e+07   1.80949791683815e-06   2.49703664855106e+01
   4.43692370000000e+07   1.46444051551953e-06   2.50864580241371e+01
   4.47692400000000e+07   1.87866214673704e-06   2.50384201460911e+01
   4.51692420000000e+07   1.27002692806855e-06   2.50384201460911e+01
   4.55692450000000e+07   9.19153080758406e-07   2.50464264590994e+01
   4.59692480000000e+07   1.77348067609273e-06   2.50063948940555e+01
   4.63692500000000e+07   2.09694530894922e-06   2.50184043635693e+01
   4.67692530000000e+07   1.61662137543317e-06   2.50584359286114e+01
   4.71692550000000e+07   1.23432357668207e-06   2.50344169895869e+01
   4.75692580000000e+07   1.56932992467773e-06   2.50824548676336e+01
   4.79692610000000e+07   1.98045654542511e-06   2.50584359286114e+01
   4.83692630000000e+07   1.73886883203522e-06   2.50904611806405e+01
   4.87692660000000e+07   1.74191552559932e-06   2.50664422416190e+01
   4.91692680000000e+07   1.94504514183791e-06   2.51625179976914e+01
   4.95692710000000e+07   1.33706657834409e-06   2.50784517111300e+01
   4.99692730000000e+07   1.92114953279088e-06   2.51104769631567e+01
   5.03692760000000e+07   1.62230332989566e-06   2.50664422416190e+01
   5.07692790000000e+07   2.01211787498323e-06   2.50904611806405e+01
   5.11692810000000e+07   1.15442003334465e-06   2.50704453981228e+01
   5.15692840000000e+07   1.38108146074956e-06   2.50624390851152e+01
   5.19692860000000e+07   2.15435215977777e-06   2.50144012070648e+01
   9.57710040000000e+07   4.64992504566908e-03   2.51024706501504e+01
   9.61710070000000e+07   3.24318943967228e-06   2.51425022151793e+01
   9.65710090000000e+07   1.39859605496895e-06   2.50824548676336e+01
   9.69710120000000e+07   2.14006649912335e-06   2.50264106765782e+01
   9.73710140000000e+07   2.98300187751011e-06   2.50944643371439e+01
   9.77710170000000e+07   9.04739124507614e-07   2.51585148411891e+01
   9.81710200000000e+07   3.34291803483211e-06   2.50144012070648e+01
   9.85710220000000e+07   1.83048575763678e-06   2.51024706501504e+01
   9.89710250000000e+07   1.68930284871749e-06   2.50344169895869e+01
   9.93710270000000e+07   2.83320741800708e-06   2.50304138330826e+01
   9.97710300000000e+07   1.61135949383606e-06   2.50384201460911e+01
   1.00171032000000e+08   2.84681550510868e-06   2.49423443899722e+01
   1.00571035000000e+08   6.48181753604149e-07   2.50224075200738e+01
   1.00971038000000e+08   1.63083382176410e-06   2.50424233025953e+01
   1.01371040000000e+08   2.44410330196843e-06   2.50504296156035e+01
   1.01771043000000e+08   9.59396857069805e-07   2.49503507029835e+01
   1.02171045000000e+08   2.27671193897550e-06   2.51064738066536e+01
   1.02571048000000e+08   1.34853848976491e-06   2.50184043635693e+01
   1.02971051000000e+08   1.58021703100530e-06   2.50744485546264e+01
   1.03371053000000e+08   2.21442451220355e-06   2.50224075200738e+01
   1.03771056000000e+08   7.78388482558512e-07   2.50784517111300e+01
   1.04171058000000e+08   3.07584809888795e-06   2.50184043635693e+01
   1.04571061000000e+08   8.83144139152137e-07   2.50023917375508e+01
   1.04971064000000e+08   1.54063411628158e-06   2.50624390851152e+01
   1.05371066000000e+08   2.40032409237756e-06   2.51585148411891e+01
   1.49051150000000e+08  -4.25144983455539e-03   2.50624390851152e+01
   1.49451153000000e+08   9.37001459533349e-07   2.50544327721075e+01
   1.49851155000000e+08  -2.29927834993759e-07   2.50544327721075e+01
   1.50251158000000e+08   2.82078372038086e-06   2.49983885810460e+01
   1.50651161000000e+08   1.31170156691951e-06   2.50424233025953e+01
   1.51051163000000e+08   2.93528250949748e-06   2.50824548676336e+01
   1.51451166000000e+08   9.49746734590917e-08   2.50424233025953e+01
   1.51851168000000e+08   1.54671113250515e-06   2.49983885810460e+01
   1.52251171000000e+08   2.71117278316524e-06   2.50824548676336e+01
   1.52651174000000e+08   7.26549842511304e-08   2.50384201460911e+01
   1.53051176000000e+08   2.27228156290948e-06   2.49903822680362e+01
   1.53451179000000e+08   1.50388166275661e-06   2.49983885810460e+01
   1.53851181000000e+08   7.16476392881304e-07   2.49343380769607e+01
   1.54251184000000e+08   2.24570248974487e-06   2.49663633290053e+01
   1.54651187000000e+08   1.02380715816253e-06   2.49983885810460e+01
   1.55051189000000e+08   3.61619731847895e-06   2.50704453981228e+01
   1.55451192000000e+08   6.60833620713674e-07   2.49903822680362e+01
   1.55851194000000e+08   8.27864312213933e-07   2.50504296156035e+01
   1.56251197000000e+08   3.48253684023803e-06   2.49823759550261e+01
   1.56651199000000e+08   1.63988875101495e-06   2.49743696420159e+01
   1.57051202000000e+08   2.67170480583445e-06   2.50103980505602e+01
   1.57451205000000e+08   1.29269142234989e-06   2.49903822680362e+01
   1.57851207000000e+08   2.34046183322789e-06   2.49983885810460e+01
   1.58251210000000e+08   3.30513853441516e-06   2.49903822680362e+01
   1.58651212000000e+08   4.14777076684913e-07   2.50264106765782e+01
   1.93682104000000e+08   2.38973740488291e-03   2.50264106765782e+01
   1.94082107000000e+08   2.46695230998739e-06   2.50304138330826e+01
   1.94482109000000e+08   3.84674831366283e-06   2.50744485546264e+01
   1.94882112000000e+08   1.86843521987612e-06   2.51344959021740e+01
   1.95282114000000e+08   2.63668675870576e-06   2.49983885810460e+01
   1.95682117000000e+08   2.04003481485415e-06   2.50144012070648e+01
   1.96082120000000e+08   2.20027527575439e-06   2.49383412334665e+01
   1.96482122000000e+08   3.44304953614483e-06   2.50023917375508e+01
   1.96882125000000e+08   1.23533004625642e-06   2.51144801196597e+01
   1.97282127000000e+08   2.99087582789070e-06   2.49823759550261e+01
   1.97682130000000e+08   1.17041167868592e-06   2.49983885810460e+01
   1.98082133000000e+08   1.79799258148705e-06   2.49423443899722e+01
   1.98482135000000e+08   2.95015479423455e-06   2.50144012070648e+01
   1.98882138000000e+08   1.35516506816202e-06   2.50224075200738e+01
   1.99282140000000e+08   2.12030772672733e-06   2.50224075200738e+01
   1.99682143000000e+08   8.56280735206383e-07   2.50704453981228e+01
   2.00082146000000e+08   1.76152059339074e-06   2.50023917375508e+01
   2.00482148000000e+08   2.36241862694442e-06   2.50664422416190e+01
   2.00882151000000e+08   5.07489460233046e-07   2.49863791115312e+01
   2.01282153000000e+08   1.76436844867567e-06   2.50544327721075e+01
   2.01682156000000e+08   8.08968877663574e-07   2.51104769631567e+01
   2.02082158000000e+08   1.44949854075094e-06   2.49543538594890e+01
   2.02482161000000e+08   2.56470229942352e-06   2.50184043635693e+01
   2.02882164000000e+08   1.04690707303234e-06   2.50023917375508e+01
   2.03282166000000e+08   2.26991619456385e-06   2.50504296156035e+01
