   4.00002000000000e+05   1.45438514209673e-06   2.50264106765782e+01
   8.00005000000000e+05   1.83651741281210e-06   2.50544327721075e+01
   1.20000800000000e+06   2.01173156710865e-06   2.50984674936472e+01
   1.60001000000000e+06   1.95977713701723e-06   2.51184832761627e+01
   2.00001300000000e+06   1.97714030036877e-06   2.50544327721075e+01
   2.40001500000000e+06   1.98164548237401e-06   2.51144801196597e+01
   2.80001800000000e+06   2.04902858058631e-06   2.50144012070648e+01
   3.20002100000000e+06   2.06230765797955e-06   2.50544327721075e+01
   3.60002300000000e+06   2.09590803024184e-06   2.51144801196597e+01
   4.00002600000000e+06   2.09123550121149e-06   2.51425022151793e+01
   4.40002800000000e+06   1.94236986317264e-06   2.51505085281844e+01
   4.80003100000000e+06   1.46988691085426e-06   2.52105558757142e+01
   5.20003400000000e+06   1.59643479946681e-06   2.51024706501504e+01
   5.60003600000000e+06   1.45053331834788e-06   2.50784517111300e+01
   6.00003900000000e+06   1.47748266954295e-06   2.50944643371439e+01
   6.40004100000000e+06   1.56303951825976e-06   2.50584359286114e+01
   6.80004400000000e+06   1.78650725501939e-06   2.49823759550261e+01
   7.20004700000000e+06   1.84548912329774e-06   2.50984674936472e+01
   7.60004900000000e+06   1.78027016772830e-06   2.50704453981228e+01
   8.00005200000000e+06   1.83924680641212e-06   2.51144801196597e+01
   8.40005400000000e+06   1.91035405805451e-06   2.49943854245411e+01
   8.80005700000000e+06   1.64549862802232e-06   2.50144012070648e+01
   9.20006000000000e+06   1.84942905434582e-06   2.50944643371439e+01
   9.60006200000000e+06   1.73047942553239e-06   2.51425022151793e+01
   4.20981360000000e+07   1.37700350023806e-04   2.50144012070648e+01
   4.24981390000000e+07   2.24731502385112e-06   2.50464264590994e+01
   4.28981410000000e+07   2.28500425691891e-06   2.50704453981228e+01
   4.32981440000000e+07   2.60235901805572e-06   2.51144801196597e+01
   4.36981470000000e+07   2.23227152673644e-06   2.50144012070648e+01
   4.40981490000000e+07   2.51567507802974e-06   2.50704453981228e+01
   4.44981520000000e+07   2.09397467187955e-06   2.50584359286114e+01
   4.48981540000000e+07   1.83906297479552e-06   2.49983885810460e+01
   4.52981570000000e+07   1.76599678525236e-06   2.49783727985210e+01
   4.56981600000000e+07   1.74393926499761e-06   2.50624390851152e+01
   4.60981620000000e+07   1.83201393610943e-06   2.49663633290053e+01
   4.64981650000000e+07   1.64314246831054e-06   2.49423443899722e+01
   4.68981670000000e+07   1.48061974414304e-06   2.49783727985210e+01
   4.72981700000000e+07   1.66677136803628e-06   2.49223286074429e+01
   4.76981730000000e+07   1.45641138260544e-06   2.49423443899722e+01
   4.80981750000000e+07   1.64039113315084e-06   2.49823759550261e+01
   4.84981780000000e+07   1.55055795403314e-06   2.50063948940555e+01
   4.88981800000000e+07   1.72185229985189e-06   2.50224075200738e+01
   4.92981830000000e+07   1.86505326382758e-06   2.49663633290053e+01
   4.96981860000000e+07   1.64648588452110e-06   2.50224075200738e+01
   5.00981880000000e+07   1.80918505066074e-06   2.50264106765782e+01
   5.04981910000000e+07   1.93436062545516e-06   2.50744485546264e+01
   5.08981930000000e+07   2.24632867684704e-06   2.50264106765782e+01
   5.12981960000000e+07   2.28167255045264e-06   2.50784517111300e+01
   5.16981990000000e+07   2.07368088922522e-06   2.50464264590994e+01
   9.53914660000000e+07   2.34400140470825e-04   2.49143222944307e+01
   9.57914690000000e+07   1.46572392623057e-06   2.49183254509368e+01
   9.61914710000000e+07   1.26382906273648e-06   2.50304138330826e+01
   9.65914740000000e+07   1.53295206928306e-06   2.50544327721075e+01
   9.69914770000000e+07   8.12245843917481e-07   2.50264106765782e+01
   9.73914790000000e+07   1.29819011362997e-06   2.49983885810460e+01
   9.77914820000000e+07   1.15089710561733e-06   2.50584359286114e+01
   9.81914840000000e+07   1.04622324670345e-06   2.50384201460911e+01
   9.85914870000000e+07   1.49211575717345e-06   2.51024706501504e+01
   9.89914900000000e+07   1.35934294576145e-06   2.50144012070648e+01
   9.93914920000000e+07   1.66420079494856e-06   2.49743696420159e+01
   9.97914950000000e+07   1.39903625040461e-06   2.50224075200738e+01
   1.00191497000000e+08   1.48491142226703e-06   2.50864580241371e+01
   1.00591500000000e+08   1.63999061442155e-06   2.50624390851152e+01
   1.00991503000000e+08   1.21407390452077e-06   2.50664422416190e+01
   1.01391505000000e+08   1.58182172071974e-06   2.49783727985210e+01
   1.01791508000000e+08   1.53663870605669e-06   2.50464264590994e+01
   1.02191510000000e+08   1.24081714147906e-06   2.49783727985210e+01
   1.02591513000000e+08   1.68332144312444e-06   2.50063948940555e+01
   1.02991516000000e+08   9.07167816421861e-07   2.50304138330826e+01
   1.03391518000000e+08   1.53917380885105e-06   2.49663633290053e+01
   1.03791521000000e+08   1.27083671941364e-06   2.48822970423795e+01
   1.04191523000000e+08   1.16850276299374e-06   2.49183254509368e+01
   1.04591526000000e+08   2.10679604606412e-06   2.50424233025953e+01
   1.04991529000000e+08   1.68791427768156e-06   2.50344169895869e+01
   1.48454082000000e+08   1.73675100086257e-04   2.50184043635693e+01
   1.48854085000000e+08   1.52809730025183e-06   2.50664422416190e+01
   1.49254087000000e+08   1.32320417378651e-06   2.51144801196597e+01
   1.49654090000000e+08   1.92591255654406e-06   2.50063948940555e+01
   1.50054092000000e+08   1.18923264835757e-06   2.49463475464779e+01
   1.50454095000000e+08   1.80048380116204e-06   2.50704453981228e+01
   1.50854098000000e+08   1.40177246521489e-06   2.50744485546264e+01
   1.51254100000000e+08   1.35910931930994e-06   2.50544327721075e+01
   1.51654103000000e+08   1.79532082711376e-06   2.49983885810460e+01
   1.52054105000000e+08   1.25151166230353e-06   2.50944643371439e+01
   1.52454108000000e+08   1.73924547652859e-06   2.50664422416190e+01
   1.52854111000000e+08   1.95051507034805e-06   2.50864580241371e+01
   1.53254113000000e+08   1.48928222643008e-06   2.50424233025953e+01
   1.53654116000000e+08   2.25015992327826e-06   2.49303349204548e+01
   1.54054118000000e+08   1.54705537624977e-06   2.50264106765782e+01
   1.54454121000000e+08   1.82085534561338e-06   2.49823759550261e+01
   1.54854124000000e+08   1.39855615088891e-06   2.50464264590994e+01
   1.55254126000000e+08   9.92723812487384e-07   2.50344169895869e+01
   1.55654129000000e+08   1.54483393544069e-06   2.50864580241371e+01
   1.56054131000000e+08   1.03257423234027e-06   2.50023917375508e+01
   1.56454134000000e+08   1.42468047670263e-06   2.49463475464779e+01
   1.56854137000000e+08   1.39547194066836e-06   2.49983885810460e+01
   1.57254139000000e+08   1.04699563507893e-06   2.50304138330826e+01
   1.57654142000000e+08   1.65020276199357e-06   2.50504296156035e+01
   1.58054144000000e+08   1.07181494968245e-06   2.51505085281844e+01
   1.93116525000000e+08   1.76425237441435e-04   2.50344169895869e+01
   1.93516528000000e+08   1.82898395451048e-06   2.49383412334665e+01
   1.93916530000000e+08   2.16156422538916e-06   2.50144012070648e+01
   1.94316533000000e+08   2.38344841818616e-06   2.50624390851152e+01
   1.94716535000000e+08   1.52912537032535e-06   2.50063948940555e+01
   1.95116538000000e+08   2.16795160667971e-06   2.50424233025953e+01
   1.95516541000000e+08   1.73604405517835e-06   2.50904611806405e+01
   1.95916543000000e+08   1.91993262887991e-06   2.50023917375508e+01
   1.96316546000000e+08   2.03532908926718e-06   2.50464264590994e+01
   1.96716548000000e+08   1.76959940745292e-06   2.51344959021740e+01
   1.97116551000000e+08   2.47329262492713e-06   2.51344959021740e+01
   1.97516554000000e+08   2.06078493647510e-06   2.50704453981228e+01
   1.97916556000000e+08   2.00063414013130e-06   2.49823759550261e+01
   1.98316559000000e+08   2.34786034525314e-06   2.50544327721075e+01
   1.98716561000000e+08   1.86938848401041e-06   2.49263317639489e+01
   1.99116564000000e+08   2.23616666517046e-06   2.49903822680362e+01
   1.99516567000000e+08   1.85475073521957e-06   2.49983885810460e+01
   1.99916569000000e+08   1.94593212654581e-06   2.49623601725000e+01
   2.00316572000000e+08   2.26232805289328e-06   2.49863791115312e+01
   2.00716574000000e+08   1.60000149662665e-06   2.49623601725000e+01
   2.01116577000000e+08   1.94490621652221e-06   2.48983096684056e+01
   2.01516580000000e+08   1.88247747701098e-06   2.49103191379245e+01
   2.01916582000000e+08   1.82012922778085e-06   2.50063948940555e+01
   2.02316585000000e+08   1.99844180315267e-06   2.50144012070648e+01
   2.02716587000000e+08   1.91508956959296e-06   2.49503507029835e+01
