   4.00003000000000e+05   1.33974265281722e-06   2.49943854245411e+01
   8.00006000000000e+05   1.67867028721957e-06   2.50624390851152e+01
   1.20000800000000e+06   1.48997276028240e-06   2.49943854245411e+01
   1.60001100000000e+06   1.41112116125441e-06   2.51425022151793e+01
   2.00001400000000e+06   1.85461692581157e-06   2.49903822680362e+01
   2.40001600000000e+06   1.16169530883781e-06   2.50304138330826e+01
   2.80001900000000e+06   1.12196903501172e-06   2.51625179976914e+01
   3.20002100000000e+06   2.19282014768396e-06   2.50904611806405e+01
   3.60002400000000e+06   1.45782053095900e-06   2.50904611806405e+01
   4.00002700000000e+06   1.21920652418339e-06   2.49903822680362e+01
   4.40002900000000e+06   2.00835961550183e-06   2.50984674936472e+01
   4.80003200000000e+06   1.64846846928413e-06   2.51024706501504e+01
   5.20003400000000e+06   1.82123710601445e-06   2.50704453981228e+01
   5.60003700000000e+06   1.41620193971903e-06   2.50304138330826e+01
   6.00004000000000e+06   3.37837468578073e-06   2.50944643371439e+01
   6.40004200000000e+06   2.11978340303176e-06   2.50664422416190e+01
   6.80004500000000e+06   2.31077319767792e-06   2.50584359286114e+01
   7.20004700000000e+06   2.36313417190104e-06   2.49743696420159e+01
   7.60005000000000e+06   3.00832380162319e-06   2.49983885810460e+01
   8.00005300000000e+06   2.70117129730352e-06   2.49703664855106e+01
   8.40005500000000e+06   2.38820257436601e-06   2.50504296156035e+01
   8.80005800000000e+06   2.74438252745313e-06   2.50544327721075e+01
   9.20006000000000e+06   3.23587619277532e-06   2.51024706501504e+01
   9.60006300000000e+06   1.60275385496789e-06   2.50063948940555e+01
   4.22930920000000e+07   1.51237778482027e-04   2.50224075200738e+01
   4.26930950000000e+07   1.94751032722706e-06   2.49983885810460e+01
   4.30930970000000e+07   1.76348135028093e-06   2.49743696420159e+01
   4.34931000000000e+07   1.24504344967136e-06   2.50624390851152e+01
   4.38931030000000e+07   1.35039977067208e-06   2.49503507029835e+01
   4.42931050000000e+07   9.15021871605859e-07   2.50504296156035e+01
   4.46931080000000e+07   1.33913863464841e-06   2.49783727985210e+01
   4.50931100000000e+07   5.61019817268971e-07   2.50344169895869e+01
   4.54931130000000e+07   1.50129574194580e-06   2.50784517111300e+01
   4.58931160000000e+07   8.22995502858248e-07   2.50784517111300e+01
   4.62931180000000e+07   1.03162449249794e-06   2.50264106765782e+01
   4.66931210000000e+07   1.05405035810691e-06   2.49823759550261e+01
   4.70931230000000e+07   1.10484734250349e-06   2.50904611806405e+01
   4.74931260000000e+07   1.50658365782874e-06   2.50264106765782e+01
   4.78931290000000e+07   1.64706636951450e-06   2.50344169895869e+01
   4.82931310000000e+07   1.93496907741064e-06   2.49983885810460e+01
   4.86931340000000e+07   1.98772863768681e-06   2.50184043635693e+01
   4.90931360000000e+07   1.67287214480893e-06   2.49263317639489e+01
   4.94931390000000e+07   1.67013126883830e-06   2.50384201460911e+01
   4.98931420000000e+07   2.06759273169155e-06   2.50944643371439e+01
   5.02931440000000e+07   1.66467407325399e-06   2.49703664855106e+01
   5.06931470000000e+07   1.82634960310679e-06   2.49903822680362e+01
   5.10931490000000e+07   1.78261120709067e-06   2.50144012070648e+01
   5.14931520000000e+07   2.16665034713515e-06   2.49583570159945e+01
   5.18931550000000e+07   2.16351463677711e-06   2.50184043635693e+01
   9.54919410000000e+07   2.07800287171267e-04   2.49783727985210e+01
   9.58919440000000e+07   1.42774501910026e-06   2.50624390851152e+01
   9.62919470000000e+07   1.72515581198240e-06   2.50704453981228e+01
   9.66919490000000e+07   1.36427240704506e-06   2.50304138330826e+01
   9.70919520000000e+07   1.59900866947282e-06   2.49903822680362e+01
   9.74919540000000e+07   1.58729028498783e-06   2.50184043635693e+01
   9.78919570000000e+07   1.89396769201267e-06   2.49303349204548e+01
   9.82919600000000e+07   1.98497718884028e-06   2.50584359286114e+01
   9.86919620000000e+07   1.74436877387052e-06   2.51184832761627e+01
   9.90919650000000e+07   1.98830252884363e-06   2.50864580241371e+01
   9.94919670000000e+07   1.91037315744325e-06   2.50304138330826e+01
   9.98919700000000e+07   1.88946819434932e-06   2.49743696420159e+01
   1.00291973000000e+08   1.89830234376132e-06   2.50184043635693e+01
   1.00691975000000e+08   1.87253340300231e-06   2.50624390851152e+01
   1.01091978000000e+08   1.98499560610799e-06   2.50063948940555e+01
   1.01491980000000e+08   1.60507397595211e-06   2.49223286074429e+01
   1.01891983000000e+08   1.74767001226428e-06   2.50344169895869e+01
   1.02291986000000e+08   1.80172207819851e-06   2.50103980505602e+01
   1.02691988000000e+08   1.53535438585095e-06   2.49623601725000e+01
   1.03091991000000e+08   1.66932659340091e-06   2.50984674936472e+01
   1.03491993000000e+08   2.13264934245672e-06   2.50063948940555e+01
   1.03891996000000e+08   2.40575309362612e-06   2.50344169895869e+01
   1.04291999000000e+08   2.34165645451867e-06   2.50624390851152e+01
   1.04692001000000e+08   2.19694675251958e-06   2.49623601725000e+01
   1.05092004000000e+08   2.62001026385406e-06   2.49903822680362e+01
   1.48509732000000e+08   1.91475279279985e-04   2.50704453981228e+01
   1.48909734000000e+08   2.56977659773838e-06   2.50464264590994e+01
   1.49309737000000e+08   2.42796977545368e-06   2.49743696420159e+01
   1.49709739000000e+08   2.43850013248448e-06   2.50063948940555e+01
   1.50109742000000e+08   2.26056158680876e-06   2.49983885810460e+01
   1.50509745000000e+08   2.02875889954157e-06   2.49663633290053e+01
   1.50909747000000e+08   2.27672876462748e-06   2.50704453981228e+01
   1.51309750000000e+08   2.13071393773134e-06   2.49263317639489e+01
   1.51709752000000e+08   2.64203436017851e-06   2.49743696420159e+01
   1.52109755000000e+08   2.22798826143844e-06   2.49623601725000e+01
   1.52509758000000e+08   2.54125848186959e-06   2.49903822680362e+01
   1.52909760000000e+08   2.63344441009394e-06   2.49263317639489e+01
   1.53309763000000e+08   2.32271895583835e-06   2.49743696420159e+01
   1.53709765000000e+08   2.31504918701830e-06   2.49423443899722e+01
   1.54109768000000e+08   2.18694776776829e-06   2.49343380769607e+01
   1.54509771000000e+08   2.24668542614381e-06   2.49503507029835e+01
   1.54909773000000e+08   2.20159176933521e-06   2.49903822680362e+01
   1.55309776000000e+08   1.82204291832022e-06   2.49783727985210e+01
   1.55709778000000e+08   1.65990388723003e-06   2.50384201460911e+01
   1.56109781000000e+08   1.32024649701634e-06   2.49863791115312e+01
   1.56509784000000e+08   1.25664837469230e-06   2.50344169895869e+01
   1.56909786000000e+08   1.47646028381132e-06   2.51144801196597e+01
   1.57309789000000e+08   1.41442228596134e-06   2.50664422416190e+01
   1.57709791000000e+08   2.28417366088252e-06   2.50904611806405e+01
   1.58109794000000e+08   2.06839081329235e-06   2.50784517111300e+01
   1.93085775000000e+08   1.56075329869054e-04   2.49943854245411e+01
   1.93485778000000e+08   2.04947650672693e-06   2.49663633290053e+01
   1.93885780000000e+08   2.34125968745502e-06   2.49663633290053e+01
   1.94285783000000e+08   2.50704852078343e-06   2.50984674936472e+01
   1.94685786000000e+08   2.41782800003421e-06   2.50184043635693e+01
   1.95085788000000e+08   2.41199245465396e-06   2.50023917375508e+01
   1.95485791000000e+08   2.51455662692024e-06   2.50224075200738e+01
   1.95885793000000e+08   2.58059253610554e-06   2.49983885810460e+01
   1.96285796000000e+08   2.63504193753761e-06   2.49863791115312e+01
   1.96685799000000e+08   2.50418042924139e-06   2.49903822680362e+01
   1.97085801000000e+08   2.65925791609334e-06   2.49503507029835e+01
   1.97485804000000e+08   2.25590360969363e-06   2.50384201460911e+01
   1.97885806000000e+08   1.73028058725322e-06   2.50103980505602e+01
   1.98285809000000e+08   1.88886974683555e-06   2.49983885810460e+01
   1.98685812000000e+08   1.77519450517138e-06   2.49663633290053e+01
   1.99085814000000e+08   1.92146717381547e-06   2.50344169895869e+01
   1.99485817000000e+08   1.44469936458336e-06   2.49983885810460e+01
   1.99885819000000e+08   1.41732891734137e-06   2.50103980505602e+01
   2.00285822000000e+08   1.44180694405804e-06   2.49783727985210e+01
   2.00685825000000e+08   1.33453511352855e-06   2.50224075200738e+01
   2.01085827000000e+08   1.34660331241321e-06   2.50304138330826e+01
   2.01485830000000e+08   1.47359139646142e-06   2.50464264590994e+01
   2.01885832000000e+08   1.40913698487566e-06   2.50504296156035e+01
   2.02285835000000e+08   1.47379114423529e-06   2.50264106765782e+01
   2.02685838000000e+08   1.32319837575778e-06   2.49863791115312e+01
