   4.00002000000000e+05   2.04970569939178e-06   2.51024706501504e+01
   8.00005000000000e+05   1.82638393653178e-06   2.51024706501504e+01
   1.20000700000000e+06   1.94433528122318e-06   2.50264106765782e+01
   1.60001000000000e+06   1.92054358194582e-06   2.50824548676336e+01
   2.00001300000000e+06   1.91095159607357e-06   2.50063948940555e+01
   2.40001500000000e+06   2.10684652302007e-06   2.50023917375508e+01
   2.80001800000000e+06   1.73693445049139e-06   2.50584359286114e+01
   3.20002000000000e+06   2.09470931622491e-06   2.49543538594890e+01
   3.60002300000000e+06   1.91290405382460e-06   2.49983885810460e+01
   4.00002600000000e+06   1.92639254237292e-06   2.50944643371439e+01
   4.40002800000000e+06   2.03846911972505e-06   2.51344959021740e+01
   4.80003100000000e+06   1.97251256395248e-06   2.50824548676336e+01
   5.20003300000000e+06   1.97249164557434e-06   2.50304138330826e+01
   5.60003600000000e+06   2.00411250261823e-06   2.50464264590994e+01
   6.00003900000000e+06   2.08421465686115e-06   2.50544327721075e+01
   6.40004100000000e+06   2.20761648961343e-06   2.51505085281844e+01
   6.80004400000000e+06   1.94319045476732e-06   2.50464264590994e+01
   7.20004600000000e+06   2.14982355828397e-06   2.51264895891685e+01
   7.60004900000000e+06   2.12449731407105e-06   2.52425811277244e+01
   8.00005100000000e+06   2.19090043174219e-06   2.50904611806405e+01
   8.40005400000000e+06   2.31335320677317e-06   2.51585148411891e+01
   8.80005700000000e+06   2.22291942009178e-06   2.51585148411891e+01
   9.20005900000000e+06   2.36037749345996e-06   2.50544327721075e+01
   9.60006200000000e+06   2.04200841835700e-06   2.50544327721075e+01
   4.25561090000000e+07  -2.05523730255663e-03   2.49863791115312e+01
   4.29561120000000e+07   2.66130223280925e-06   2.51344959021740e+01
   4.33561140000000e+07   5.50667323295784e-07   2.50184043635693e+01
   4.37561170000000e+07   2.83955932900426e-06   2.49903822680362e+01
   4.41561200000000e+07   2.02983710551052e-06   2.49783727985210e+01
   4.45561220000000e+07   1.52752829762903e-06   2.50544327721075e+01
   4.49561250000000e+07   2.27282862397260e-06   2.50224075200738e+01
   4.53561270000000e+07   5.31119894731091e-07   2.50184043635693e+01
   4.57561300000000e+07   2.65309017777327e-06   2.50464264590994e+01
   4.61561330000000e+07   1.61947593824152e-06   2.37494037484470e+01
   4.65561350000000e+07   1.04830246527854e-06   2.54867736741717e+01
   4.69561380000000e+07   1.76934554474428e-06   2.49383412334665e+01
   4.73561400000000e+07   3.65787627742975e-07   2.49663633290053e+01
   4.77561430000000e+07   2.85077749140328e-06   2.50384201460911e+01
   4.81561460000000e+07   1.57603392381134e-06   2.49503507029835e+01
   4.85561480000000e+07   1.35183506699832e-06   2.50424233025953e+01
   4.89561510000000e+07   1.99455621441302e-06   2.50023917375508e+01
   4.93561530000000e+07   8.45724969167350e-07   2.49823759550261e+01
   4.97561560000000e+07   3.04505533677002e-06   2.50264106765782e+01
   5.01561590000000e+07   1.68828012192535e-06   2.50624390851152e+01
   5.05561610000000e+07   1.66757945407880e-06   2.50264106765782e+01
   5.09561640000000e+07   2.17541492020246e-06   2.50023917375508e+01
   5.13561660000000e+07   1.30526882458071e-06   2.50063948940555e+01
   5.17561690000000e+07   3.23118956657709e-06   2.50103980505602e+01
   5.21561720000000e+07   1.78118887106393e-06   2.51184832761627e+01
   9.55451960000000e+07   4.60687465965748e-03   2.51024706501504e+01
   9.59451980000000e+07  -6.06777916800638e-07   2.51024706501504e+01
   9.63452010000000e+07   2.35944776250108e-06   2.51184832761627e+01
   9.67452040000000e+07   3.86870141255713e-07   2.49823759550261e+01
   9.71452060000000e+07   1.95552888726525e-06   2.50184043635693e+01
   9.75452090000000e+07   2.44597413256997e-06   2.51425022151793e+01
   9.79452110000000e+07  -5.60948024030949e-07   2.49863791115312e+01
   9.83452140000000e+07   2.50571042670344e-06   2.50704453981228e+01
   9.87452170000000e+07   4.42189076466093e-07   2.50624390851152e+01
   9.91452190000000e+07   2.09738368539547e-06   2.50504296156035e+01
   9.95452220000000e+07   2.19664229916816e-06   2.50624390851152e+01
   9.99452240000000e+07   1.57341872863981e-07   2.50784517111300e+01
   1.00345227000000e+08   3.16149294121715e-06   2.50704453981228e+01
   1.00745230000000e+08   1.22038852623518e-06   2.50144012070648e+01
   1.01145232000000e+08   2.86628983303672e-06   2.50744485546264e+01
   1.01545235000000e+08   2.42500459535222e-06   2.49943854245411e+01
   1.01945237000000e+08   2.40735175793816e-07   2.51465053716819e+01
   1.02345240000000e+08   3.16204864247993e-06   2.49943854245411e+01
   1.02745243000000e+08   1.01798195828451e-06   2.51024706501504e+01
   1.03145245000000e+08   2.68094845523592e-06   2.50824548676336e+01
   1.03545248000000e+08   1.96021574083716e-06   2.49463475464779e+01
   1.03945250000000e+08   5.14594262313040e-07   2.50704453981228e+01
   1.04345253000000e+08   3.21566244565474e-06   2.51425022151793e+01
   1.04745256000000e+08   1.15953844215255e-06   2.49863791115312e+01
   1.05145258000000e+08   2.64408595285204e-06   2.50144012070648e+01
   1.48894082000000e+08  -4.19884920120239e-03   2.50184043635693e+01
   1.49294084000000e+08   1.38287134632264e-06   2.49343380769607e+01
   1.49694087000000e+08   1.99848159354588e-06   2.50704453981228e+01
   1.50094089000000e+08   3.50500363310857e-06   2.50504296156035e+01
   1.50494092000000e+08   1.17788488296355e-06   2.50023917375508e+01
   1.50894095000000e+08   9.86011968961975e-07   2.49903822680362e+01
   1.51294097000000e+08   1.45301044085500e-06   2.50264106765782e+01
   1.51694100000000e+08   2.38146503761527e-06   2.50023917375508e+01
   1.52094102000000e+08   3.30620900967915e-06   2.49863791115312e+01
   1.52494105000000e+08   1.08413712496258e-06   2.50264106765782e+01
   1.52894108000000e+08   1.21944526654261e-06   2.50224075200738e+01
   1.53294110000000e+08   1.91430626728106e-06   2.50984674936472e+01
   1.53694113000000e+08   2.48253536483389e-06   2.50464264590994e+01
   1.54094115000000e+08   2.91459946311079e-06   2.50344169895869e+01
   1.54494118000000e+08   6.39997267626313e-07   2.50424233025953e+01
   1.54894121000000e+08   1.29616319100023e-06   2.50103980505602e+01
   1.55294123000000e+08   1.93326923181303e-06   2.50864580241371e+01
   1.55694126000000e+08   2.51438132181647e-06   2.50384201460911e+01
   1.56094128000000e+08   2.44737975663156e-06   2.49383412334665e+01
   1.56494131000000e+08   5.34286243691895e-07   2.49543538594890e+01
   1.56894134000000e+08   1.42854855766927e-06   2.50184043635693e+01
   1.57294136000000e+08   2.08674168789003e-06   2.50584359286114e+01
   1.57694139000000e+08   2.30194336836576e-06   2.50184043635693e+01
   1.58094141000000e+08   1.93932964975829e-06   2.50864580241371e+01
   1.58494144000000e+08   2.92444752858501e-07   2.50224075200738e+01
   1.93222534000000e+08   2.35996278934181e-03   2.51024706501504e+01
   1.93622536000000e+08   5.76200477553357e-07   2.49743696420159e+01
   1.94022539000000e+08   1.19011872357078e-06   2.49903822680362e+01
   1.94422542000000e+08   1.58988837029028e-06   2.50023917375508e+01
   1.94822544000000e+08   3.35674030793598e-07   2.49583570159945e+01
   1.95222547000000e+08   4.27567283622921e-06   2.50384201460911e+01
   1.95622549000000e+08   3.28965768403577e-07   2.49983885810460e+01
   1.96022552000000e+08   1.11451015527564e-06   2.49703664855106e+01
   1.96422555000000e+08   1.70722216807917e-06   2.49623601725000e+01
   1.96822557000000e+08   5.33416084635974e-07   2.51064738066536e+01
   1.97222560000000e+08   3.94471544495900e-06   2.49783727985210e+01
   1.97622562000000e+08   1.66983262772646e-08   2.50824548676336e+01
   1.98022565000000e+08   1.62261244440742e-06   2.50103980505602e+01
   1.98422568000000e+08   1.95288839677232e-06   2.50544327721075e+01
   1.98822570000000e+08   1.21347966342000e-06   2.50824548676336e+01
   1.99222573000000e+08   3.88961780117825e-06   2.49903822680362e+01
   1.99622575000000e+08   1.77357833308633e-07   2.49663633290053e+01
   2.00022578000000e+08   1.98248039851023e-06   2.50424233025953e+01
   2.00422581000000e+08   2.29153738473542e-06   2.49983885810460e+01
   2.00822583000000e+08   1.73709827322455e-06   2.49863791115312e+01
   2.01222586000000e+08   3.85651810574927e-06   2.49863791115312e+01
   2.01622588000000e+08   1.59716975645097e-07   2.50384201460911e+01
   2.02022591000000e+08   2.09381437343836e-06   2.49663633290053e+01
   2.02422594000000e+08   2.09910376725020e-06   2.51264895891685e+01
   2.02822596000000e+08   1.63498225447256e-06   2.50424233025953e+01
