   4.00003000000000e+05   1.75926811607496e-06   2.50704453981228e+01
   8.00005000000000e+05   1.80740198629792e-06   2.49423443899722e+01
   1.20000800000000e+06   1.85995634183200e-06   2.50184043635693e+01
   1.60001000000000e+06   1.67126847827603e-06   2.51224864326656e+01
   2.00001300000000e+06   2.05566311706207e-06   2.50384201460911e+01
   2.40001600000000e+06   1.94709082279587e-06   2.50384201460911e+01
   2.80001800000000e+06   2.01268494492979e-06   2.50063948940555e+01
   3.20002100000000e+06   1.93301139006508e-06   2.49303349204548e+01
   3.60002300000000e+06   1.97422787096002e-06   2.48943065118992e+01
   4.00002600000000e+06   2.09237668968854e-06   2.50424233025953e+01
   4.40002900000000e+06   1.87246712357592e-06   2.49383412334665e+01
   4.80003100000000e+06   2.00410795514472e-06   2.49583570159945e+01
   5.20003400000000e+06   2.02636988433369e-06   2.48702875728593e+01
   5.60003600000000e+06   1.97715576177870e-06   2.49463475464779e+01
   6.00003900000000e+06   2.07676930585876e-06   2.50344169895869e+01
   6.40004100000000e+06   1.97327881323872e-06   2.51224864326656e+01
   6.80004400000000e+06   2.13771886592440e-06   2.49583570159945e+01
   7.20004700000000e+06   2.10135317502136e-06   2.50023917375508e+01
   7.60004900000000e+06   1.92398442777630e-06   2.50384201460911e+01
   8.00005200000000e+06   2.07755442716007e-06   2.50384201460911e+01
   8.40005400000000e+06   1.93830851458188e-06   2.50744485546264e+01
   8.80005700000000e+06   1.95272309611028e-06   2.48542749468314e+01
   9.20006000000000e+06   1.99588998839317e-06   2.48342591642952e+01
   9.60006200000000e+06   1.90332946203853e-06   2.50264106765782e+01
   4.22942470000000e+07  -2.04323697835207e-03   2.49303349204548e+01
   4.26942500000000e+07  -1.95728418361796e-07   2.50504296156035e+01
   4.30942520000000e+07   2.74923240795033e-06   2.51505085281844e+01
   4.34942550000000e+07   1.91640788216318e-06   2.51505085281844e+01
   4.38942570000000e+07   1.76032335730270e-06   2.51184832761627e+01
   4.42942600000000e+07   2.87963689515891e-06   2.49943854245411e+01
   4.46942630000000e+07  -1.30422222355264e-07   2.50384201460911e+01
   4.50942650000000e+07   2.85938699562394e-06   2.50904611806405e+01
   4.54942680000000e+07   1.67282405527658e-06   2.50624390851152e+01
   4.58942700000000e+07   1.87151715635991e-06   2.49663633290053e+01
   4.62942730000000e+07   2.50796779255325e-06   2.50384201460911e+01
   4.66942750000000e+07  -6.65678285827198e-08   2.50304138330826e+01
   4.70942780000000e+07   3.04152058561158e-06   2.50063948940555e+01
   4.74942810000000e+07   1.71623673850263e-06   2.49223286074429e+01
   4.78942830000000e+07   1.63293088917271e-06   2.49463475464779e+01
   4.82942860000000e+07   1.97508370547439e-06   2.49663633290053e+01
   4.86942880000000e+07  -2.22978204789115e-08   2.50264106765782e+01
   4.90942910000000e+07   3.08492531075899e-06   2.49423443899722e+01
   4.94942940000000e+07   1.10979374312592e-06   2.49863791115312e+01
   4.98942960000000e+07   1.67956886798493e-06   2.50184043635693e+01
   5.02942990000000e+07   1.95304642147676e-06   2.50023917375508e+01
   5.06943010000000e+07   4.79761752103514e-07   2.49663633290053e+01
   5.10943040000000e+07   3.12888732878491e-06   2.50624390851152e+01
   5.14943070000000e+07   1.16928401894256e-06   2.49823759550261e+01
   5.18943090000000e+07   1.82417818450631e-06   2.50504296156035e+01
   9.58297970000000e+07   4.58869989961386e-03   2.50824548676336e+01
   9.62297990000000e+07   1.61827745159826e-06   2.50103980505602e+01
   9.66298020000000e+07   3.12429210680421e-06   2.50624390851152e+01
   9.70298040000000e+07   4.75816705147736e-07   2.50824548676336e+01
   9.74298070000000e+07   2.92759932563058e-06   2.49703664855106e+01
   9.78298090000000e+07   1.62760522925964e-06   2.50144012070648e+01
   9.82298120000000e+07   1.94961990018783e-06   2.50144012070648e+01
   9.86298150000000e+07   3.09930578623607e-06   2.49703664855106e+01
   9.90298170000000e+07   7.25799679912598e-07   2.49863791115312e+01
   9.94298200000000e+07   3.24602910950489e-06   2.49623601725000e+01
   9.98298220000000e+07   1.64453558681998e-06   2.49823759550261e+01
   1.00229825000000e+08   2.15680665860418e-06   2.49903822680362e+01
   1.00629828000000e+08   2.85524720311514e-06   2.50384201460911e+01
   1.01029830000000e+08   8.16819579085859e-07   2.51224864326656e+01
   1.01429833000000e+08   3.29675572174892e-06   2.50384201460911e+01
   1.01829835000000e+08   1.53492089793872e-06   2.51184832761627e+01
   1.02229838000000e+08   2.23227129936276e-06   2.49623601725000e+01
   1.02629841000000e+08   2.67949144472368e-06   2.50704453981228e+01
   1.03029843000000e+08   9.58950636231748e-07   2.51184832761627e+01
   1.03429846000000e+08   3.29331055581861e-06   2.51465053716819e+01
   1.03829848000000e+08   1.29438979001861e-06   2.50704453981228e+01
   1.04229851000000e+08   2.06636809707561e-06   2.50624390851152e+01
   1.04629853000000e+08   2.14332817449758e-06   2.50824548676336e+01
   1.05029856000000e+08   7.80276593559392e-07   2.50624390851152e+01
   1.05429859000000e+08   2.87736997961474e-06   2.50264106765782e+01
   1.49476606000000e+08  -4.19309968128800e-03   2.50544327721075e+01
   1.49876608000000e+08   2.83305985249171e-06   2.50944643371439e+01
   1.50276611000000e+08   2.94346159535053e-06   2.49663633290053e+01
   1.50676613000000e+08   9.15518171495933e-07   2.50264106765782e+01
   1.51076616000000e+08   1.30475075366121e-06   2.50664422416190e+01
   1.51476619000000e+08  -9.93297710749630e-09   2.49903822680362e+01
   1.51876621000000e+08   3.22233859151311e-06   2.50424233025953e+01
   1.52276624000000e+08   2.50134166890348e-06   2.50584359286114e+01
   1.52676626000000e+08   6.14990256053716e-07   2.49863791115312e+01
   1.53076629000000e+08   1.25143401419336e-06   2.50304138330826e+01
   1.53476632000000e+08   5.38571669039811e-07   2.51064738066536e+01
   1.53876634000000e+08   3.54512962985609e-06   2.51024706501504e+01
   1.54276637000000e+08   2.07528592000017e-06   2.49943854245411e+01
   1.54676639000000e+08   6.84347980950406e-07   2.50664422416190e+01
   1.55076642000000e+08   1.58176544573507e-06   2.49583570159945e+01
   1.55476644000000e+08   1.18198659038171e-06   2.49983885810460e+01
   1.55876647000000e+08   3.60828789780498e-06   2.50384201460911e+01
   1.56276650000000e+08   1.74643821537757e-06   2.49543538594890e+01
   1.56676652000000e+08   6.19330933204765e-07   2.49663633290053e+01
   1.57076655000000e+08   1.87229511539044e-06   2.49703664855106e+01
   1.57476657000000e+08   1.57793465405121e-06   2.50184043635693e+01
   1.57876660000000e+08   3.79343373424490e-06   2.50224075200738e+01
   1.58276663000000e+08   1.40177246521489e-06   2.49623601725000e+01
   1.58676665000000e+08   1.06828895241051e-06   2.49863791115312e+01
   1.59076668000000e+08   2.41710586124100e-06   2.51224864326656e+01
   1.94185989000000e+08   2.35504982993007e-03   2.50264106765782e+01
   1.94585992000000e+08   4.80666130897589e-06   2.49063159814183e+01
   1.94985994000000e+08   2.29996226153162e-06   2.49983885810460e+01
   1.95385997000000e+08   1.92993024938914e-06   2.49543538594890e+01
   1.95785999000000e+08  -4.25140569859650e-07   2.50824548676336e+01
   1.96186002000000e+08   3.61542703330997e-07   2.49583570159945e+01
   1.96586005000000e+08   5.15019473823486e-06   2.49863791115312e+01
   1.96986007000000e+08   1.66464985795756e-06   2.50744485546264e+01
   1.97386010000000e+08   1.47394962368708e-06   2.49623601725000e+01
   1.97786012000000e+08  -1.68912691833611e-07   2.49383412334665e+01
   1.98186015000000e+08   1.55947031998949e-06   2.50544327721075e+01
   1.98586018000000e+08   5.24550432601245e-06   2.48943065118992e+01
   1.98986020000000e+08   1.10305722955673e-06   2.49983885810460e+01
   1.99386023000000e+08   1.33055436890572e-06   2.49463475464779e+01
   1.99786025000000e+08   1.09116136570719e-07   2.50144012070648e+01
   2.00186028000000e+08   2.05120363716560e-06   2.50224075200738e+01
   2.00586030000000e+08   4.52118774774135e-06   2.50144012070648e+01
   2.00986033000000e+08   2.08784740607371e-07   2.49703664855106e+01
   2.01386036000000e+08   9.11398558400833e-07   2.50144012070648e+01
   2.01786038000000e+08   4.48976265943202e-07   2.49983885810460e+01
   2.02186041000000e+08   2.84226393887366e-06   2.50184043635693e+01
   2.02586043000000e+08   4.12473082178622e-06   2.50784517111300e+01
   2.02986046000000e+08  -1.57086617491586e-07   2.49823759550261e+01
   2.03386049000000e+08   1.25520534766110e-06   2.50464264590994e+01
   2.03786051000000e+08   1.21289826893189e-06   2.49903822680362e+01
