   4.00003000000000e+05   1.67862026501098e-06   2.50624390851152e+01
   8.00005000000000e+05   1.56503040216194e-06   2.50063948940555e+01
   1.20000800000000e+06   1.91539288607601e-06   2.49783727985210e+01
   1.60001000000000e+06   1.66777442700550e-06   2.50304138330826e+01
   2.00001300000000e+06   1.78614277501765e-06   2.49303349204548e+01
   2.40001600000000e+06   1.81116934072634e-06   2.50184043635693e+01
   2.80001800000000e+06   1.62250898938510e-06   2.50744485546264e+01
   3.20002100000000e+06   1.82398900960834e-06   2.49983885810460e+01
   3.60002300000000e+06   1.64493076226790e-06   2.50544327721075e+01
   4.00002600000000e+06   1.72619706972910e-06   2.50344169895869e+01
   4.40002900000000e+06   1.89469949418708e-06   2.49823759550261e+01
   4.80003100000000e+06   1.77952847479901e-06   2.50504296156035e+01
   5.20003400000000e+06   2.17913361666433e-06   2.49983885810460e+01
   5.60003600000000e+06   1.88264004918892e-06   2.49183254509368e+01
   6.00003900000000e+06   2.06506729227840e-06   2.50063948940555e+01
   6.40004200000000e+06   2.05919582185743e-06   2.49703664855106e+01
   6.80004400000000e+06   1.98793281924736e-06   2.50224075200738e+01
   7.20004700000000e+06   2.31898457059287e-06   2.50904611806405e+01
   7.60004900000000e+06   2.12329314308590e-06   2.50184043635693e+01
   8.00005200000000e+06   2.16037437894556e-06   2.49983885810460e+01
   8.40005500000000e+06   2.26584256779461e-06   2.49783727985210e+01
   8.80005700000000e+06   1.63554238952202e-06   2.49543538594890e+01
   9.20006000000000e+06   1.87693774478248e-06   2.50063948940555e+01
   9.60006200000000e+06   1.51836729855859e-06   2.50304138330826e+01
   4.20839370000000e+07   2.36108805984259e-03   2.51064738066536e+01
   4.24839390000000e+07   1.80688493855996e-06   2.50304138330826e+01
   4.28839420000000e+07   1.43694319376664e-06   2.51024706501504e+01
   4.32839440000000e+07   3.24232519233192e-06   2.50544327721075e+01
   4.36839470000000e+07   1.44245871069870e-06   2.49903822680362e+01
   4.40839500000000e+07   1.70761688877974e-06   2.49743696420159e+01
   4.44839520000000e+07   2.10402868106030e-06   2.50664422416190e+01
   4.48839550000000e+07   1.46091201713716e-06   2.50103980505602e+01
   4.52839570000000e+07   3.00876854453236e-06   2.49823759550261e+01
   4.56839600000000e+07   1.22166318305972e-06   2.49223286074429e+01
   4.60839630000000e+07   1.67672317274992e-06   2.49703664855106e+01
   4.64839650000000e+07   2.04433490580413e-06   2.49823759550261e+01
   4.68839680000000e+07   1.64841242167313e-06   2.49823759550261e+01
   4.72839700000000e+07   3.17804529004206e-06   2.50063948940555e+01
   4.76839730000000e+07   1.30768262351921e-06   2.50464264590994e+01
   4.80839760000000e+07   1.84772397915367e-06   2.49463475464779e+01
   4.84839780000000e+07   2.20653578253405e-06   2.49543538594890e+01
   4.88839810000000e+07   1.89633260561095e-06   2.50023917375508e+01
   4.92839830000000e+07   3.18437332680332e-06   2.49663633290053e+01
   4.96839860000000e+07   1.39196185955370e-06   2.50224075200738e+01
   5.00839890000000e+07   2.06192771656788e-06   2.50584359286114e+01
   5.04839910000000e+07   2.36749065152253e-06   2.49983885810460e+01
   5.08839940000000e+07   2.04894854505255e-06   2.50063948940555e+01
   5.12839960000000e+07   3.12265433421999e-06   2.50063948940555e+01
   5.16839990000000e+07   1.37347376494290e-06   2.49783727985210e+01
   9.53307080000000e+07  -4.22409921884537e-03   2.51064738066536e+01
   9.57307110000000e+07   2.24625250666577e-06   2.50504296156035e+01
   9.61307130000000e+07   4.10686516261194e-06   2.50584359286114e+01
   9.65307160000000e+07   1.29418333472131e-06   2.50704453981228e+01
   9.69307190000000e+07   3.58468042804816e-07   2.49103191379245e+01
   9.73307210000000e+07   2.26457518692769e-06   2.50464264590994e+01
   9.77307240000000e+07   2.06159825211216e-06   2.49023128249120e+01
   9.81307260000000e+07   3.61098000212223e-06   2.49823759550261e+01
   9.85307290000000e+07   1.06350410078448e-06   2.49023128249120e+01
   9.89307320000000e+07   6.24979804797476e-07   2.49023128249120e+01
   9.93307340000000e+07   2.68543635684182e-06   2.49863791115312e+01
   9.97307370000000e+07   2.51356391345325e-06   2.49583570159945e+01
   1.00130739000000e+08   3.57777821591299e-06   2.50544327721075e+01
   1.00530742000000e+08   8.66808989030687e-07   2.49503507029835e+01
   1.00930745000000e+08   9.45930707985099e-07   2.50664422416190e+01
   1.01330747000000e+08   2.93215907731792e-06   2.50504296156035e+01
   1.01730750000000e+08   2.49936420004815e-06   2.50824548676336e+01
   1.02130752000000e+08   3.23227823173511e-06   2.50464264590994e+01
   1.02530755000000e+08   6.74959210300585e-07   2.50984674936472e+01
   1.02930758000000e+08   7.26109135484876e-07   2.50464264590994e+01
   1.03330760000000e+08   2.49639765570464e-06   2.50023917375508e+01
   1.03730763000000e+08   1.91025083040586e-06   2.50944643371439e+01
   1.04130765000000e+08   2.48396418101038e-06   2.49863791115312e+01
   1.04530768000000e+08   1.81909101115707e-07   2.50624390851152e+01
   1.04930771000000e+08   8.33360900287516e-07   2.50184043635693e+01
   1.48422692000000e+08   4.62289992719889e-03   2.50424233025953e+01
   1.48822694000000e+08   1.26308259496000e-06   2.50144012070648e+01
   1.49222697000000e+08   1.34239644467016e-06   2.49543538594890e+01
   1.49622700000000e+08   3.26441090692242e-06   2.50304138330826e+01
   1.50022702000000e+08   8.79287085808755e-07   2.49543538594890e+01
   1.50422705000000e+08   1.76032415311056e-06   2.49543538594890e+01
   1.50822707000000e+08   1.45366641390865e-06   2.50664422416190e+01
   1.51222710000000e+08   1.73233502209769e-06   2.50144012070648e+01
   1.51622713000000e+08   3.43836563843070e-06   2.50264106765782e+01
   1.52022715000000e+08   1.08413632915472e-06   2.50344169895869e+01
   1.52422718000000e+08   1.90725040738471e-06   2.49183254509368e+01
   1.52822720000000e+08   1.10956671051099e-06   2.50624390851152e+01
   1.53222723000000e+08   1.47568266584130e-06   2.51344959021740e+01
   1.53622726000000e+08   2.70173563876597e-06   2.50664422416190e+01
   1.54022728000000e+08   4.81046072309255e-07   2.49863791115312e+01
   1.54422731000000e+08   1.50246410157706e-06   2.49823759550261e+01
   1.54822733000000e+08   1.20100958156399e-06   2.50344169895869e+01
   1.55222736000000e+08   1.58561226726306e-06   2.50063948940555e+01
   1.55622739000000e+08   2.53322787102661e-06   2.49823759550261e+01
   1.56022741000000e+08   6.17044065620576e-07   2.50023917375508e+01
   1.56422744000000e+08   1.64847187988926e-06   2.49583570159945e+01
   1.56822746000000e+08   1.43512852446293e-06   2.49663633290053e+01
   1.57222749000000e+08   1.94337644643383e-06   2.50824548676336e+01
   1.57622752000000e+08   2.75482625511358e-06   2.50624390851152e+01
   1.58022754000000e+08   8.13265842225519e-07   2.50063948940555e+01
   1.93140410000000e+08  -2.04943749122322e-03   2.50184043635693e+01
   1.93540412000000e+08   1.81082748440531e-06   2.50544327721075e+01
   1.93940415000000e+08   2.03745980797976e-06   2.49503507029835e+01
   1.94340417000000e+08   6.25665393272357e-07   2.50424233025953e+01
   1.94740420000000e+08   2.65800531451532e-06   2.50424233025953e+01
   1.95140423000000e+08   3.23490553455485e-06   2.49783727985210e+01
   1.95540425000000e+08   1.23760287351615e-06   2.50023917375508e+01
   1.95940428000000e+08   1.60160573159374e-06   2.50144012070648e+01
   1.96340430000000e+08   5.82995198783465e-07   2.49663633290053e+01
   1.96740433000000e+08   2.69406473307754e-06   2.50184043635693e+01
   1.97140436000000e+08   2.85530245491827e-06   2.50944643371439e+01
   1.97540438000000e+08   1.02403794244310e-06   2.50384201460911e+01
   1.97940441000000e+08   1.52359234562027e-06   2.50824548676336e+01
   1.98340443000000e+08   6.78636695283785e-07   2.51024706501504e+01
   1.98740446000000e+08   2.77876029031177e-06   2.50304138330826e+01
   1.99140449000000e+08   2.59046669270901e-06   2.51104769631567e+01
   1.99540451000000e+08   9.37735535444517e-07   2.50144012070648e+01
   1.99940454000000e+08   1.44541422741895e-06   2.50704453981228e+01
   2.00340456000000e+08   9.59051476456807e-07   2.50624390851152e+01
   2.00740459000000e+08   2.94669416689430e-06   2.50864580241371e+01
   2.01140462000000e+08   2.57436613537720e-06   2.50023917375508e+01
   2.01540464000000e+08   1.01020111742400e-06   2.50464264590994e+01
   2.01940467000000e+08   1.77572508164303e-06   2.51184832761627e+01
   2.02340469000000e+08   1.35836648951226e-06   2.50384201460911e+01
   2.02740472000000e+08   3.06723313769908e-06   2.50584359286114e+01
