   4.00003000000000e+05   1.85650844741758e-06   2.50544327721075e+01
   8.00006000000000e+05   2.07281095754297e-06   2.49703664855106e+01
   1.20000800000000e+06   1.39338203553052e-06   2.50184043635693e+01
   1.60001100000000e+06   1.81404914201266e-06   2.50144012070648e+01
   2.00001300000000e+06   1.70021542089671e-06   2.48943065118992e+01
   2.40001600000000e+06   1.19818093935464e-06   2.50144012070648e+01
   2.80001900000000e+06   1.30419527977210e-06   2.49903822680362e+01
   3.20002100000000e+06   7.18500359653262e-07   2.49263317639489e+01
   3.60002400000000e+06   9.92194031823601e-07   2.49903822680362e+01
   4.00002600000000e+06   1.02194746887108e-06   2.49423443899722e+01
   4.40002900000000e+06   7.15384373961570e-07   2.49863791115312e+01
   4.80003200000000e+06   1.38292159590492e-06   2.50264106765782e+01
   5.20003400000000e+06   8.49546552217362e-07   2.50624390851152e+01
   5.60003700000000e+06   1.23725362755067e-06   2.49223286074429e+01
   6.00003900000000e+06   1.12629425075284e-06   2.49943854245411e+01
   6.40004200000000e+06   1.01206694580469e-06   2.50504296156035e+01
   6.80004400000000e+06   1.63412414622144e-06   2.49583570159945e+01
   7.20004700000000e+06   1.27987755149661e-06   2.48903033553927e+01
   7.60005000000000e+06   1.52476229686727e-06   2.50304138330826e+01
   8.00005200000000e+06   1.53417795445421e-06   2.50023917375508e+01
   8.40005500000000e+06   1.28844374103210e-06   2.49663633290053e+01
   8.80005700000000e+06   1.82791495717538e-06   2.49623601725000e+01
   9.20006000000000e+06   1.26855650250945e-06   2.50504296156035e+01
   9.60006300000000e+06   1.70860641901527e-06   2.49063159814183e+01
   4.21673580000000e+07  -2.07928707823157e-03   2.50464264590994e+01
   4.25673610000000e+07   1.64020525517117e-06   2.49903822680362e+01
   4.29673630000000e+07   1.78614936885424e-06   2.50023917375508e+01
   4.33673660000000e+07  -2.72235610054850e-07   2.49343380769607e+01
   4.37673680000000e+07   3.56971577275544e-06   2.49823759550261e+01
   4.41673710000000e+07  -1.83771774686647e-07   2.50504296156035e+01
   4.45673740000000e+07   2.35098832490621e-06   2.50624390851152e+01
   4.49673760000000e+07   2.38770780924824e-06   2.50824548676336e+01
   4.53673790000000e+07   5.49518119896675e-07   2.50704453981228e+01
   4.57673810000000e+07   4.17066485169926e-06   2.51104769631567e+01
   4.61673840000000e+07   8.38704579564364e-07   2.51184832761627e+01
   4.65673870000000e+07   2.63617857854115e-06   2.51304927456713e+01
   4.69673890000000e+07   2.48570245275914e-06   2.50664422416190e+01
   4.73673920000000e+07   1.00622128229588e-06   2.50224075200738e+01
   4.77673940000000e+07   4.27763598054298e-06   2.50704453981228e+01
   4.81673970000000e+07   7.36188724204112e-07   2.50864580241371e+01
   4.85674000000000e+07   2.94458368443884e-06   2.51264895891685e+01
   4.89674020000000e+07   2.47177263190679e-06   2.50784517111300e+01
   4.93674050000000e+07   1.14683689389494e-06   2.50944643371439e+01
   4.97674070000000e+07   4.10622396884719e-06   2.51304927456713e+01
   5.01674100000000e+07   9.88342094387917e-07   2.49983885810460e+01
   5.05674130000000e+07   2.72562692771317e-06   2.49823759550261e+01
   5.09674150000000e+07   2.09664585781866e-06   2.50304138330826e+01
   5.13674180000000e+07   9.07721357634728e-07   2.50304138330826e+01
   5.17674200000000e+07   3.81018776351993e-06   2.50264106765782e+01
   9.51372940000000e+07   4.65737516060472e-03   2.50584359286114e+01
   9.55372970000000e+07   1.24198220419203e-06   2.51144801196597e+01
   9.59372990000000e+07   2.45210162574949e-06   2.50904611806405e+01
   9.63373020000000e+07   2.89587228508026e-06   2.51425022151793e+01
   9.67373040000000e+07   6.25545396815141e-07   2.52385779712233e+01
   9.71373070000000e+07   3.13938448925910e-06   2.50264106765782e+01
   9.75373100000000e+07   8.06625962468388e-07   2.50384201460911e+01
   9.79373120000000e+07   1.88858359706501e-06   2.51825337802020e+01
   9.83373150000000e+07   2.59510420619335e-06   2.50464264590994e+01
   9.87373170000000e+07   4.98258202696888e-07   2.51144801196597e+01
   9.91373200000000e+07   3.07999607684906e-06   2.50704453981228e+01
   9.95373230000000e+07   5.80092148538824e-07   2.50063948940555e+01
   9.99373250000000e+07   1.84026612259913e-06   2.50424233025953e+01
   1.00337328000000e+08   2.33592481890810e-06   2.50063948940555e+01
   1.00737330000000e+08   5.73111435642204e-07   2.50824548676336e+01
   1.01137333000000e+08   3.11400503960613e-06   2.50184043635693e+01
   1.01537336000000e+08   6.43022474378085e-07   2.50704453981228e+01
   1.01937338000000e+08   2.24316750063736e-06   2.50144012070648e+01
   1.02337341000000e+08   2.21856817006483e-06   2.49903822680362e+01
   1.02737343000000e+08   1.44805960644590e-06   2.50504296156035e+01
   1.03137346000000e+08   3.41086547450686e-06   2.50264106765782e+01
   1.03537349000000e+08   1.35082052565849e-06   2.51264895891685e+01
   1.03937351000000e+08   2.67649011220783e-06   2.50664422416190e+01
   1.04337354000000e+08   2.52647600973432e-06   2.50744485546264e+01
   1.04737356000000e+08   1.16040291686659e-06   2.50544327721075e+01
   1.48467565000000e+08  -4.26494935527444e-03   2.49303349204548e+01
   1.48867568000000e+08   1.56045132371219e-06   2.50664422416190e+01
   1.49267570000000e+08   2.01164857571712e-06   2.49543538594890e+01
   1.49667573000000e+08   6.04288345584791e-07   2.49623601725000e+01
   1.50067575000000e+08   2.73018486041110e-06   2.50544327721075e+01
   1.50467578000000e+08   2.31853186960507e-06   2.50103980505602e+01
   1.50867580000000e+08   1.71470890109049e-06   2.50304138330826e+01
   1.51267583000000e+08   1.93323603525641e-06   2.51344959021740e+01
   1.51667586000000e+08   7.38329390514991e-07   2.50224075200738e+01
   1.52067588000000e+08   2.80636959359981e-06   2.49823759550261e+01
   1.52467591000000e+08   2.19204275708762e-06   2.50664422416190e+01
   1.52867593000000e+08   1.57929889610386e-06   2.50704453981228e+01
   1.53267596000000e+08   2.17175693251193e-06   2.50704453981228e+01
   1.53667599000000e+08   8.42069027839898e-07   2.51425022151793e+01
   1.54067601000000e+08   2.82855694422324e-06   2.50304138330826e+01
   1.54467604000000e+08   2.39706287175068e-06   2.50864580241371e+01
   1.54867606000000e+08   1.91991489373322e-06   2.50864580241371e+01
   1.55267609000000e+08   2.46352965405094e-06   2.50824548676336e+01
   1.55667612000000e+08   1.18334003218479e-06   2.50304138330826e+01
   1.56067614000000e+08   3.14418230118463e-06   2.50744485546264e+01
   1.56467617000000e+08   2.52063819061732e-06   2.49743696420159e+01
   1.56867619000000e+08   1.82646806479170e-06   2.49983885810460e+01
   1.57267622000000e+08   2.28068802243797e-06   2.51104769631567e+01
   1.57667625000000e+08   1.15834245661972e-06   2.49103191379245e+01
   1.58067627000000e+08   2.89832269118051e-06   2.50544327721075e+01
   1.93040972000000e+08   2.38291220739484e-03   2.49223286074429e+01
   1.93440975000000e+08   2.56475868809503e-06   2.50544327721075e+01
   1.93840977000000e+08   2.75592378784495e-06   2.50224075200738e+01
   1.94240980000000e+08   8.45014483275008e-07   2.49623601725000e+01
   1.94640983000000e+08   4.05002356274053e-06   2.50864580241371e+01
   1.95040985000000e+08   1.84615646503516e-06   2.49663633290053e+01
   1.95440988000000e+08   2.78579977930349e-06   2.50624390851152e+01
   1.95840990000000e+08   3.13242185256968e-06   2.50023917375508e+01
   1.96240993000000e+08   1.17537081223418e-06   2.50144012070648e+01
   1.96640996000000e+08   3.72083286492852e-06   2.50304138330826e+01
   1.97040998000000e+08   1.79192704763409e-06   2.49903822680362e+01
   1.97441001000000e+08   2.44522266257263e-06   2.50264106765782e+01
   1.97841003000000e+08   2.80195877166989e-06   2.50624390851152e+01
   1.98241006000000e+08   8.40883330965880e-07   2.49783727985210e+01
   1.98641009000000e+08   3.41927920999296e-06   2.49783727985210e+01
   1.99041011000000e+08   1.23240545235603e-06   2.49703664855106e+01
   1.99441014000000e+08   2.09056179301115e-06   2.50744485546264e+01
   1.99841016000000e+08   2.16735179492389e-06   2.50704453981228e+01
   2.00241019000000e+08   6.33545198525098e-07   2.50224075200738e+01
   2.00641022000000e+08   2.74606418315670e-06   2.49903822680362e+01
   2.01041024000000e+08   7.15828718966804e-07   2.49743696420159e+01
   2.01441027000000e+08   1.61540629051160e-06   2.50664422416190e+01
   2.01841029000000e+08   1.58877708145155e-06   2.50264106765782e+01
   2.02241032000000e+08   1.64827696380598e-07   2.50464264590994e+01
   2.02641035000000e+08   2.52238760367618e-06   2.50304138330826e+01
