   4.00003000000000e+05   1.39032238166692e-06   2.50624390851152e+01
   8.00005000000000e+05   1.87515979632735e-06   2.48822970423795e+01
   1.20000800000000e+06   1.84276075287926e-06   2.51825337802020e+01
   1.60001100000000e+06   1.80292636287049e-06   2.48903033553927e+01
   2.00001300000000e+06   1.91971662388823e-06   2.49543538594890e+01
   2.40001600000000e+06   1.80959830231586e-06   2.51144801196597e+01
   2.80001800000000e+06   2.03356921701925e-06   2.50063948940555e+01
   3.20002100000000e+06   1.97092958842404e-06   2.50264106765782e+01
   3.60002400000000e+06   1.86212366770633e-06   2.50103980505602e+01
   4.00002600000000e+06   2.11268388738972e-06   2.49903822680362e+01
   4.40002900000000e+06   1.85177623279742e-06   2.50584359286114e+01
   4.80003100000000e+06   1.93104892787233e-06   2.50264106765782e+01
   5.20003400000000e+06   1.74274418895948e-06   2.48983096684056e+01
   5.60003700000000e+06   1.81697237167100e-06   2.51104769631567e+01
   6.00003900000000e+06   1.90681703315931e-06   2.49383412334665e+01
   6.40004200000000e+06   1.72011880295031e-06   2.49823759550261e+01
   6.80004400000000e+06   1.96992164092080e-06   2.48462686338171e+01
   7.20004700000000e+06   1.95724328477809e-06   2.48983096684056e+01
   7.60005000000000e+06   1.87907789950259e-06   2.48702875728593e+01
   8.00005200000000e+06   1.98513930627087e-06   2.48983096684056e+01
   8.40005500000000e+06   1.88731655725860e-06   2.53346537272316e+01
   8.80005700000000e+06   1.98769021153566e-06   2.48702875728593e+01
   9.20006000000000e+06   1.95863890439796e-06   2.51184832761627e+01
   9.60006300000000e+06   1.86915610811411e-06   2.49463475464779e+01
   4.22536610000000e+07  -2.04040040262043e-03   2.50063948940555e+01
   4.26536630000000e+07   3.65660730494710e-06   2.49943854245411e+01
   4.30536660000000e+07   1.56951364260749e-06   2.49623601725000e+01
   4.34536690000000e+07   1.96515500761052e-07   2.50384201460911e+01
   4.38536710000000e+07   2.01409034161770e-06   2.50624390851152e+01
   4.42536740000000e+07   2.00824501916941e-06   2.50063948940555e+01
   4.46536760000000e+07   3.22143637276895e-06   2.50664422416190e+01
   4.50536790000000e+07   7.05003401435533e-07   2.50784517111300e+01
   4.54536820000000e+07   2.95601580546645e-07   2.51465053716819e+01
   4.58536840000000e+07   2.20279912355181e-06   2.51024706501504e+01
   4.62536870000000e+07   2.05793230634299e-06   2.50624390851152e+01
   4.66536890000000e+07   2.68922349278000e-06   2.50984674936472e+01
   4.70536920000000e+07   5.99548798163596e-07   2.50103980505602e+01
   4.74536950000000e+07   9.24960033898969e-07   2.50384201460911e+01
   4.78536970000000e+07   2.73350997304078e-06   2.51665211541937e+01
   4.82537000000000e+07   2.14213582694356e-06   2.50264106765782e+01
   4.86537020000000e+07   2.49451159106684e-06   2.51384990586767e+01
   4.90537050000000e+07   4.25023188199702e-07   2.50824548676336e+01
   4.94537080000000e+07   1.55415716562857e-06   2.50424233025953e+01
   4.98537100000000e+07   2.92788740807737e-06   2.49943854245411e+01
   5.02537130000000e+07   2.14328133552044e-06   2.49863791115312e+01
   5.06537150000000e+07   2.12412783184845e-06   2.49743696420159e+01
   5.10537180000000e+07   4.81229733395594e-07   2.50544327721075e+01
   5.14537200000000e+07   2.17922547562921e-06   2.50264106765782e+01
   5.18537230000000e+07   3.02416469821765e-06   2.50384201460911e+01
   9.51984540000000e+07   4.57897549495101e-03   2.49503507029835e+01
   9.55984560000000e+07  -3.58998335059368e-07   2.49503507029835e+01
   9.59984590000000e+07   1.77454171534919e-06   2.49183254509368e+01
   9.63984620000000e+07   2.59916487266310e-06   2.50424233025953e+01
   9.67984640000000e+07   3.33396633322991e-06   2.49903822680362e+01
   9.71984670000000e+07   1.05258050098200e-06   2.50704453981228e+01
   9.75984690000000e+07  -3.27391575183356e-07   2.50464264590994e+01
   9.79984720000000e+07   2.06476579478476e-06   2.52425811277244e+01
   9.83984750000000e+07   2.65522794506978e-06   2.49983885810460e+01
   9.87984770000000e+07   2.69212614512071e-06   2.50344169895869e+01
   9.91984800000000e+07   6.08319567163562e-07   2.53186411012327e+01
   9.95984820000000e+07  -3.69394186350291e-08   2.51384990586767e+01
   9.99984850000000e+07   2.59969010585337e-06   2.48342591642952e+01
   1.00398488000000e+08   2.54384713116451e-06   2.54667578916847e+01
   1.00798490000000e+08   2.09128529604641e-06   2.50063948940555e+01
   1.01198493000000e+08   8.20411827362477e-08   2.47982307557260e+01
   1.01598495000000e+08   6.03048476932599e-07   2.51344959021740e+01
   1.01998498000000e+08   2.92398385681736e-06   2.48943065118992e+01
   1.02398501000000e+08   2.22733478949522e-06   2.47461897211170e+01
   1.02798503000000e+08   1.58673719852231e-06   2.49863791115312e+01
   1.03198506000000e+08   2.99963744510023e-07   2.50664422416190e+01
   1.03598508000000e+08   1.38030782181886e-06   2.50624390851152e+01
   1.03998511000000e+08   3.18887919092958e-06   2.49903822680362e+01
   1.04398514000000e+08   2.03525428332796e-06   2.49823759550261e+01
   1.04798516000000e+08   1.40112445023988e-06   2.49423443899722e+01
   1.48640002000000e+08  -4.17742412537336e-03   2.50784517111300e+01
   1.49040004000000e+08   1.37637323405215e-06   2.50544327721075e+01
   1.49440007000000e+08   3.12180827677366e-06   2.50464264590994e+01
   1.49840010000000e+08   1.70952000644320e-06   2.50304138330826e+01
   1.50240012000000e+08   2.90116133783158e-07   2.49903822680362e+01
   1.50640015000000e+08   2.59190301221679e-06   2.49263317639489e+01
   1.51040017000000e+08   1.85433407295932e-06   2.50304138330826e+01
   1.51440020000000e+08   3.00442388834199e-06   2.50544327721075e+01
   1.51840023000000e+08   1.45119645367231e-06   2.50023917375508e+01
   1.52240025000000e+08   6.88191562403517e-07   2.50384201460911e+01
   1.52640028000000e+08   2.87735247184173e-06   2.50344169895869e+01
   1.53040030000000e+08   1.81846053237678e-06   2.49623601725000e+01
   1.53440033000000e+08   2.68324356511584e-06   2.49943854245411e+01
   1.53840036000000e+08   1.05446156339895e-06   2.50023917375508e+01
   1.54240038000000e+08   1.01752243608644e-06   2.51104769631567e+01
   1.54640041000000e+08   2.85029227597988e-06   2.50504296156035e+01
   1.55040043000000e+08   1.50813241361902e-06   2.50224075200738e+01
   1.55440046000000e+08   2.26119573198957e-06   2.50103980505602e+01
   1.55840049000000e+08   7.28524298665434e-07   2.50344169895869e+01
   1.56240051000000e+08   1.11773806565907e-06   2.49383412334665e+01
   1.56640054000000e+08   2.90162120109017e-06   2.50023917375508e+01
   1.57040056000000e+08   1.58560078489245e-06   2.49423443899722e+01
   1.57440059000000e+08   2.13460657505493e-06   2.49743696420159e+01
   1.57840062000000e+08   8.27478402243287e-07   2.51144801196597e+01
   1.58240064000000e+08   1.74607646385994e-06   2.50184043635693e+01
   1.93254309000000e+08   2.35062465071678e-03   2.49343380769607e+01
   1.93654311000000e+08   3.08120229419728e-06   2.48622812598455e+01
   1.94054314000000e+08   7.20253694908024e-07   2.50904611806405e+01
   1.94454316000000e+08   2.60141109720280e-06   2.50424233025953e+01
   1.94854319000000e+08   1.23876566249237e-06   2.52505874407263e+01
   1.95254322000000e+08   1.22947790259786e-06   2.49743696420159e+01
   1.95654324000000e+08   2.87806551568792e-06   2.49383412334665e+01
   1.96054327000000e+08   5.97863504481211e-07   2.51224864326656e+01
   1.96454329000000e+08   2.66957908934273e-06   2.49463475464779e+01
   1.96854332000000e+08   1.23438485388760e-06   2.49623601725000e+01
   1.97254335000000e+08   1.73841613104742e-06   2.51144801196597e+01
   1.97654337000000e+08   2.79381583823124e-06   2.51465053716819e+01
   1.98054340000000e+08   8.33504714137234e-07   2.50304138330826e+01
   1.98454342000000e+08   2.68868689090596e-06   2.49383412334665e+01
   1.98854345000000e+08   1.32641048367077e-06   2.50624390851152e+01
   1.99254348000000e+08   1.94411563825270e-06   2.50824548676336e+01
   1.99654350000000e+08   2.75126194537734e-06   2.48382623208026e+01
   2.00054353000000e+08   8.20949992430542e-07   2.50023917375508e+01
   2.00454355000000e+08   2.79713003692450e-06   2.50023917375508e+01
   2.00854358000000e+08   1.06313370906719e-06   2.50704453981228e+01
   2.01254361000000e+08   1.97474082597182e-06   2.48022339122339e+01
   2.01654363000000e+08   2.31122521654470e-06   2.50544327721075e+01
   2.02054366000000e+08   7.38754181384138e-07   2.49423443899722e+01
   2.02454368000000e+08   2.58101658801024e-06   2.48983096684056e+01
   2.02854371000000e+08   1.11038025352173e-06   2.48142433817574e+01
