   4.00003000000000e+05   1.86161878446001e-06   2.49623601725000e+01
   8.00005000000000e+05   1.63320692081470e-06   2.50184043635693e+01
   1.20000800000000e+06   1.75293882875849e-06   2.50184043635693e+01
   1.60001100000000e+06   1.75999264229176e-06   2.50704453981228e+01
   2.00001300000000e+06   2.03537729248637e-06   2.49943854245411e+01
   2.40001600000000e+06   2.31997546507046e-06   2.50944643371439e+01
   2.80001800000000e+06   2.13561907003168e-06   2.51545116846868e+01
   3.20002100000000e+06   2.33148466577404e-06   2.50504296156035e+01
   3.60002400000000e+06   2.26818292503594e-06   2.50824548676336e+01
   4.00002600000000e+06   1.71589749697887e-06   2.51505085281844e+01
   4.40002900000000e+06   1.86501267762651e-06   2.50264106765782e+01
   4.80003100000000e+06   1.39783560371143e-06   2.50023917375508e+01
   5.20003400000000e+06   1.84550663107075e-06   2.51264895891685e+01
   5.60003700000000e+06   1.53690859860944e-06   2.50224075200738e+01
   6.00003900000000e+06   1.53594817220437e-06   2.50023917375508e+01
   6.40004200000000e+06   1.65839105648047e-06   2.49343380769607e+01
   6.80004500000000e+06   1.42562316796102e-06   2.50784517111300e+01
   7.20004700000000e+06   1.62479898335732e-06   2.49103191379245e+01
   7.60005000000000e+06   1.51369602008344e-06   2.50103980505602e+01
   8.00005200000000e+06   1.77324966443848e-06   2.49383412334665e+01
   8.40005500000000e+06   2.27797295337950e-06   2.49703664855106e+01
   8.80005800000000e+06   1.81802636234352e-06   2.48983096684056e+01
   9.20006000000000e+06   2.26852648665954e-06   2.48742907293661e+01
   9.60006300000000e+06   1.99181158677675e-06   2.50344169895869e+01
   4.22370110000000e+07   1.48800361785106e-04   2.51625179976914e+01
   4.26370140000000e+07   1.30171588352823e-06   2.51144801196597e+01
   4.30370160000000e+07   1.77587878624763e-06   2.50744485546264e+01
   4.34370190000000e+07   1.35917582611000e-06   2.50944643371439e+01
   4.38370220000000e+07   1.43140039199352e-06   2.50424233025953e+01
   4.42370240000000e+07   1.71055694409006e-06   2.51425022151793e+01
   4.46370270000000e+07   1.15683224066743e-06   2.48943065118992e+01
   4.50370290000000e+07   1.71732051512663e-06   2.49423443899722e+01
   4.54370320000000e+07   1.31378510559443e-06   2.50824548676336e+01
   4.58370350000000e+07   1.56502210302278e-06   2.50264106765782e+01
   4.62370370000000e+07   1.80406402705557e-06   2.50023917375508e+01
   4.66370400000000e+07   1.36190033117600e-06   2.49823759550261e+01
   4.70370420000000e+07   1.87924842975917e-06   2.50784517111300e+01
   4.74370450000000e+07   1.65251401540445e-06   2.49743696420159e+01
   4.78370480000000e+07   1.24230905385048e-06   2.50624390851152e+01
   4.82370500000000e+07   1.38213749778515e-06   2.51384990586767e+01
   4.86370530000000e+07   5.91897673984931e-07   2.50664422416190e+01
   4.90370560000000e+07   1.28870715343510e-06   2.50464264590994e+01
   4.94370580000000e+07   8.73939768553100e-07   2.50023917375508e+01
   4.98370610000000e+07   7.90290414443007e-07   2.50744485546264e+01
   5.02370630000000e+07   9.53908966039307e-07   2.50224075200738e+01
   5.06370660000000e+07   4.74676539852226e-07   2.51224864326656e+01
   5.10370690000000e+07   8.89118780378340e-07   2.50063948940555e+01
   5.14370710000000e+07   6.99243003055017e-07   2.51064738066536e+01
   5.18370740000000e+07   7.79791662353091e-07   2.50984674936472e+01
   9.54949390000000e+07   2.26025149459019e-04   2.50624390851152e+01
   9.58949420000000e+07   1.53516475620563e-06   2.49983885810460e+01
   9.62949450000000e+07   1.71964927631052e-06   2.50344169895869e+01
   9.66949470000000e+07   1.47830724017695e-06   2.48502717903243e+01
   9.70949500000000e+07   1.81150016942411e-06   2.51224864326656e+01
   9.74949530000000e+07   1.46619697716233e-06   2.50224075200738e+01
   9.78949550000000e+07   1.72634236150770e-06   2.50624390851152e+01
   9.82949580000000e+07   1.70364410223556e-06   2.48863001988861e+01
   9.86949600000000e+07   1.55016766711924e-06   2.49663633290053e+01
   9.90949630000000e+07   1.82261885584012e-06   2.50224075200738e+01
   9.94949660000000e+07   1.56072337631485e-06   2.50264106765782e+01
   9.98949680000000e+07   1.60247350322607e-06   2.50184043635693e+01
   1.00294971000000e+08   1.57631711772410e-06   2.50864580241371e+01
   1.00694973000000e+08   1.34213553337759e-06   2.50264106765782e+01
   1.01094976000000e+08   1.64270977620617e-06   2.50864580241371e+01
   1.01494979000000e+08   1.35603943363094e-06   2.50464264590994e+01
   1.01894981000000e+08   1.70638429608516e-06   2.50304138330826e+01
   1.02294984000000e+08   1.82794315151114e-06   2.50824548676336e+01
   1.02694986000000e+08   1.75040111116687e-06   2.49943854245411e+01
   1.03094989000000e+08   1.85797796348197e-06   2.50144012070648e+01
   1.03494992000000e+08   1.76952823949250e-06   2.50464264590994e+01
   1.03894994000000e+08   1.86074771590938e-06   2.49903822680362e+01
   1.04294997000000e+08   2.12693794310326e-06   2.50344169895869e+01
   1.04694999000000e+08   1.82128803771775e-06   2.50384201460911e+01
   1.05095002000000e+08   2.23029019252863e-06   2.50103980505602e+01
   1.49183308000000e+08   1.88125137356110e-04   2.50103980505602e+01
   1.49583310000000e+08   2.43302702074288e-06   2.50464264590994e+01
   1.49983313000000e+08   1.63812683240394e-06   2.49383412334665e+01
   1.50383315000000e+08   1.53296889493504e-06   2.49823759550261e+01
   1.50783318000000e+08   1.23686800179712e-06   2.50144012070648e+01
   1.51183321000000e+08   1.36305425257888e-06   2.49543538594890e+01
   1.51583323000000e+08   1.47573018693947e-06   2.50824548676336e+01
   1.51983326000000e+08   1.76151843334083e-06   2.49903822680362e+01
   1.52383328000000e+08   2.52344921136682e-06   2.49743696420159e+01
   1.52783331000000e+08   2.06315507966792e-06   2.49343380769607e+01
   1.53183334000000e+08   2.47719117396628e-06   2.49863791115312e+01
   1.53583336000000e+08   2.31707645070856e-06   2.49623601725000e+01
   1.53983339000000e+08   1.90880268746696e-06   2.50424233025953e+01
   1.54383341000000e+08   2.00178646991844e-06   2.50864580241371e+01
   1.54783344000000e+08   1.73458670360560e-06   2.49663633290053e+01
   1.55183347000000e+08   1.94378526430228e-06   2.50784517111300e+01
   1.55583349000000e+08   1.82202018095268e-06   2.50864580241371e+01
   1.55983352000000e+08   1.64865843998996e-06   2.50023917375508e+01
   1.56383355000000e+08   2.05175456358120e-06   2.51104769631567e+01
   1.56783357000000e+08   1.51347683186032e-06   2.51064738066536e+01
   1.57183360000000e+08   1.83534905318083e-06   2.50264106765782e+01
   1.57583362000000e+08   1.88297656222858e-06   2.50424233025953e+01
   1.57983365000000e+08   1.55839586568618e-06   2.49903822680362e+01
   1.58383368000000e+08   2.03396461984084e-06   2.49703664855106e+01
   1.58783370000000e+08   1.52013581100618e-06   2.50184043635693e+01
   1.93946307000000e+08   1.63100077770650e-04   2.51144801196597e+01
   1.94346310000000e+08   2.37600715990993e-06   2.50904611806405e+01
   1.94746313000000e+08   2.15625800592534e-06   2.50023917375508e+01
   1.95146315000000e+08   2.20920151150494e-06   2.50103980505602e+01
   1.95546318000000e+08   2.33887840295210e-06   2.50063948940555e+01
   1.95946320000000e+08   2.49733534474217e-06   2.50224075200738e+01
   1.96346323000000e+08   3.04520949612197e-06   2.49543538594890e+01
   1.96746326000000e+08   2.92411891678057e-06   2.50063948940555e+01
   1.97146328000000e+08   2.92683148472861e-06   2.49903822680362e+01
   1.97546331000000e+08   3.02490980175207e-06   2.50544327721075e+01
   1.97946333000000e+08   2.52252471000247e-06   2.50224075200738e+01
   1.98346336000000e+08   2.53264124694397e-06   2.49983885810460e+01
   1.98746339000000e+08   2.34125127462903e-06   2.50704453981228e+01
   1.99146341000000e+08   2.34396884479793e-06   2.50744485546264e+01
   1.99546344000000e+08   2.51759479397151e-06   2.49943854245411e+01
   1.99946346000000e+08   2.20727383748454e-06   2.50264106765782e+01
   2.00346349000000e+08   2.30863770411815e-06   2.49983885810460e+01
   2.00746352000000e+08   2.25996632252645e-06   2.50224075200738e+01
   2.01146354000000e+08   2.17756723941420e-06   2.49583570159945e+01
   2.01546357000000e+08   2.37911854128470e-06   2.49103191379245e+01
   2.01946359000000e+08   1.80375820946210e-06   2.50904611806405e+01
   2.02346362000000e+08   1.93104165191471e-06   2.49743696420159e+01
   2.02746365000000e+08   1.84313330464647e-06   2.49623601725000e+01
   2.03146367000000e+08   1.70835130575142e-06   2.51505085281844e+01
   2.03546370000000e+08   1.98024872588576e-06   2.50304138330826e+01
