   4.00003000000000e+05   1.71100668922008e-06   2.48342591642952e+01
   8.00006000000000e+05   1.55211114361009e-06   2.49783727985210e+01
   1.20000800000000e+06   1.64038090133545e-06   2.49223286074429e+01
   1.60001100000000e+06   1.60289926043333e-06   2.52145590322157e+01
   2.00001300000000e+06   1.67631878866814e-06   2.48702875728593e+01
   2.40001600000000e+06   1.80604263277928e-06   2.53746852922245e+01
   2.80001900000000e+06   1.81657901521248e-06   2.51785306237000e+01
   3.20002100000000e+06   1.90094749541458e-06   2.50344169895869e+01
   3.60002400000000e+06   1.77208153218089e-06   2.47421865646082e+01
   4.00002600000000e+06   1.85133808372484e-06   2.51465053716819e+01
   4.40002900000000e+06   1.77439630988374e-06   2.48983096684056e+01
   4.80003100000000e+06   1.74000138031261e-06   2.58310451327086e+01
   5.20003400000000e+06   1.78883442458755e-06   2.48062370687418e+01
   5.60003700000000e+06   1.68061944805231e-06   2.47301770950813e+01
   6.00003900000000e+06   1.83023655608849e-06   2.50384201460911e+01
   6.40004200000000e+06   1.61892683081533e-06   2.49863791115312e+01
   6.80004400000000e+06   1.60699221396499e-06   2.49823759550261e+01
   7.20004700000000e+06   1.65054245826468e-06   2.47622023471517e+01
   7.60005000000000e+06   1.63024958510505e-06   2.42538014700549e+01
   8.00005200000000e+06   1.63296203936625e-06   2.47021549995165e+01
   8.40005500000000e+06   1.75211550867971e-06   2.51825337802020e+01
   8.80005700000000e+06   1.73609839748678e-06   2.47982307557260e+01
   9.20006000000000e+06   1.85485225756565e-06   2.50544327721075e+01
   9.60006300000000e+06   1.70469968452380e-06   2.53266474142322e+01
   4.20930930000000e+07   1.47437793202698e-04   2.49263317639489e+01
   4.24930960000000e+07   1.91701269613986e-06   2.50504296156035e+01
   4.28930980000000e+07   1.76464607193338e-06   2.49743696420159e+01
   4.32931010000000e+07   2.05215042115015e-06   2.50264106765782e+01
   4.36931030000000e+07   1.73086925769894e-06   2.50864580241371e+01
   4.40931060000000e+07   1.98304383047798e-06   2.50504296156035e+01
   4.44931090000000e+07   1.87638886472996e-06   2.51024706501504e+01
   4.48931110000000e+07   1.83810141152208e-06   2.50784517111300e+01
   4.52931140000000e+07   2.03459899239533e-06   2.50264106765782e+01
   4.56931160000000e+07   1.79142193701409e-06   2.51064738066536e+01
   4.60931190000000e+07   1.95978577721689e-06   2.51224864326656e+01
   4.64931220000000e+07   2.13712496588414e-06   2.49583570159945e+01
   4.68931240000000e+07   1.94162157640676e-06   2.50224075200738e+01
   4.72931270000000e+07   2.21975619751902e-06   2.49583570159945e+01
   4.76931290000000e+07   1.82581868557463e-06   2.49823759550261e+01
   4.80931320000000e+07   2.21077448259166e-06   2.50224075200738e+01
   4.84931350000000e+07   1.97367148757621e-06   2.49783727985210e+01
   4.88931370000000e+07   1.95683537640434e-06   2.50144012070648e+01
   4.92931400000000e+07   2.09514587368176e-06   2.48742907293661e+01
   4.96931420000000e+07   1.96075347957958e-06   2.48983096684056e+01
   5.00931450000000e+07   2.03381205210462e-06   2.49503507029835e+01
   5.04931480000000e+07   1.67438543030585e-06   2.49463475464779e+01
   5.08931500000000e+07   1.66777738286328e-06   2.49863791115312e+01
   5.12931530000000e+07   1.78965399300068e-06   2.50384201460911e+01
   5.16931550000000e+07   1.52284758314636e-06   2.50063948940555e+01
   9.54434810000000e+07   1.99275178601965e-04   2.51905400932058e+01
   9.58434830000000e+07   1.91153867490357e-06   2.48782938858728e+01
   9.62434860000000e+07   1.94063500202901e-06   2.50904611806405e+01
   9.66434890000000e+07   1.93711548490683e-06   2.50344169895869e+01
   9.70434910000000e+07   1.59201749738713e-06   2.48422654773099e+01
   9.74434940000000e+07   1.97069016394380e-06   2.52145590322157e+01
   9.78434960000000e+07   1.78812683770957e-06   2.50023917375508e+01
   9.82434990000000e+07   1.84804105174408e-06   2.50544327721075e+01
   9.86435010000000e+07   2.01978446057183e-06   2.50664422416190e+01
   9.90435040000000e+07   1.71896431311325e-06   2.50344169895869e+01
   9.94435070000000e+07   2.15338150155731e-06   2.54067105442143e+01
   9.98435090000000e+07   1.72209865922923e-06   2.49943854245411e+01
   1.00243512000000e+08   1.87581076716015e-06   2.50023917375508e+01
   1.00643514000000e+08   1.85212832093384e-06   2.49103191379245e+01
   1.01043517000000e+08   1.54123563333997e-06   2.50224075200738e+01
   1.01443520000000e+08   1.97947315427882e-06   2.49943854245411e+01
   1.01843522000000e+08   1.64237849276105e-06   2.49623601725000e+01
   1.02243525000000e+08   1.75995194240386e-06   2.50784517111300e+01
   1.02643527000000e+08   1.84591158358671e-06   2.49303349204548e+01
   1.03043530000000e+08   1.60836350460158e-06   2.50264106765782e+01
   1.03443533000000e+08   1.93434448192420e-06   2.50224075200738e+01
   1.03843535000000e+08   1.58282387019426e-06   2.50544327721075e+01
   1.04243538000000e+08   1.93280880012026e-06   2.50224075200738e+01
   1.04643540000000e+08   1.89494619462494e-06   2.50103980505602e+01
   1.05043543000000e+08   1.77891990915668e-06   2.51545116846868e+01
   1.48644776000000e+08   1.94325300981291e-04   2.49743696420159e+01
   1.49044778000000e+08   2.06994127438520e-06   2.50344169895869e+01
   1.49444781000000e+08   1.72326383562904e-06   2.51024706501504e+01
   1.49844783000000e+08   2.11993142329447e-06   2.49623601725000e+01
   1.50244786000000e+08   1.85763337867684e-06   2.49343380769607e+01
   1.50644789000000e+08   1.95746156350651e-06   2.49263317639489e+01
   1.51044791000000e+08   1.99979535864259e-06   2.49143222944307e+01
   1.51444794000000e+08   1.87973546417197e-06   2.49063159814183e+01
   1.51844796000000e+08   2.05099513550522e-06   2.49943854245411e+01
   1.52244799000000e+08   1.90822152035253e-06   2.49223286074429e+01
   1.52644802000000e+08   1.99515375243209e-06   2.49703664855106e+01
   1.53044804000000e+08   2.12698000723321e-06   2.49663633290053e+01
   1.53444807000000e+08   1.79749395101680e-06   2.50023917375508e+01
   1.53844809000000e+08   2.16113880924240e-06   2.50344169895869e+01
   1.54244812000000e+08   1.94126346286794e-06   2.50344169895869e+01
   1.54644814000000e+08   2.06505433197890e-06   2.49263317639489e+01
   1.55044817000000e+08   2.07367929760949e-06   2.49463475464779e+01
   1.55444820000000e+08   1.96349878933688e-06   2.49463475464779e+01
   1.55844822000000e+08   2.24161112782895e-06   2.49743696420159e+01
   1.56244825000000e+08   1.84240468570351e-06   2.50504296156035e+01
   1.56644827000000e+08   1.85921044248971e-06   2.50384201460911e+01
   1.57044830000000e+08   2.01113198272651e-06   2.49463475464779e+01
   1.57444833000000e+08   1.69184158949065e-06   2.49623601725000e+01
   1.57844835000000e+08   1.98339557755389e-06   2.50224075200738e+01
   1.58244838000000e+08   1.61913828833349e-06   2.49863791115312e+01
   1.92931888000000e+08   1.56700218212791e-04   2.49503507029835e+01
   1.93331890000000e+08   1.73590444774163e-06   2.50584359286114e+01
   1.93731893000000e+08   1.95369989341998e-06   2.51184832761627e+01
   1.94131895000000e+08   1.53531698288134e-06   2.53146379447328e+01
   1.94531898000000e+08   1.68879034845304e-06   2.54787673611771e+01
   1.94931901000000e+08   1.47105106407253e-06   2.49223286074429e+01
   1.95331903000000e+08   1.63516347129189e-06   2.52505874407263e+01
   1.95731906000000e+08   1.59135254307330e-06   2.48542749468314e+01
   1.96131908000000e+08   1.47751063650503e-06   2.48542749468314e+01
   1.96531911000000e+08   1.84663781510608e-06   2.50144012070648e+01
   1.96931914000000e+08   1.64156165283202e-06   2.53466631967301e+01
   1.97331916000000e+08   1.71578460594901e-06   2.50344169895869e+01
   1.97731919000000e+08   1.70308032920730e-06   2.50144012070648e+01
   1.98131921000000e+08   1.78221955593472e-06   2.48863001988861e+01
   1.98531924000000e+08   2.16894454752037e-06   2.46341013388460e+01
   1.98931926000000e+08   1.93300479622849e-06   2.47181676255539e+01
   1.99331929000000e+08   2.11016390494478e-06   2.48983096684056e+01
   1.99731932000000e+08   2.10861412597296e-06   2.50184043635693e+01
   2.00131934000000e+08   1.93065079656662e-06   2.44379466697520e+01
   2.00531937000000e+08   1.98162820197467e-06   2.47101613125353e+01
   2.00931939000000e+08   1.81658845122001e-06   2.58630703846426e+01
   2.01331942000000e+08   1.89532568128925e-06   2.48782938858728e+01
   2.01731945000000e+08   1.85720978151949e-06   2.47101613125353e+01
   2.02131947000000e+08   1.78691664132202e-06   2.48822970423795e+01
   2.02531950000000e+08   2.08419646696711e-06   2.52946221622325e+01
