   4.00003000000000e+05   1.68170606684725e-06   2.49223286074429e+01
   8.00006000000000e+05   1.56385021909955e-06   2.52185621887171e+01
   1.20000800000000e+06   1.58728425958543e-06   2.52746063797306e+01
   1.60001100000000e+06   1.73122884916665e-06   2.53906979182199e+01
   2.00001300000000e+06   1.58494412971777e-06   2.49823759550261e+01
   2.40001600000000e+06   1.65854748956917e-06   2.51304927456713e+01
   2.80001900000000e+06   1.60876561494661e-06   2.53706821357254e+01
   3.20002100000000e+06   1.67202279044432e-06   2.50184043635693e+01
   3.60002400000000e+06   1.83282406851504e-06   2.50304138330826e+01
   4.00002600000000e+06   1.77674269252748e-06   2.51184832761627e+01
   4.40002900000000e+06   1.97226040654641e-06   2.49303349204548e+01
   4.80003200000000e+06   1.82127541847876e-06   2.50063948940555e+01
   5.20003400000000e+06   1.78265804606781e-06   2.49983885810460e+01
   5.60003700000000e+06   1.87754960734310e-06   2.49583570159945e+01
   6.00003900000000e+06   1.51483584431844e-06   2.48702875728593e+01
   6.40004200000000e+06   1.83159920652542e-06   2.50424233025953e+01
   6.80004500000000e+06   1.59665250976104e-06   2.48943065118992e+01
   7.20004700000000e+06   1.69665611338132e-06   2.50384201460911e+01
   7.60005000000000e+06   1.90741047845222e-06   2.49343380769607e+01
   8.00005200000000e+06   1.61191519509885e-06   2.48182465382651e+01
   8.40005500000000e+06   1.92515085473133e-06   2.52906190057322e+01
   8.80005800000000e+06   1.75762920662237e-06   2.51384990586767e+01
   9.20006000000000e+06   1.71617728028650e-06   2.49543538594890e+01
   9.60006300000000e+06   1.97872304852353e-06   2.49903822680362e+01
   4.20707460000000e+07   1.39950177981518e-04   2.50224075200738e+01
   4.24707490000000e+07   1.79628091245831e-06   2.50384201460911e+01
   4.28707510000000e+07   1.92517063624109e-06   2.51024706501504e+01
   4.32707540000000e+07   1.79296966962283e-06   2.50704453981228e+01
   4.36707570000000e+07   2.07676339414320e-06   2.51104769631567e+01
   4.40707590000000e+07   1.98927273231675e-06   2.50304138330826e+01
   4.44707620000000e+07   1.98224756786658e-06   2.51545116846868e+01
   4.48707640000000e+07   2.09863446798408e-06   2.49983885810460e+01
   4.52707670000000e+07   1.87871069101675e-06   2.50784517111300e+01
   4.56707690000000e+07   2.02361115952954e-06   2.51104769631567e+01
   4.60707720000000e+07   1.78478387624637e-06   2.51104769631567e+01
   4.64707750000000e+07   1.95290704141371e-06   2.50304138330826e+01
   4.68707770000000e+07   1.89746822343295e-06   2.50344169895869e+01
   4.72707800000000e+07   1.74100728145277e-06   2.51745274671980e+01
   4.76707820000000e+07   2.05391415875056e-06   2.51745274671980e+01
   4.80707850000000e+07   1.73537125647272e-06   2.50184043635693e+01
   4.84707880000000e+07   1.99316264115623e-06   2.49503507029835e+01
   4.88707900000000e+07   1.89333047728724e-06   2.49223286074429e+01
   4.92707930000000e+07   1.83300937806052e-06   2.50984674936472e+01
   4.96707950000000e+07   2.04997081709735e-06   2.49183254509368e+01
   5.00707980000000e+07   1.69336499311612e-06   2.50504296156035e+01
   5.04708010000000e+07   2.00058047994389e-06   2.50384201460911e+01
   5.08708030000000e+07   1.85389615126041e-06   2.48903033553927e+01
   5.12708060000000e+07   1.76306923549419e-06   2.50504296156035e+01
   5.16708080000000e+07   1.80446158992709e-06   2.50264106765782e+01
   9.56643380000000e+07   2.16950138565153e-04   2.50424233025953e+01
   9.60643410000000e+07   1.95605980479741e-06   2.45100034869880e+01
   9.64643440000000e+07   1.67110658821912e-06   2.51585148411891e+01
   9.68643460000000e+07   2.04426441996475e-06   2.51625179976914e+01
   9.72643490000000e+07   1.60172146479454e-06   2.50664422416190e+01
   9.76643510000000e+07   2.00374870473752e-06   2.49823759550261e+01
   9.80643540000000e+07   1.88885337593092e-06   2.48342591642952e+01
   9.84643570000000e+07   1.69044528774975e-06   2.47101613125353e+01
   9.88643590000000e+07   2.10562984648277e-06   2.51425022151793e+01
   9.92643620000000e+07   1.67419966601301e-06   2.52105558757142e+01
   9.96643640000000e+07   2.00622571355780e-06   2.50023917375508e+01
   1.00064367000000e+08   1.83220799954142e-06   2.52946221622325e+01
   1.00464370000000e+08   1.82460075848212e-06   2.45860634607147e+01
   1.00864372000000e+08   2.00136219064007e-06   2.50664422416190e+01
   1.01264375000000e+08   1.61464379289100e-06   2.53906979182199e+01
   1.01664377000000e+08   1.76146113517461e-06   2.49543538594890e+01
   1.02064380000000e+08   1.80156155238365e-06   2.48582781033385e+01
   1.02464383000000e+08   1.52345035075996e-06   2.49183254509368e+01
   1.02864385000000e+08   1.91047229236574e-06   2.52265685017198e+01
   1.03264388000000e+08   1.50055325320864e-06   2.53266474142322e+01
   1.03664390000000e+08   1.95562915905612e-06   2.53386568837311e+01
   1.04064393000000e+08   1.68061342264991e-06   2.47782149731853e+01
   1.04464395000000e+08   1.69569432273420e-06   2.45900666172260e+01
   1.04864398000000e+08   1.91539834304422e-06   2.48182465382651e+01
   1.05264401000000e+08   1.61267109888286e-06   2.44899877044245e+01
   1.49024401000000e+08   1.79200185812078e-04   2.50944643371439e+01
   1.49424404000000e+08   1.57949602908047e-06   2.50304138330826e+01
   1.49824406000000e+08   2.12166355595400e-06   2.51064738066536e+01
   1.50224409000000e+08   1.50999630932347e-06   2.50664422416190e+01
   1.50624412000000e+08   1.94978360923415e-06   2.50464264590994e+01
   1.51024414000000e+08   1.76116395778081e-06   2.50264106765782e+01
   1.51424417000000e+08   1.64313280492934e-06   2.50904611806405e+01
   1.51824419000000e+08   2.11875067179790e-06   2.51425022151793e+01
   1.52224422000000e+08   1.36114726956293e-06   2.50544327721075e+01
   1.52624425000000e+08   2.09201334655518e-06   2.50544327721075e+01
   1.53024427000000e+08   1.72633531292377e-06   2.49823759550261e+01
   1.53424430000000e+08   1.76979415300593e-06   2.50063948940555e+01
   1.53824432000000e+08   2.14781994145596e-06   2.48782938858728e+01
   1.54224435000000e+08   1.60982824581879e-06   2.49983885810460e+01
   1.54624438000000e+08   2.26994347940490e-06   2.49183254509368e+01
   1.55024440000000e+08   1.85568080723897e-06   2.49423443899722e+01
   1.55424443000000e+08   1.86917804967379e-06   2.49063159814183e+01
   1.55824445000000e+08   2.40783310800907e-06   2.48702875728593e+01
   1.56224448000000e+08   1.70826922385459e-06   2.50184043635693e+01
   1.56624451000000e+08   2.31970943787019e-06   2.49423443899722e+01
   1.57024453000000e+08   1.86296131232666e-06   2.50144012070648e+01
   1.57424456000000e+08   1.94549011212075e-06   2.50304138330826e+01
   1.57824458000000e+08   2.17736487684306e-06   2.49703664855106e+01
   1.58224461000000e+08   1.53381972722855e-06   2.50664422416190e+01
   1.58624464000000e+08   2.29571628551639e-06   2.50424233025953e+01
   1.94039332000000e+08   1.68700193171389e-04   2.50063948940555e+01
   1.94439334000000e+08   1.82167593720806e-06   2.50944643371439e+01
   1.94839337000000e+08   1.41424629873654e-06   2.50864580241371e+01
   1.95239340000000e+08   1.97438271243300e-06   2.50264106765782e+01
   1.95639342000000e+08   1.76192145318055e-06   2.50103980505602e+01
   1.96039345000000e+08   1.88423098279600e-06   2.48742907293661e+01
   1.96439347000000e+08   2.06752747544670e-06   2.50384201460911e+01
   1.96839350000000e+08   1.57914735154918e-06   2.48782938858728e+01
   1.97239353000000e+08   2.25956932808913e-06   2.50944643371439e+01
   1.97639355000000e+08   1.63396657626436e-06   2.50384201460911e+01
   1.98039358000000e+08   1.91191998055729e-06   2.50504296156035e+01
   1.98439360000000e+08   2.04743219001102e-06   2.51665211541937e+01
   1.98839363000000e+08   1.60372349000681e-06   2.50304138330826e+01
   1.99239366000000e+08   2.18023683373758e-06   2.50824548676336e+01
   1.99639368000000e+08   1.63888807946933e-06   2.50264106765782e+01
   2.00039371000000e+08   2.04276966542238e-06   2.50824548676336e+01
   2.00439373000000e+08   2.03577747015515e-06   2.49663633290053e+01
   2.00839376000000e+08   1.58649777404207e-06   2.50184043635693e+01
   2.01239379000000e+08   2.23707843360899e-06   2.51545116846868e+01
   2.01639381000000e+08   1.57247916376946e-06   2.50784517111300e+01
   2.02039384000000e+08   1.85586998213694e-06   2.49823759550261e+01
   2.02439386000000e+08   1.81516827524320e-06   2.49583570159945e+01
   2.02839389000000e+08   1.61195146120008e-06   2.50464264590994e+01
   2.03239391000000e+08   2.04000025405549e-06   2.49663633290053e+01
   2.03639394000000e+08   1.48535275457107e-06   2.50504296156035e+01
