   4.00003000000000e+05   1.88719218385813e-06   2.50624390851152e+01
   8.00005000000000e+05   1.92949732991110e-06   2.50744485546264e+01
   1.20000800000000e+06   1.85506007710501e-06   2.51184832761627e+01
   1.60001000000000e+06   1.93103892343061e-06   2.49503507029835e+01
   2.00001300000000e+06   1.81504856300307e-06   2.52385779712233e+01
   2.40001600000000e+06   1.99823853108683e-06   2.50584359286114e+01
   2.80001800000000e+06   1.89199715805444e-06   2.50944643371439e+01
   3.20002100000000e+06   1.80095184987294e-06   2.50464264590994e+01
   3.60002300000000e+06   1.87344585356186e-06   2.50824548676336e+01
   4.00002600000000e+06   1.79198161731620e-06   2.51104769631567e+01
   4.40002900000000e+06   1.79902235686313e-06   2.50424233025953e+01
   4.80003100000000e+06   1.79157518687134e-06   2.51945432497076e+01
   5.20003400000000e+06   1.78535572104010e-06   2.49583570159945e+01
   5.60003600000000e+06   1.75641753230593e-06   2.49703664855106e+01
   6.00003900000000e+06   1.66422898928431e-06   2.51264895891685e+01
   6.40004200000000e+06   1.68455619586894e-06   2.49903822680362e+01
   6.80004400000000e+06   1.78434925146576e-06   2.49663633290053e+01
   7.20004700000000e+06   1.56775422510691e-06   2.51665211541937e+01
   7.60004900000000e+06   1.89820616469660e-06   2.51545116846868e+01
   8.00005200000000e+06   1.66776828791626e-06   2.50504296156035e+01
   8.40005500000000e+06   1.83999952696468e-06   2.49383412334665e+01
   8.80005700000000e+06   1.74960200638452e-06   2.50664422416190e+01
   9.20006000000000e+06   1.73335865838453e-06   2.49383412334665e+01
   9.60006200000000e+06   1.90664786714478e-06   2.51144801196597e+01
   4.20650690000000e+07   1.34275163873099e-04   2.45740539911804e+01
   4.24650720000000e+07   1.71234160006861e-06   2.49583570159945e+01
   4.28650740000000e+07   2.07364178095304e-06   2.50184043635693e+01
   4.32650770000000e+07   1.84707937478379e-06   2.48502717903243e+01
   4.36650790000000e+07   2.12599479709752e-06   2.50384201460911e+01
   4.40650820000000e+07   2.15177260542987e-06   2.50584359286114e+01
   4.44650850000000e+07   1.91116191672336e-06   2.49223286074429e+01
   4.48650870000000e+07   2.36643040807394e-06   2.50184043635693e+01
   4.52650900000000e+07   1.72325985658972e-06   2.50023917375508e+01
   4.56650920000000e+07   1.88961064395698e-06   2.52145590322157e+01
   4.60650950000000e+07   1.79906021458009e-06   2.48943065118992e+01
   4.64650970000000e+07   1.63650167905871e-06   2.50184043635693e+01
   4.68651000000000e+07   2.01700504476321e-06   2.50384201460911e+01
   4.72651030000000e+07   1.71544400018320e-06   2.48102402252496e+01
   4.76651050000000e+07   2.04396133085538e-06   2.49743696420159e+01
   4.80651080000000e+07   1.98358657144126e-06   2.48822970423795e+01
   4.84651100000000e+07   1.84631744559738e-06   2.49583570159945e+01
   4.88651130000000e+07   2.12245436159719e-06   2.49903822680362e+01
   4.92651160000000e+07   1.86818590464100e-06   2.47341802515904e+01
   4.96651180000000e+07   2.16897274185612e-06   2.49063159814183e+01
   5.00651210000000e+07   2.10372672881931e-06   2.52105558757142e+01
   5.04651230000000e+07   1.94572544387484e-06   2.49823759550261e+01
   5.08651260000000e+07   2.27051600631967e-06   2.50464264590994e+01
   5.12651290000000e+07   1.75843604210968e-06   2.51144801196597e+01
   5.16651310000000e+07   1.95446932593768e-06   2.49663633290053e+01
   9.57439300000000e+07   2.18900197069161e-04   2.49663633290053e+01
   9.61439330000000e+07   1.77558536051947e-06   2.48102402252496e+01
   9.65439350000000e+07   2.16034482036775e-06   2.50023917375508e+01
   9.69439380000000e+07   1.70647979302885e-06   2.53947010747186e+01
   9.73439400000000e+07   2.05096284844331e-06   2.50144012070648e+01
   9.77439430000000e+07   1.77774791154661e-06   2.52185621887171e+01
   9.81439460000000e+07   1.74478009284940e-06   2.51745274671980e+01
   9.85439480000000e+07   2.03884587790526e-06   2.51905400932058e+01
   9.89439510000000e+07   1.61605782977858e-06   2.50224075200738e+01
   9.93439530000000e+07   1.94806693798455e-06   2.49623601725000e+01
   9.97439560000000e+07   1.71035844687140e-06   2.52185621887171e+01
   1.00143958000000e+08   1.69609199929255e-06   2.50224075200738e+01
   1.00543961000000e+08   1.92144261745852e-06   2.53346537272316e+01
   1.00943964000000e+08   1.52423149302194e-06   2.49583570159945e+01
   1.01343966000000e+08   2.14632996176078e-06   2.50184043635693e+01
   1.01743969000000e+08   1.77526817424223e-06   2.49183254509368e+01
   1.02143971000000e+08   2.03691729439015e-06   2.48863001988861e+01
   1.02543974000000e+08   2.01739317162719e-06   2.51144801196597e+01
   1.02943977000000e+08   1.91621552403376e-06   2.49623601725000e+01
   1.03343979000000e+08   1.97675399249420e-06   2.50944643371439e+01
   1.03743982000000e+08   1.91095250556828e-06   2.52185621887171e+01
   1.04143984000000e+08   1.94455992641451e-06   2.49103191379245e+01
   1.04543987000000e+08   1.98022780750762e-06   2.51304927456713e+01
   1.04943990000000e+08   1.73421199178847e-06   2.49063159814183e+01
   1.05343992000000e+08   2.09549898499972e-06   2.50544327721075e+01
   1.49090523000000e+08   1.77150199306197e-04   2.48622812598455e+01
   1.49490525000000e+08   1.83160295819107e-06   2.52345748147222e+01
   1.49890528000000e+08   1.40354393352027e-06   2.45700508346689e+01
   1.50290530000000e+08   1.96421251530410e-06   2.50504296156035e+01
   1.50690533000000e+08   1.48109768360882e-06   2.51985464062093e+01
   1.51090536000000e+08   1.72305078649515e-06   2.50824548676336e+01
   1.51490538000000e+08   2.06313393391611e-06   2.53306505707319e+01
   1.51890541000000e+08   1.74414742559748e-06   2.51184832761627e+01
   1.52290543000000e+08   2.10743110073963e-06   2.52505874407263e+01
   1.52690546000000e+08   1.90858486348588e-06   2.49063159814183e+01
   1.53090548000000e+08   2.00375120584795e-06   2.50544327721075e+01
   1.53490551000000e+08   2.22226913138002e-06   2.49783727985210e+01
   1.53890554000000e+08   1.77898095898854e-06   2.50023917375508e+01
   1.54290556000000e+08   2.44513466896024e-06   2.49383412334665e+01
   1.54690559000000e+08   1.87795637884847e-06   2.50704453981228e+01
   1.55090561000000e+08   2.09631139114208e-06   2.50023917375508e+01
   1.55490564000000e+08   2.15139311876555e-06   2.50624390851152e+01
   1.55890567000000e+08   1.97699864656897e-06   2.51825337802020e+01
   1.56290569000000e+08   2.21191135096888e-06   2.51545116846868e+01
   1.56690572000000e+08   1.91276035366172e-06   2.53906979182199e+01
   1.57090574000000e+08   2.06306867767125e-06   2.52145590322157e+01
   1.57490577000000e+08   1.99202190742653e-06   2.49943854245411e+01
   1.57890580000000e+08   1.51072606513480e-06   2.51184832761627e+01
   1.58290582000000e+08   2.17032152249885e-06   2.48542749468314e+01
   1.58690585000000e+08   1.65216624736786e-06   2.48983096684056e+01
   1.93611676000000e+08   1.70250263181515e-04   2.49383412334665e+01
   1.94011679000000e+08   1.52008806253434e-06   2.51705243106959e+01
   1.94411681000000e+08   1.35269146994688e-06   2.49183254509368e+01
   1.94811684000000e+08   1.67144571605604e-06   2.50584359286114e+01
   1.95211686000000e+08   1.60326351306139e-06   2.49743696420159e+01
   1.95611689000000e+08   1.48293702295632e-06   2.51384990586767e+01
   1.96011692000000e+08   1.36735070555005e-06   2.49463475464779e+01
   1.96411694000000e+08   1.67519146998529e-06   2.50023917375508e+01
   1.96811697000000e+08   1.57282727286656e-06   2.51024706501504e+01
   1.97211699000000e+08   1.37962865665031e-06   2.51104769631567e+01
   1.97611702000000e+08   1.59668820742809e-06   2.50664422416190e+01
   1.98011705000000e+08   1.80856363840576e-06   2.49823759550261e+01
   1.98411707000000e+08   1.52011705267796e-06   2.49863791115312e+01
   1.98811710000000e+08   1.43607496738696e-06   2.51705243106959e+01
   1.99211712000000e+08   1.72105933415878e-06   2.51745274671980e+01
   1.99611715000000e+08   1.89353988844232e-06   2.50944643371439e+01
   2.00011718000000e+08   1.54859628764825e-06   2.49543538594890e+01
   2.00411720000000e+08   1.55349607666722e-06   2.49023128249120e+01
   2.00811723000000e+08   1.96151654563437e-06   2.50784517111300e+01
   2.01211725000000e+08   1.77244430688006e-06   2.50063948940555e+01
   2.01611728000000e+08   1.53178666550957e-06   2.49503507029835e+01
   2.02011730000000e+08   1.77869321760227e-06   2.50023917375508e+01
   2.02411733000000e+08   1.89939362371661e-06   2.49223286074429e+01
   2.02811736000000e+08   1.72497050243692e-06   2.50664422416190e+01
   2.03211738000000e+08   1.42829617288953e-06   2.47702086601686e+01
