   4.00003000000000e+05   1.69773556990549e-06   2.49943854245411e+01
   8.00005000000000e+05   1.80798372184654e-06   2.49743696420159e+01
   1.20000800000000e+06   1.62752473897854e-06   2.50544327721075e+01
   1.60001100000000e+06   1.51889798871707e-06   2.50144012070648e+01
   2.00001300000000e+06   1.36360745273123e-06   2.50584359286114e+01
   2.40001600000000e+06   1.33452044792648e-06   2.50944643371439e+01
   2.80001800000000e+06   1.47982575526839e-06   2.51505085281844e+01
   3.20002100000000e+06   1.35096979647642e-06   2.51384990586767e+01
   3.60002400000000e+06   1.58204295530595e-06   2.51304927456713e+01
   4.00002600000000e+06   1.55814041136182e-06   2.50624390851152e+01
   4.40002900000000e+06   1.60367278567719e-06   2.50304138330826e+01
   4.80003100000000e+06   1.63059826263634e-06   2.50984674936472e+01
   5.20003400000000e+06   1.43610361647006e-06   2.51384990586767e+01
   5.60003700000000e+06   1.51344443111157e-06   2.50023917375508e+01
   6.00003900000000e+06   1.49274478644656e-06   2.49463475464779e+01
   6.40004200000000e+06   1.41929763231019e-06   2.50544327721075e+01
   6.80004400000000e+06   1.52279005760647e-06   2.49703664855106e+01
   7.20004700000000e+06   1.50173968904710e-06   2.50824548676336e+01
   7.60004900000000e+06   2.01386637854739e-06   2.50384201460911e+01
   8.00005200000000e+06   2.05452033696929e-06   2.49503507029835e+01
   8.40005500000000e+06   1.99531746147841e-06   2.50184043635693e+01
   8.80005700000000e+06   2.07638890969974e-06   2.49503507029835e+01
   9.20006000000000e+06   2.04904517886462e-06   2.50904611806405e+01
   9.60006200000000e+06   2.25450207835820e-06   2.50144012070648e+01
   4.22095980000000e+07   2.40701274015009e-03   2.49863791115312e+01
   4.26096010000000e+07   1.87054320122115e-06   2.50544327721075e+01
   4.30096030000000e+07   5.79460504468443e-07   2.49943854245411e+01
   4.34096060000000e+07   1.21523169127613e-06   2.49423443899722e+01
   4.38096080000000e+07   1.42387887080986e-06   2.49543538594890e+01
   4.42096110000000e+07   4.50136980134630e-07   2.50224075200738e+01
   4.46096130000000e+07   1.41021666877350e-06   2.49303349204548e+01
   4.50096160000000e+07   1.68558344171288e-07   2.49663633290053e+01
   4.54096190000000e+07   1.14048032173741e-06   2.49423443899722e+01
   4.58096210000000e+07   1.94154222299403e-06   2.50023917375508e+01
   4.62096240000000e+07   8.76177409736556e-07   2.49983885810460e+01
   4.66096260000000e+07   1.65708036092838e-06   2.50103980505602e+01
   4.70096290000000e+07   7.45022589399014e-07   2.49743696420159e+01
   4.74096320000000e+07   1.77242975496483e-06   2.49623601725000e+01
   4.78096340000000e+07   2.55679378824425e-06   2.50944643371439e+01
   4.82096370000000e+07   1.58251350512728e-06   2.50224075200738e+01
   4.86096390000000e+07   2.48564697358233e-06   2.49903822680362e+01
   4.90096420000000e+07   1.68354790730518e-06   2.51505085281844e+01
   4.94096450000000e+07   1.95427310245577e-06   2.51224864326656e+01
   4.98096470000000e+07   2.57178908213973e-06   2.49983885810460e+01
   5.02096500000000e+07   1.58010823270160e-06   2.51224864326656e+01
   5.06096520000000e+07   2.41537418332882e-06   2.49823759550261e+01
   5.10096550000000e+07   1.60171680363419e-06   2.50544327721075e+01
   5.14096580000000e+07   2.14833903555700e-06   2.49703664855106e+01
   5.18096600000000e+07   2.78407401310687e-06   2.49783727985210e+01
   9.54888330000000e+07  -4.30369982495904e-03   2.50103980505602e+01
   9.58888350000000e+07   1.39153678446746e-06   2.49703664855106e+01
   9.62888380000000e+07   2.61723903349775e-06   2.50664422416190e+01
   9.66888400000000e+07   2.28260796575341e-06   2.50224075200738e+01
   9.70888430000000e+07   1.80112363068474e-06   2.50384201460911e+01
   9.74888460000000e+07   2.07356629289279e-06   2.50624390851152e+01
   9.78888480000000e+07   1.35904906528594e-06   2.50664422416190e+01
   9.82888510000000e+07   2.68119924839993e-06   2.51024706501504e+01
   9.86888530000000e+07   2.45868159254314e-06   2.50264106765782e+01
   9.90888560000000e+07   2.03735385184700e-06   2.50744485546264e+01
   9.94888590000000e+07   2.28659337153658e-06   2.49983885810460e+01
   9.98888610000000e+07   1.89460115507245e-06   2.49903822680362e+01
   1.00288864000000e+08   2.98476629723154e-06   2.50144012070648e+01
   1.00688866000000e+08   2.87715079139161e-06   2.50384201460911e+01
   1.01088869000000e+08   2.38203392655123e-06   2.50504296156035e+01
   1.01488872000000e+08   2.47303250944242e-06   2.49983885810460e+01
   1.01888874000000e+08   1.43615318393131e-06   2.50504296156035e+01
   1.02288877000000e+08   2.51426990871551e-06   2.50224075200738e+01
   1.02688879000000e+08   2.51587675847986e-06   2.50144012070648e+01
   1.03088882000000e+08   2.33051900977443e-06   2.50023917375508e+01
   1.03488884000000e+08   2.32152001444774e-06   2.49423443899722e+01
   1.03888887000000e+08   1.46753859553428e-06   2.50544327721075e+01
   1.04288890000000e+08   2.51064147960278e-06   2.50824548676336e+01
   1.04688892000000e+08   2.44483317146660e-06   2.50464264590994e+01
   1.05088895000000e+08   2.13952534977579e-06   2.50464264590994e+01
   1.48702389000000e+08   4.69557475298643e-03   2.50704453981228e+01
   1.49102392000000e+08   1.42666010560788e-06   2.50023917375508e+01
   1.49502395000000e+08   2.24523182623670e-06   2.50264106765782e+01
   1.49902397000000e+08   1.03686340935383e-06   2.49623601725000e+01
   1.50302400000000e+08   1.47409889450500e-06   2.50304138330826e+01
   1.50702402000000e+08   1.02001820323494e-06   2.50944643371439e+01
   1.51102405000000e+08   1.52080951920652e-06   2.50504296156035e+01
   1.51502407000000e+08   2.46950821747305e-06   2.50063948940555e+01
   1.51902410000000e+08   1.40133079185034e-06   2.50464264590994e+01
   1.52302413000000e+08   2.06127151614055e-06   2.50544327721075e+01
   1.52702415000000e+08   1.67544828855171e-06   2.50344169895869e+01
   1.53102418000000e+08   1.76254684447485e-06   2.50144012070648e+01
   1.53502420000000e+08   2.54332189797424e-06   2.51104769631567e+01
   1.53902423000000e+08   1.57500267050636e-06   2.50864580241371e+01
   1.54302426000000e+08   1.99825740310189e-06   2.50624390851152e+01
   1.54702428000000e+08   1.48104447816877e-06   2.50624390851152e+01
   1.55102431000000e+08   1.83947850018740e-06   2.50384201460911e+01
   1.55502433000000e+08   2.31794274441199e-06   2.49823759550261e+01
   1.55902436000000e+08   1.35387381305918e-06   2.51104769631567e+01
   1.56302439000000e+08   1.69748636835720e-06   2.49943854245411e+01
   1.56702441000000e+08   1.47814432693849e-06   2.51024706501504e+01
   1.57102444000000e+08   1.28656506603875e-06   2.50664422416190e+01
   1.57502446000000e+08   2.18000513996230e-06   2.50704453981228e+01
   1.57902449000000e+08   1.40922827540635e-06   2.50304138330826e+01
   1.58302451000000e+08   1.86355748610367e-06   2.49503507029835e+01
   1.93031318000000e+08  -2.09181243553758e-03   2.49223286074429e+01
   1.93431321000000e+08   2.45493197326141e-06   2.49863791115312e+01
   1.93831323000000e+08   1.71223962297518e-06   2.49303349204548e+01
   1.94231326000000e+08   2.38674442698539e-06   2.49983885810460e+01
   1.94631329000000e+08   1.69497980095912e-06   2.50224075200738e+01
   1.95031331000000e+08   1.93904998013750e-06   2.49543538594890e+01
   1.95431334000000e+08   2.42612122747232e-06   2.50023917375508e+01
   1.95831336000000e+08   1.89853813026275e-06   2.50264106765782e+01
   1.96231339000000e+08   2.19152093450248e-06   2.50944643371439e+01
   1.96631342000000e+08   1.70456405612640e-06   2.50664422416190e+01
   1.97031344000000e+08   1.87910836757510e-06   2.50224075200738e+01
   1.97431347000000e+08   2.95842301056837e-06   2.50464264590994e+01
   1.97831349000000e+08   2.44482612288266e-06   2.50504296156035e+01
   1.98231352000000e+08   2.82118207906024e-06   2.49703664855106e+01
   1.98631354000000e+08   2.29857823796920e-06   2.50023917375508e+01
   1.99031357000000e+08   2.64799541582761e-06   2.51264895891685e+01
   1.99431360000000e+08   3.22013329423498e-06   2.49583570159945e+01
   1.99831362000000e+08   2.53079770118347e-06   2.50063948940555e+01
   2.00231365000000e+08   2.79117330137524e-06   2.49743696420159e+01
   2.00631367000000e+08   2.59526700574497e-06   2.48702875728593e+01
   2.01031370000000e+08   2.76374248642242e-06   2.50144012070648e+01
   2.01431373000000e+08   2.86262002191506e-06   2.49063159814183e+01
   2.01831375000000e+08   1.73915407231107e-06   2.49503507029835e+01
   2.02231378000000e+08   2.28838416660437e-06   2.49743696420159e+01
   2.02631380000000e+08   1.93444225260464e-06   2.49703664855106e+01
