   4.00003000000000e+05   2.01765351448557e-06   2.50384201460911e+01
   8.00006000000000e+05   1.69587963227968e-06   2.49023128249120e+01
   1.20000800000000e+06   1.51070526044350e-06   2.50544327721075e+01
   1.60001100000000e+06   1.61205286985933e-06   2.49383412334665e+01
   2.00001300000000e+06   1.36263815875282e-06   2.50184043635693e+01
   2.40001600000000e+06   1.58508169079141e-06   2.51264895891685e+01
   2.80001900000000e+06   1.51191102304438e-06   2.49783727985210e+01
   3.20002100000000e+06   1.50368543927470e-06   2.50264106765782e+01
   3.60002400000000e+06   1.65489348091796e-06   2.49063159814183e+01
   4.00002600000000e+06   1.38530549520510e-06   2.49383412334665e+01
   4.40002900000000e+06   1.71559304362745e-06   2.49463475464779e+01
   4.80003100000000e+06   1.52395512031944e-06   2.49783727985210e+01
   5.20003400000000e+06   1.37437461944501e-06   2.50464264590994e+01
   5.60003700000000e+06   1.52160123434442e-06   2.49663633290053e+01
   6.00003900000000e+06   1.28022804801731e-06   2.50464264590994e+01
   6.40004200000000e+06   1.52240727402386e-06   2.50184043635693e+01
   6.80004400000000e+06   1.31420858906495e-06   2.49983885810460e+01
   7.20004700000000e+06   1.37396432364767e-06   2.50864580241371e+01
   7.60005000000000e+06   1.43919737638498e-06   2.50103980505602e+01
   8.00005200000000e+06   1.27241480640805e-06   2.50704453981228e+01
   8.40005500000000e+06   1.45734463785629e-06   2.50944643371439e+01
   8.80005700000000e+06   1.32787704387738e-06   2.49823759550261e+01
   9.20006000000000e+06   1.39426333589654e-06   2.50744485546264e+01
   9.60006300000000e+06   1.54219583237136e-06   2.50184043635693e+01
   4.21883070000000e+07   1.60287629114464e-04   2.50544327721075e+01
   4.25883100000000e+07   1.10444955225830e-06   2.50304138330826e+01
   4.29883120000000e+07   1.77946515123040e-06   2.49863791115312e+01
   4.33883150000000e+07   1.72035913692525e-06   2.49783727985210e+01
   4.37883180000000e+07   2.01117995857203e-06   2.50864580241371e+01
   4.41883200000000e+07   1.88185492788762e-06   2.49823759550261e+01
   4.45883230000000e+07   1.79006917733204e-06   2.51184832761627e+01
   4.49883250000000e+07   2.37562539950886e-06   2.49943854245411e+01
   4.53883280000000e+07   2.09949143936683e-06   2.49863791115312e+01
   4.57883310000000e+07   2.34515641750477e-06   2.49983885810460e+01
   4.61883330000000e+07   2.26237693823350e-06   2.50023917375508e+01
   4.65883360000000e+07   2.23503388951940e-06   2.50023917375508e+01
   4.69883380000000e+07   2.37016752180352e-06   2.50464264590994e+01
   4.73883410000000e+07   2.11509745895455e-06   2.50063948940555e+01
   4.77883430000000e+07   2.41329280470381e-06   2.49783727985210e+01
   4.81883460000000e+07   2.28560998039029e-06   2.50504296156035e+01
   4.85883490000000e+07   2.16434068533999e-06   2.50103980505602e+01
   4.89883510000000e+07   2.55669033322192e-06   2.50824548676336e+01
   4.93883540000000e+07   2.37527137869620e-06   2.50384201460911e+01
   4.97883560000000e+07   2.60651222561137e-06   2.49823759550261e+01
   5.01883590000000e+07   2.38740108216007e-06   2.49663633290053e+01
   5.05883620000000e+07   2.54835413215915e-06   2.50864580241371e+01
   5.09883640000000e+07   2.63541664935474e-06   2.50584359286114e+01
   5.13883670000000e+07   2.48348214881844e-06   2.50304138330826e+01
   5.17883690000000e+07   2.60144474850676e-06   2.50224075200738e+01
   9.51006730000000e+07   1.74300104845315e-04   2.50264106765782e+01
   9.55006750000000e+07   1.62013077442680e-06   2.50584359286114e+01
   9.59006780000000e+07   1.87954731245554e-06   2.50504296156035e+01
   9.63006800000000e+07   1.94707354239654e-06   2.49903822680362e+01
   9.67006830000000e+07   1.50195103287842e-06   2.51024706501504e+01
   9.71006860000000e+07   1.50422067690670e-06   2.50784517111300e+01
   9.75006880000000e+07   9.95883169707668e-07   2.51264895891685e+01
   9.79006910000000e+07   1.10426469746017e-06   2.50264106765782e+01
   9.83006930000000e+07   1.40565794026770e-06   2.49343380769607e+01
   9.87006960000000e+07   8.67539540649886e-07   2.50184043635693e+01
   9.91006990000000e+07   1.60286776917928e-06   2.49663633290053e+01
   9.95007010000000e+07   1.14530644168553e-06   2.49943854245411e+01
   9.99007040000000e+07   1.38282143780089e-06   2.50864580241371e+01
   1.00300706000000e+08   1.52198276737181e-06   2.49623601725000e+01
   1.00700709000000e+08   1.09198128939170e-06   2.49783727985210e+01
   1.01100711000000e+08   1.77946333224099e-06   2.50624390851152e+01
   1.01500714000000e+08   1.37207587158628e-06   2.50264106765782e+01
   1.01900717000000e+08   1.53066082475561e-06   2.50864580241371e+01
   1.02300719000000e+08   1.61459706760070e-06   2.50784517111300e+01
   1.02700722000000e+08   1.38887719458580e-06   2.50464264590994e+01
   1.03100724000000e+08   2.16543458009255e-06   2.50144012070648e+01
   1.03500727000000e+08   1.86039812888339e-06   2.49663633290053e+01
   1.03900730000000e+08   1.97598410522914e-06   2.50264106765782e+01
   1.04300732000000e+08   2.10569783121173e-06   2.50504296156035e+01
   1.04700735000000e+08   1.64632535870624e-06   2.50344169895869e+01
   1.48366203000000e+08   2.20750094740652e-04   2.49383412334665e+01
   1.48766206000000e+08   1.70349892414379e-06   2.49063159814183e+01
   1.49166209000000e+08   2.53069129030337e-06   2.48983096684056e+01
   1.49566211000000e+08   2.49698950938182e-06   2.49823759550261e+01
   1.49966214000000e+08   2.43922045228828e-06   2.50023917375508e+01
   1.50366216000000e+08   2.69718429990462e-06   2.49903822680362e+01
   1.50766219000000e+08   2.27876353164902e-06   2.50103980505602e+01
   1.51166221000000e+08   2.44022339757066e-06   2.49783727985210e+01
   1.51566224000000e+08   2.33322066378605e-06   2.49663633290053e+01
   1.51966227000000e+08   2.18015679820383e-06   2.50624390851152e+01
   1.52366229000000e+08   2.44750458477938e-06   2.50184043635693e+01
   1.52766232000000e+08   2.22094990931510e-06   2.50984674936472e+01
   1.53166234000000e+08   2.49967297349940e-06   2.50424233025953e+01
   1.53566237000000e+08   2.46468857767468e-06   2.50824548676336e+01
   1.53966240000000e+08   2.31199896916223e-06   2.50384201460911e+01
   1.54366242000000e+08   2.62741059486871e-06   2.50864580241371e+01
   1.54766245000000e+08   2.34559729506145e-06   2.50464264590994e+01
   1.55166247000000e+08   2.73111322712793e-06   2.50304138330826e+01
   1.55566250000000e+08   2.68933899860713e-06   2.49623601725000e+01
   1.55966253000000e+08   2.62178036791738e-06   2.50264106765782e+01
   1.56366255000000e+08   2.78153788713098e-06   2.50424233025953e+01
   1.56766258000000e+08   2.33129048865521e-06   2.49503507029835e+01
   1.57166260000000e+08   1.76167577592423e-06   2.49343380769607e+01
   1.57566263000000e+08   1.74766853433539e-06   2.50184043635693e+01
   1.57966266000000e+08   1.54844724420400e-06   2.50344169895869e+01
   1.92945520000000e+08   1.43475190270692e-04   2.50904611806405e+01
   1.93345523000000e+08   1.69507438840810e-06   2.50224075200738e+01
   1.93745525000000e+08   1.47965135965933e-06   2.50464264590994e+01
   1.94145528000000e+08   1.76968501364172e-06   2.50904611806405e+01
   1.94545530000000e+08   1.55955274294683e-06   2.51625179976914e+01
   1.94945533000000e+08   2.20353149416042e-06   2.50664422416190e+01
   1.95345536000000e+08   2.58541990660888e-06   2.50344169895869e+01
   1.95745538000000e+08   2.48190076490573e-06   2.50103980505602e+01
   1.96145541000000e+08   2.71313865596312e-06   2.51104769631567e+01
   1.96545543000000e+08   2.50704351856257e-06   2.51104769631567e+01
   1.96945546000000e+08   1.98035263565544e-06   2.50264106765782e+01
   1.97345549000000e+08   1.88198680461937e-06   2.50224075200738e+01
   1.97745551000000e+08   1.49471145505231e-06   2.49943854245411e+01
   1.98145554000000e+08   1.79526114152395e-06   2.50664422416190e+01
   1.98545556000000e+08   1.62848380114156e-06   2.49863791115312e+01
   1.98945559000000e+08   1.62478625043150e-06   2.49503507029835e+01
   1.99345562000000e+08   1.72026761902089e-06   2.50544327721075e+01
   1.99745564000000e+08   1.49939410221123e-06   2.49943854245411e+01
   2.00145567000000e+08   1.78492507529882e-06   2.49863791115312e+01
   2.00545569000000e+08   1.56638066073356e-06   2.50784517111300e+01
   2.00945572000000e+08   2.04942307391320e-06   2.49263317639489e+01
   2.01345575000000e+08   2.41234374698251e-06   2.51224864326656e+01
   2.01745577000000e+08   2.15297541217296e-06   2.49983885810460e+01
   2.02145580000000e+08   2.40529038819659e-06   2.51184832761627e+01
   2.02545582000000e+08   2.28321300710377e-06   2.50063948940555e+01
