   4.00003000000000e+05   1.41297459776979e-06   2.50144012070648e+01
   8.00005000000000e+05   1.67513258020335e-06   2.50304138330826e+01
   1.20000800000000e+06   1.65818221375957e-06   2.50864580241371e+01
   1.60001000000000e+06   1.56539761064778e-06   2.50344169895869e+01
   2.00001300000000e+06   1.98844236365403e-06   2.50624390851152e+01
   2.40001600000000e+06   1.73360058397520e-06   2.51985464062093e+01
   2.80001800000000e+06   1.99937448996934e-06   2.49783727985210e+01
   3.20002100000000e+06   1.92093784789904e-06   2.51104769631567e+01
   3.60002300000000e+06   1.69200188793184e-06   2.50224075200738e+01
   4.00002600000000e+06   2.18789796235797e-06   2.50103980505602e+01
   4.40002900000000e+06   1.77913511834049e-06   2.50784517111300e+01
   4.80003100000000e+06   2.13302541851590e-06   2.51184832761627e+01
   5.20003400000000e+06   1.99078476725845e-06   2.50424233025953e+01
   5.60003600000000e+06   1.94905055650452e-06   2.50464264590994e+01
   6.00003900000000e+06   2.22285757445206e-06   2.50864580241371e+01
   6.40004200000000e+06   1.81701830115344e-06   2.50023917375508e+01
   6.80004400000000e+06   2.14570263779024e-06   2.51384990586767e+01
   7.20004700000000e+06   2.07600101020944e-06   2.50184043635693e+01
   7.60004900000000e+06   1.74274339315161e-06   2.50784517111300e+01
   8.00005200000000e+06   1.45148987940047e-06   2.49863791115312e+01
   8.40005500000000e+06   1.04896514585562e-06   2.50063948940555e+01
   8.80005700000000e+06   1.29187753827864e-06   2.51024706501504e+01
   9.20006000000000e+06   1.10209839476738e-06   2.50384201460911e+01
   9.60006200000000e+06   1.14922636385018e-06   2.50624390851152e+01
   4.20915250000000e+07   2.38403724506497e-03   2.50063948940555e+01
   4.24915270000000e+07   1.85708768185577e-06   2.50144012070648e+01
   4.28915300000000e+07   7.53599408653827e-07   2.50063948940555e+01
   4.32915330000000e+07   2.69900647253962e-06   2.49743696420159e+01
   4.36915350000000e+07   8.98235271051817e-07   2.50224075200738e+01
   4.40915380000000e+07   2.78685274679447e-06   2.50103980505602e+01
   4.44915400000000e+07   1.78008178863820e-06   2.50344169895869e+01
   4.48915430000000e+07   7.20170248769136e-07   2.51184832761627e+01
   4.52915450000000e+07   2.76292871603800e-06   2.49903822680362e+01
   4.56915480000000e+07   7.51194022541313e-07   2.50584359286114e+01
   4.60915510000000e+07   2.53957455242926e-06   2.50464264590994e+01
   4.64915530000000e+07   1.45611738844309e-06   2.49823759550261e+01
   4.68915560000000e+07   6.14582233993133e-07   2.50704453981228e+01
   4.72915580000000e+07   2.33014952755184e-06   2.50624390851152e+01
   4.76915610000000e+07   7.94044126450899e-07   2.49623601725000e+01
   4.80915640000000e+07   2.77362983069906e-06   2.50103980505602e+01
   4.84915660000000e+07   1.71681415395142e-06   2.49703664855106e+01
   4.88915690000000e+07   1.03417630725744e-06   2.49583570159945e+01
   4.92915710000000e+07   2.71873568635783e-06   2.49543538594890e+01
   4.96915740000000e+07   1.12563452603354e-06   2.49583570159945e+01
   5.00915770000000e+07   2.52522545451939e-06   2.50344169895869e+01
   5.04915790000000e+07   1.48230617469380e-06   2.49183254509368e+01
   5.08915820000000e+07   9.51227093537454e-07   2.50584359286114e+01
   5.12915840000000e+07   2.46071522269631e-06   2.49943854245411e+01
   5.16915870000000e+07   8.49995956286875e-07   2.50944643371439e+01
   9.55573910000000e+07  -4.24615014344454e-03   2.50864580241371e+01
   9.59573940000000e+07   2.90694993054785e-06   2.49743696420159e+01
   9.63573960000000e+07   1.12928603357432e-06   2.50584359286114e+01
   9.67573990000000e+07   1.68276085332764e-06   2.50784517111300e+01
   9.71574010000000e+07   1.42700923788652e-06   2.49743696420159e+01
   9.75574040000000e+07   1.98083671421045e-06   2.50304138330826e+01
   9.79574060000000e+07   2.62822800323192e-06   2.49263317639489e+01
   9.83574090000000e+07   8.02384533926670e-07   2.50664422416190e+01
   9.87574120000000e+07   1.36391213345632e-06   2.50584359286114e+01
   9.91574140000000e+07   1.20997970043391e-06   2.50224075200738e+01
   9.95574170000000e+07   1.67690359376138e-06   2.51224864326656e+01
   9.99574190000000e+07   2.49955382969347e-06   2.49663633290053e+01
   1.00357422000000e+08   8.01172404862882e-07   2.49743696420159e+01
   1.00757425000000e+08   1.49915729252825e-06   2.50264106765782e+01
   1.01157427000000e+08   1.23132326734776e-06   2.50704453981228e+01
   1.01557430000000e+08   1.82008943738765e-06   2.50384201460911e+01
   1.01957432000000e+08   2.41447446569509e-06   2.49743696420159e+01
   1.02357435000000e+08   9.14131305762567e-07   2.50144012070648e+01
   1.02757438000000e+08   1.52308462020301e-06   2.49743696420159e+01
   1.03157440000000e+08   1.43858460432966e-06   2.50384201460911e+01
   1.03557443000000e+08   1.86073759778083e-06   2.49983885810460e+01
   1.03957445000000e+08   2.46391505243082e-06   2.50184043635693e+01
   1.04357448000000e+08   9.64540959103033e-07   2.50824548676336e+01
   1.04757451000000e+08   1.68296037372784e-06   2.51144801196597e+01
   1.05157453000000e+08   1.49975153362902e-06   2.50904611806405e+01
   1.48698361000000e+08   4.65574953705072e-03   2.50224075200738e+01
   1.49098363000000e+08   1.89338982181653e-06   2.49423443899722e+01
   1.49498366000000e+08   2.10723601412610e-06   2.50144012070648e+01
   1.49898368000000e+08   2.00577142095426e-06   2.50464264590994e+01
   1.50298371000000e+08   4.98888766742311e-07   2.49863791115312e+01
   1.50698374000000e+08   1.69618397194427e-06   2.49863791115312e+01
   1.51098376000000e+08   1.56561520725518e-06   2.50824548676336e+01
   1.51498379000000e+08   1.80040456143615e-06   2.50704453981228e+01
   1.51898381000000e+08   1.91532012649986e-06   2.50584359286114e+01
   1.52298384000000e+08   7.34016168735252e-07   2.51024706501504e+01
   1.52698386000000e+08   1.86521356226876e-06   2.50224075200738e+01
   1.53098389000000e+08   1.69567931607162e-06   2.50944643371439e+01
   1.53498392000000e+08   1.91135677596321e-06   2.51224864326656e+01
   1.53898394000000e+08   1.52047471146943e-06   2.50864580241371e+01
   1.54298397000000e+08   2.31677816486808e-07   2.51344959021740e+01
   1.54698399000000e+08   1.40093550271558e-06   2.50264106765782e+01
   1.55098402000000e+08   1.17140371003188e-06   2.51505085281844e+01
   1.55498405000000e+08   1.37909705699713e-06   2.50184043635693e+01
   1.55898407000000e+08   1.69269571870245e-06   2.49903822680362e+01
   1.56298410000000e+08   6.82239317484346e-07   2.50184043635693e+01
   1.56698412000000e+08   1.84808436642925e-06   2.50103980505602e+01
   1.57098415000000e+08   1.53317103013251e-06   2.50584359286114e+01
   1.57498418000000e+08   1.82997791853268e-06   2.49623601725000e+01
   1.57898420000000e+08   2.13761586564942e-06   2.49863791115312e+01
   1.58298423000000e+08   1.30042565160693e-06   2.49503507029835e+01
   1.93281005000000e+08  -2.06036213785410e-03   2.50304138330826e+01
   1.93681008000000e+08   1.28458202652837e-06   2.50544327721075e+01
   1.94081010000000e+08   1.90537355138076e-06   2.50664422416190e+01
   1.94481013000000e+08   1.18711284358142e-06   2.50784517111300e+01
   1.94881015000000e+08   1.14359045255696e-06   2.49583570159945e+01
   1.95281018000000e+08   1.96370206140273e-06   2.50784517111300e+01
   1.95681020000000e+08   1.00372551514738e-06   2.49663633290053e+01
   1.96081023000000e+08   1.86562806447910e-06   2.46541171213981e+01
   1.96481026000000e+08   1.51266817738360e-06   2.50664422416190e+01
   1.96881028000000e+08   1.38033658458880e-06   2.51024706501504e+01
   1.97281031000000e+08   1.98762222680671e-06   2.51224864326656e+01
   1.97681033000000e+08   1.29729698983283e-06   2.51625179976914e+01
   1.98081036000000e+08   2.62630010183784e-06   2.51705243106959e+01
   1.98481039000000e+08   2.14098645301419e-06   2.51625179976914e+01
   1.98881041000000e+08   1.88769274700462e-06   2.51264895891685e+01
   1.99281044000000e+08   2.74449939752230e-06   2.50864580241371e+01
   1.99681046000000e+08   1.79619826212729e-06   2.50344169895869e+01
   2.00081049000000e+08   2.27396549234982e-06   2.50063948940555e+01
   2.00481052000000e+08   1.58358989210683e-06   2.50224075200738e+01
   2.00881054000000e+08   1.68697783919924e-06   2.50224075200738e+01
   2.01281057000000e+08   2.36669484365848e-06   2.49903822680362e+01
   2.01681059000000e+08   1.40437020945683e-06   2.49423443899722e+01
   2.02081062000000e+08   2.13672365134698e-06   2.49703664855106e+01
   2.02481065000000e+08   1.67166024311882e-06   2.50023917375508e+01
   2.02881067000000e+08   1.64496145771409e-06   2.50664422416190e+01
