   4.00003000000000e+05   2.20672086470586e-06   2.50624390851152e+01
   8.00006000000000e+05   1.26465806715714e-06   2.50504296156035e+01
   1.20000800000000e+06   1.73881585396884e-06   2.49703664855106e+01
   1.60001100000000e+06   1.52578593315411e-06   2.50824548676336e+01
   2.00001300000000e+06   1.11495751298207e-06   2.50504296156035e+01
   2.40001600000000e+06   1.73571083905699e-06   2.50424233025953e+01
   2.80001800000000e+06   1.13415489977342e-06   2.49823759550261e+01
   3.20002100000000e+06   1.81727045855951e-06   2.50944643371439e+01
   3.60002400000000e+06   1.40567522066704e-06   2.50544327721075e+01
   4.00002600000000e+06   1.42950170811673e-06   2.49743696420159e+01
   4.40002900000000e+06   1.90679327261023e-06   2.50584359286114e+01
   4.80003100000000e+06   1.26170118619484e-06   2.50504296156035e+01
   5.20003400000000e+06   2.00409431272419e-06   2.50063948940555e+01
   5.60003700000000e+06   1.87263628959045e-06   2.51104769631567e+01
   6.00003900000000e+06   1.71936744663981e-06   2.50904611806405e+01
   6.40004200000000e+06   2.09275140150567e-06   2.50184043635693e+01
   6.80004400000000e+06   1.50411653976334e-06   2.50464264590994e+01
   7.20004700000000e+06   2.02849355446233e-06   2.50023917375508e+01
   7.60005000000000e+06   1.76953653863166e-06   2.51144801196597e+01
   8.00005200000000e+06   1.45211913604726e-06   2.50544327721075e+01
   8.40005500000000e+06   2.19629964703927e-06   2.49983885810460e+01
   8.80005700000000e+06   1.46313630011718e-06   2.49503507029835e+01
   9.20006000000000e+06   2.38982306655089e-06   2.50624390851152e+01
   9.60006300000000e+06   1.91368690138916e-06   2.50584359286114e+01
   4.21490610000000e+07  -2.08564987406135e-03   2.51264895891685e+01
   4.25490630000000e+07   1.94648123397201e-06   2.50944643371439e+01
   4.29490660000000e+07   2.48635615207604e-06   2.51104769631567e+01
   4.33490690000000e+07   1.31865249386465e-06   2.50744485546264e+01
   4.37490710000000e+07   1.90408457001467e-06   2.50023917375508e+01
   4.41490740000000e+07   2.81821849057451e-06   2.49903822680362e+01
   4.45490760000000e+07   2.25777512241621e-06   2.50624390851152e+01
   4.49490790000000e+07   2.55680424743332e-06   2.49863791115312e+01
   4.53490810000000e+07   8.70415078679798e-07   2.49583570159945e+01
   4.57490840000000e+07   1.65368453508563e-06   2.49383412334665e+01
   4.61490870000000e+07   2.51836286224716e-06   2.50384201460911e+01
   4.65490890000000e+07   2.04956563720771e-06   2.49783727985210e+01
   4.69490920000000e+07   2.15959312299674e-06   2.50103980505602e+01
   4.73490940000000e+07   9.33757689836057e-07   2.50103980505602e+01
   4.77490970000000e+07   1.70197745319456e-06   2.49583570159945e+01
   4.81491000000000e+07   2.30776049647829e-06   2.50103980505602e+01
   4.85491020000000e+07   1.80898086910020e-06   2.50384201460911e+01
   4.89491050000000e+07   2.17285332837491e-06   2.50224075200738e+01
   4.93491070000000e+07   7.71085808537464e-07   2.50464264590994e+01
   4.97491100000000e+07   1.53312544171058e-06   2.50784517111300e+01
   5.01491130000000e+07   1.94848371393164e-06   2.50184043635693e+01
   5.05491150000000e+07   1.85558189969015e-06   2.50424233025953e+01
   5.09491180000000e+07   1.95065854313725e-06   2.50584359286114e+01
   5.13491200000000e+07   7.17412262929429e-07   2.50544327721075e+01
   5.17491230000000e+07   1.46738295825344e-06   2.51264895891685e+01
   9.56317260000000e+07   4.67369984835386e-03   2.50504296156035e+01
   9.60317290000000e+07   4.57878883253215e-07   2.49503507029835e+01
   9.64317310000000e+07   3.13152759190416e-06   2.49743696420159e+01
   9.68317340000000e+07   1.58288798957074e-06   2.51024706501504e+01
   9.72317370000000e+07   1.87813338925480e-06   2.51024706501504e+01
   9.76317390000000e+07   2.96041935143876e-06   2.50544327721075e+01
   9.80317420000000e+07   1.25161182040756e-06   2.50544327721075e+01
   9.84317440000000e+07   3.57574344889144e-06   2.50544327721075e+01
   9.88317470000000e+07   2.05525680030405e-06   2.50144012070648e+01
   9.92317500000000e+07   1.67600023814884e-06   2.49503507029835e+01
   9.96317520000000e+07   2.72295233116893e-06   2.50784517111300e+01
   1.00031755000000e+08   9.40807694860268e-07   2.50264106765782e+01
   1.00431757000000e+08   3.30735474562971e-06   2.50544327721075e+01
   1.00831760000000e+08   1.68467659023008e-06   2.50904611806405e+01
   1.01231762000000e+08   1.51189590269496e-06   2.50744485546264e+01
   1.01631765000000e+08   2.55100326285174e-06   2.50664422416190e+01
   1.02031768000000e+08   8.31119393751578e-07   2.50944643371439e+01
   1.02431770000000e+08   3.05188382299093e-06   2.50063948940555e+01
   1.02831773000000e+08   1.67939003858919e-06   2.49783727985210e+01
   1.03231775000000e+08   1.82871542619978e-06   2.50704453981228e+01
   1.03631778000000e+08   2.75837578556093e-06   2.51344959021740e+01
   1.04031781000000e+08   9.58934151640278e-07   2.50224075200738e+01
   1.04431783000000e+08   3.19746277455124e-06   2.50824548676336e+01
   1.04831786000000e+08   1.79142182332725e-06   2.50824548676336e+01
   1.05231788000000e+08   1.60060017151409e-06   2.49983885810460e+01
   1.49009390000000e+08  -4.27937461063266e-03   2.49583570159945e+01
   1.49409392000000e+08   1.03400554962718e-06   2.49743696420159e+01
   1.49809395000000e+08   4.23158235207666e-06   2.50784517111300e+01
   1.50209397000000e+08   2.22395101445727e-06   2.50864580241371e+01
   1.50609400000000e+08   2.49818162956217e-06   2.50624390851152e+01
   1.51009403000000e+08   9.19961962608795e-07   2.50864580241371e+01
   1.51409405000000e+08   5.27532563410205e-07   2.49983885810460e+01
   1.51809408000000e+08   3.77028914044786e-06   2.49863791115312e+01
   1.52209410000000e+08   1.58877412559377e-06   2.50184043635693e+01
   1.52609413000000e+08   2.14093643080560e-06   2.50904611806405e+01
   1.53009416000000e+08   4.77319474612159e-07   2.49823759550261e+01
   1.53409418000000e+08   4.20938619072331e-07   2.50264106765782e+01
   1.53809421000000e+08   3.06642232317245e-06   2.50344169895869e+01
   1.54209423000000e+08   1.31833667182946e-06   2.50384201460911e+01
   1.54609426000000e+08   1.54659437612281e-06   2.50063948940555e+01
   1.55009428000000e+08   3.58840765102286e-07   2.50144012070648e+01
   1.55409431000000e+08  -9.02470560504298e-08   2.49503507029835e+01
   1.55809434000000e+08   2.71664521278581e-06   2.50384201460911e+01
   1.56209436000000e+08   9.84938083092857e-07   2.49783727985210e+01
   1.56609439000000e+08   1.26026566249493e-06   2.50544327721075e+01
   1.57009441000000e+08   7.29957207568077e-07   2.50344169895869e+01
   1.57409444000000e+08   5.80677351535996e-07   2.51064738066536e+01
   1.57809447000000e+08   3.27406473843439e-06   2.50264106765782e+01
   1.58209449000000e+08   1.56698558839707e-06   2.50904611806405e+01
   1.58609452000000e+08   1.86420288628142e-06   2.50264106765782e+01
   1.93889515000000e+08   2.40096263587475e-03   2.50704453981228e+01
   1.94289518000000e+08   9.44673047342803e-07   2.49263317639489e+01
   1.94689520000000e+08   2.43444765146705e-06   2.50103980505602e+01
   1.95089523000000e+08   2.69024280896701e-06   2.50504296156035e+01
   1.95489525000000e+08   7.61920944114536e-07   2.49663633290053e+01
   1.95889528000000e+08   2.46860895458667e-06   2.49583570159945e+01
   1.96289530000000e+08   9.43536974773451e-07   2.50544327721075e+01
   1.96689533000000e+08   2.48352989729028e-06   2.50184043635693e+01
   1.97089536000000e+08   2.37024755733728e-06   2.50063948940555e+01
   1.97489538000000e+08   7.88166687470948e-07   2.50544327721075e+01
   1.97889541000000e+08   2.10459484151215e-06   2.49823759550261e+01
   1.98289543000000e+08   8.45713884700672e-07   2.50264106765782e+01
   1.98689546000000e+08   2.22299354390998e-06   2.50103980505602e+01
   1.99089549000000e+08   2.64824006990239e-06   2.50384201460911e+01
   1.99489551000000e+08   1.24145060453884e-06   2.50264106765782e+01
   1.99889554000000e+08   2.40260192185815e-06   2.50504296156035e+01
   2.00289556000000e+08   1.25267729345069e-06   2.50384201460911e+01
   2.00689559000000e+08   2.50337461693562e-06   2.49783727985210e+01
   2.01089562000000e+08   2.50832226811326e-06   2.49423443899722e+01
   2.01489564000000e+08   1.04696732705634e-06   2.49863791115312e+01
   2.01889567000000e+08   2.11985252462910e-06   2.49943854245411e+01
   2.02289569000000e+08   1.10486678295274e-06   2.50063948940555e+01
   2.02689572000000e+08   2.25519511332095e-06   2.49743696420159e+01
   2.03089575000000e+08   2.22259291149385e-06   2.49743696420159e+01
   2.03489577000000e+08   8.79789695318323e-07   2.50184043635693e+01
