   4.00003000000000e+05   1.83603356163076e-06   2.51344959021740e+01
   8.00005000000000e+05   1.72012050825288e-06   2.50344169895869e+01
   1.20000800000000e+06   1.84940972758341e-06   2.51505085281844e+01
   1.60001000000000e+06   1.77676054136100e-06   2.46981518430070e+01
   2.00001300000000e+06   1.75955904069269e-06   2.50504296156035e+01
   2.40001600000000e+06   1.88223009445210e-06   2.51064738066536e+01
   2.80001800000000e+06   1.61815887622652e-06   2.48742907293661e+01
   3.20002100000000e+06   1.86892646070191e-06   2.48622812598455e+01
   3.60002300000000e+06   1.61446382662689e-06   2.51024706501504e+01
   4.00002600000000e+06   1.81778989372106e-06   2.47301770950813e+01
   4.40002900000000e+06   1.70308305769140e-06   2.51184832761627e+01
   4.80003100000000e+06   1.70738246652036e-06   2.47742118166770e+01
   5.20003400000000e+06   1.82478811439069e-06   2.49423443899722e+01
   5.60003600000000e+06   1.64494463206211e-06   2.48102402252496e+01
   6.00003900000000e+06   1.73614751020068e-06   2.47862212862018e+01
   6.40004200000000e+06   1.72519480656774e-06   2.50704453981228e+01
   6.80004400000000e+06   1.60876527388609e-06   2.49703664855106e+01
   7.20004700000000e+06   1.65348012615141e-06   2.50624390851152e+01
   7.60004900000000e+06   1.54314602696104e-06   2.51465053716819e+01
   8.00005200000000e+06   1.62205549258942e-06   2.49263317639489e+01
   8.40005400000000e+06   1.63981394507573e-06   2.47702086601686e+01
   8.80005700000000e+06   1.39117673825240e-06   2.53386568837311e+01
   9.20006000000000e+06   1.55601253482018e-06   2.51184832761627e+01
   9.60006200000000e+06   1.35860068439797e-06   2.48742907293661e+01
   4.22736180000000e+07   1.36037837364711e-04   2.51745274671980e+01
   4.26736200000000e+07   1.58101329361671e-06   2.50944643371439e+01
   4.30736230000000e+07   2.03048080038570e-06   2.49143222944307e+01
   4.34736260000000e+07   1.68556027801969e-06   2.49983885810460e+01
   4.38736280000000e+07   2.18690115616482e-06   2.48983096684056e+01
   4.42736310000000e+07   1.70798875842593e-06   2.51344959021740e+01
   4.46736330000000e+07   1.93675646187330e-06   2.51024706501504e+01
   4.50736360000000e+07   2.08963047043653e-06   2.49343380769607e+01
   4.54736390000000e+07   1.79590244897554e-06   2.51465053716819e+01
   4.58736410000000e+07   2.14314286495210e-06   2.50344169895869e+01
   4.62736440000000e+07   1.77091658315476e-06   2.50384201460911e+01
   4.66736460000000e+07   2.02558703676914e-06   2.51665211541937e+01
   4.70736490000000e+07   1.90938362720772e-06   2.49823759550261e+01
   4.74736510000000e+07   1.73220780652628e-06   2.50063948940555e+01
   4.78736540000000e+07   2.13221824196808e-06   2.51104769631567e+01
   4.82736570000000e+07   1.71761223555222e-06   2.50824548676336e+01
   4.86736590000000e+07   2.05368769456982e-06   2.51184832761627e+01
   4.90736620000000e+07   2.15899490285665e-06   2.50544327721075e+01
   4.94736640000000e+07   2.02212595468154e-06   2.49743696420159e+01
   4.98736670000000e+07   2.32229081120749e-06   2.50704453981228e+01
   5.02736700000000e+07   1.87330840617506e-06   2.50023917375508e+01
   5.06736720000000e+07   2.16527701013547e-06   2.50904611806405e+01
   5.10736750000000e+07   1.82928204139898e-06   2.50664422416190e+01
   5.14736770000000e+07   1.73007015291660e-06   2.50704453981228e+01
   5.18736800000000e+07   1.95876395991945e-06   2.51585148411891e+01
   9.54797630000000e+07   2.19550143810920e-04   2.50063948940555e+01
   9.58797660000000e+07   1.90211937933782e-06   2.47942275992180e+01
   9.62797690000000e+07   1.73025989624875e-06   2.51344959021740e+01
   9.66797710000000e+07   2.08339292839810e-06   2.49143222944307e+01
   9.70797740000000e+07   1.61290677169745e-06   2.50023917375508e+01
   9.74797760000000e+07   2.06582717510173e-06   2.50904611806405e+01
   9.78797790000000e+07   1.82073665655480e-06   2.51064738066536e+01
   9.82797820000000e+07   1.85567955668375e-06   2.50944643371439e+01
   9.86797840000000e+07   1.92325796888326e-06   2.50504296156035e+01
   9.90797870000000e+07   1.85410624453652e-06   2.51825337802020e+01
   9.94797890000000e+07   2.08514870791987e-06   2.48662844163524e+01
   9.98797920000000e+07   1.95078860087960e-06   2.51344959021740e+01
   1.00279795000000e+08   1.82638814294478e-06   2.49463475464779e+01
   1.00679797000000e+08   2.05526248464594e-06   2.49343380769607e+01
   1.01079800000000e+08   1.73398143488157e-06   2.48742907293661e+01
   1.01479802000000e+08   1.93590608432714e-06   2.47942275992180e+01
   1.01879805000000e+08   1.72773900430911e-06   2.51104769631567e+01
   1.02279808000000e+08   1.85762075943785e-06   2.48903033553927e+01
   1.02679810000000e+08   1.78609514023265e-06   2.49583570159945e+01
   1.03079813000000e+08   1.35053562644316e-06   2.49023128249120e+01
   1.03479815000000e+08   1.54779081640299e-06   2.51625179976914e+01
   1.03879818000000e+08   1.43182239753514e-06   2.48382623208026e+01
   1.04279821000000e+08   1.46067191053589e-06   2.49223286074429e+01
   1.04679823000000e+08   1.41738939873903e-06   2.49663633290053e+01
   1.05079826000000e+08   1.42243106893147e-06   2.50304138330826e+01
   1.48540880000000e+08   1.77900146809407e-04   2.50144012070648e+01
   1.48940882000000e+08   1.81620998773724e-06   2.50544327721075e+01
   1.49340885000000e+08   1.91115032066591e-06   2.50184043635693e+01
   1.49740888000000e+08   1.87249065675132e-06   2.50504296156035e+01
   1.50140890000000e+08   1.85410863196012e-06   2.50904611806405e+01
   1.50540893000000e+08   1.90096966434794e-06   2.49783727985210e+01
   1.50940895000000e+08   1.72519207808364e-06   2.50624390851152e+01
   1.51340898000000e+08   1.60524496095604e-06   2.50304138330826e+01
   1.51740901000000e+08   1.76153014308511e-06   2.50264106765782e+01
   1.52140903000000e+08   1.62344701948314e-06   2.50424233025953e+01
   1.52540906000000e+08   1.79354196916393e-06   2.50704453981228e+01
   1.52940908000000e+08   1.81346365479840e-06   2.49623601725000e+01
   1.53340911000000e+08   1.88832041203568e-06   2.51344959021740e+01
   1.53740914000000e+08   1.94805329556402e-06   2.50344169895869e+01
   1.54140916000000e+08   1.77990671090811e-06   2.50464264590994e+01
   1.54540919000000e+08   1.95137931768841e-06   2.50304138330826e+01
   1.54940921000000e+08   1.71425529060798e-06   2.49983885810460e+01
   1.55340924000000e+08   1.70956843703607e-06   2.50304138330826e+01
   1.55740926000000e+08   1.80995448317844e-06   2.50544327721075e+01
   1.56140929000000e+08   1.63478148351714e-06   2.50584359286114e+01
   1.56540932000000e+08   1.82929443326429e-06   2.49903822680362e+01
   1.56940934000000e+08   1.71074884747213e-06   2.50704453981228e+01
   1.57340937000000e+08   1.72811292031838e-06   2.51224864326656e+01
   1.57740939000000e+08   1.82128201231535e-06   2.49863791115312e+01
   1.58140942000000e+08   1.62638093570422e-06   2.49383412334665e+01
   1.92712435000000e+08   1.67500242241658e-04   2.49943854245411e+01
   1.93112438000000e+08   1.70638327290362e-06   2.50304138330826e+01
   1.93512440000000e+08   1.38490861445462e-06   2.50144012070648e+01
   1.93912443000000e+08   1.44878208629962e-06   2.48702875728593e+01
   1.94312446000000e+08   1.61912817020493e-06   2.52225653452185e+01
   1.94712448000000e+08   1.34335539314634e-06   2.50704453981228e+01
   1.95112451000000e+08   1.64778555244993e-06   2.49503507029835e+01
   1.95512453000000e+08   1.41947327847447e-06   2.50264106765782e+01
   1.95912456000000e+08   1.53096516442019e-06   2.49903822680362e+01
   1.96312459000000e+08   1.66229312981159e-06   2.51545116846868e+01
   1.96712461000000e+08   1.43185411616287e-06   2.50063948940555e+01
   1.97112464000000e+08   2.06095069188450e-06   2.50264106765782e+01
   1.97512466000000e+08   1.70250962128193e-06   2.50504296156035e+01
   1.97912469000000e+08   1.93222103916924e-06   2.51184832761627e+01
   1.98312471000000e+08   1.83413237664354e-06   2.50023917375508e+01
   1.98712474000000e+08   1.81389009412669e-06   2.50504296156035e+01
   1.99112477000000e+08   2.07559537557245e-06   2.50424233025953e+01
   1.99512479000000e+08   1.79317021320458e-06   2.50984674936472e+01
   1.99912482000000e+08   1.97205349650176e-06   2.50344169895869e+01
   2.00312484000000e+08   1.97363056031463e-06   2.50544327721075e+01
   2.00712487000000e+08   1.89883940038271e-06   2.50784517111300e+01
   2.01112490000000e+08   2.28869180318725e-06   2.50144012070648e+01
   2.01512492000000e+08   2.03674585463887e-06   2.49023128249120e+01
   2.01912495000000e+08   2.34199683291081e-06   2.49183254509368e+01
   2.02312497000000e+08   2.14007468457567e-06   2.50504296156035e+01
