   4.00002000000000e+05   1.86260479040357e-06   2.50464264590994e+01
   8.00005000000000e+05   1.68203280281887e-06   2.50624390851152e+01
   1.20000800000000e+06   2.00994668375643e-06   2.50744485546264e+01
   1.60001000000000e+06   1.51113147239812e-06   2.51625179976914e+01
   2.00001300000000e+06   1.87637044746225e-06   2.49703664855106e+01
   2.40001500000000e+06   1.71270630744402e-06   2.50304138330826e+01
   2.80001800000000e+06   1.79201185801503e-06   2.50424233025953e+01
   3.20002000000000e+06   1.97991653294594e-06   2.50624390851152e+01
   3.60002300000000e+06   1.92404104382149e-06   2.48822970423795e+01
   4.00002600000000e+06   1.98579505195084e-06   2.49783727985210e+01
   4.40002800000000e+06   2.04685193239129e-06   2.49783727985210e+01
   4.80003100000000e+06   1.84730401997513e-06   2.49023128249120e+01
   5.20003300000000e+06   2.14592364500277e-06   2.49103191379245e+01
   5.60003600000000e+06   1.78108666659682e-06   2.49983885810460e+01
   6.00003900000000e+06   1.94434664990695e-06   2.49583570159945e+01
   6.40004100000000e+06   2.00802242034115e-06   2.49863791115312e+01
   6.80004400000000e+06   1.78967400188412e-06   2.49263317639489e+01
   7.20004600000000e+06   2.06231698030024e-06   2.49983885810460e+01
   7.60004900000000e+06   1.73832199834578e-06   2.50224075200738e+01
   8.00005200000000e+06   2.01387933884689e-06   2.50784517111300e+01
   8.40005400000000e+06   1.91643039215705e-06   2.49663633290053e+01
   8.80005700000000e+06   1.67517873705947e-06   2.50264106765782e+01
   9.20005900000000e+06   1.75096511156880e-06   2.50344169895869e+01
   9.60006200000000e+06   1.46485774621397e-06   2.50304138330826e+01
   4.22867980000000e+07   1.35975205921568e-04   2.45340224260621e+01
   4.26868010000000e+07   1.66716517924215e-06   2.51665211541937e+01
   4.30868040000000e+07   1.47554874274647e-06   2.51625179976914e+01
   4.34868060000000e+07   2.35988363783690e-06   2.48142433817574e+01
   4.38868090000000e+07   1.07716414277093e-06   2.48983096684056e+01
   4.42868110000000e+07   2.30484101848560e-06   2.48342591642952e+01
   4.46868140000000e+07   1.51159179040405e-06   2.47662055036602e+01
   4.50868170000000e+07   1.64851871886640e-06   2.50144012070648e+01
   4.54868190000000e+07   2.07518405659357e-06   2.45540382086220e+01
   4.58868220000000e+07   1.12735995116964e-06   2.46100823997815e+01
   4.62868240000000e+07   2.17890169551538e-06   2.51465053716819e+01
   4.66868270000000e+07   1.43409135944239e-06   2.51505085281844e+01
   4.70868290000000e+07   1.67717269050627e-06   2.51344959021740e+01
   4.74868320000000e+07   2.13172484109236e-06   2.46741329039485e+01
   4.78868350000000e+07   1.10258076801983e-06   2.41657320266735e+01
   4.82868370000000e+07   2.33763671531051e-06   2.49703664855106e+01
   4.86868400000000e+07   1.31108561163273e-06   2.55468210216236e+01
   4.90868420000000e+07   1.80855204234831e-06   2.49303349204548e+01
   4.94868450000000e+07   1.88805449852225e-06   2.48262528512803e+01
   4.98868480000000e+07   1.23611926028389e-06   2.51024706501504e+01
   5.02868500000000e+07   2.23351025852025e-06   2.50864580241371e+01
   5.06868530000000e+07   1.33849346184434e-06   2.50184043635693e+01
   5.10868550000000e+07   2.04855837182549e-06   2.53186411012327e+01
   5.14868580000000e+07   2.17057936424681e-06   2.49503507029835e+01
   5.18868610000000e+07   1.54546671637945e-06   2.56468999340126e+01
   9.56996230000000e+07   2.26199990720488e-04   2.50784517111300e+01
   9.60996260000000e+07   2.24202653953398e-06   2.47061581560259e+01
   9.64996290000000e+07   1.81113739472494e-06   2.50304138330826e+01
   9.68996310000000e+07   2.08755068342725e-06   2.46941486864974e+01
   9.72996340000000e+07   2.08382380151306e-06   2.47501928776258e+01
   9.76996360000000e+07   1.84750820153567e-06   2.52866158492319e+01
   9.80996390000000e+07   2.23730944526324e-06   2.43658898524954e+01
   9.84996410000000e+07   1.88771821285627e-06   2.49423443899722e+01
   9.88996440000000e+07   2.00140084416489e-06   2.54227231702078e+01
   9.92996470000000e+07   1.96097812477092e-06   2.52065527192126e+01
   9.96996490000000e+07   1.68538406342122e-06   2.48903033553927e+01
   1.00099652000000e+08   2.06776167033240e-06   2.49743696420159e+01
   1.00499654000000e+08   1.71545786997740e-06   2.52225653452185e+01
   1.00899657000000e+08   1.90544187717023e-06   2.48903033553927e+01
   1.01299660000000e+08   1.76310197730345e-06   2.51425022151793e+01
   1.01699662000000e+08   1.63438505751401e-06   2.51825337802020e+01
   1.02099665000000e+08   1.99900523512042e-06   2.46901455299877e+01
   1.02499667000000e+08   1.57972078795865e-06   2.50944643371439e+01
   1.02899670000000e+08   1.65959716014186e-06   2.51064738066536e+01
   1.03299673000000e+08   1.65524102158088e-06   2.45380255825742e+01
   1.03699675000000e+08   1.46073182349937e-06   2.51785306237000e+01
   1.04099678000000e+08   1.79332459993020e-06   2.53266474142322e+01
   1.04499680000000e+08   1.29082422972715e-06   2.51304927456713e+01
   1.04899683000000e+08   1.87302930498845e-06   2.50264106765782e+01
   1.05299686000000e+08   1.70683699707297e-06   2.51665211541937e+01
   1.48797248000000e+08   1.70475235790946e-04   2.51304927456713e+01
   1.49197251000000e+08   1.78147820406593e-06   2.50304138330826e+01
   1.49597253000000e+08   2.08420169656165e-06   2.49903822680362e+01
   1.49997256000000e+08   1.87446607924358e-06   2.50063948940555e+01
   1.50397259000000e+08   1.86664715329243e-06   2.50464264590994e+01
   1.50797261000000e+08   1.95898610400036e-06   2.50464264590994e+01
   1.51197264000000e+08   1.75470086105634e-06   2.50744485546264e+01
   1.51597266000000e+08   1.87363161785470e-06   2.49743696420159e+01
   1.51997269000000e+08   1.79743904027418e-06   2.50063948940555e+01
   1.52397272000000e+08   1.83166582701233e-06   2.49983885810460e+01
   1.52797274000000e+08   1.83145903065451e-06   2.51064738066536e+01
   1.53197277000000e+08   1.72559987277054e-06   2.50224075200738e+01
   1.53597279000000e+08   1.93027403838641e-06   2.50304138330826e+01
   1.53997282000000e+08   1.76620733327582e-06   2.49583570159945e+01
   1.54397284000000e+08   1.73281034676620e-06   2.49703664855106e+01
   1.54797287000000e+08   1.84864268248930e-06   2.50224075200738e+01
   1.55197290000000e+08   1.81973291546456e-06   2.51425022151793e+01
   1.55597292000000e+08   1.86426359505276e-06   2.50704453981228e+01
   1.55997295000000e+08   1.70722705661319e-06   2.50824548676336e+01
   1.56397297000000e+08   1.88613876161980e-06   2.50784517111300e+01
   1.56797300000000e+08   1.82657197456138e-06   2.50304138330826e+01
   1.57197303000000e+08   1.82931103154260e-06   2.50544327721075e+01
   1.57597305000000e+08   1.90214223039220e-06   2.50704453981228e+01
   1.57997308000000e+08   1.86721842965198e-06   2.50264106765782e+01
   1.58397310000000e+08   1.92403649634798e-06   2.50544327721075e+01
   1.93684239000000e+08   1.73625216120854e-04   2.49663633290053e+01
   1.94084242000000e+08   1.87459875178320e-06   2.50624390851152e+01
   1.94484244000000e+08   1.61622870109568e-06   2.49863791115312e+01
   1.94884247000000e+08   1.62870776421187e-06   2.50304138330826e+01
   1.95284250000000e+08   1.79119956555951e-06   2.50704453981228e+01
   1.95684252000000e+08   1.30877526771656e-06   2.50624390851152e+01
   1.96084255000000e+08   1.92905190488091e-06   2.50784517111300e+01
   1.96484257000000e+08   1.39589928949135e-06   2.49263317639489e+01
   1.96884260000000e+08   1.76460753209540e-06   2.50504296156035e+01
   1.97284263000000e+08   1.84024747795775e-06   2.50944643371439e+01
   1.97684265000000e+08   1.59397836796416e-06   2.51024706501504e+01
   1.98084268000000e+08   2.01737452698580e-06   2.50304138330826e+01
   1.98484270000000e+08   1.57595536620647e-06   2.49983885810460e+01
   1.98884273000000e+08   1.90413936707046e-06   2.50504296156035e+01
   1.99284275000000e+08   1.94180097423668e-06   2.50704453981228e+01
   1.99684278000000e+08   1.66000324952620e-06   2.49063159814183e+01
   2.00084281000000e+08   2.16736498259706e-06   2.48822970423795e+01
   2.00484283000000e+08   1.65488029324479e-06   2.50144012070648e+01
   2.00884286000000e+08   1.93575488083297e-06   2.50264106765782e+01
   2.01284288000000e+08   1.79124469923408e-06   2.50184043635693e+01
   2.01684291000000e+08   1.66467793860647e-06   2.49663633290053e+01
   2.02084294000000e+08   2.01153738998983e-06   2.49663633290053e+01
   2.02484296000000e+08   1.61739490067703e-06   2.49543538594890e+01
   2.02884299000000e+08   1.90036450931075e-06   2.50144012070648e+01
   2.03284301000000e+08   1.81391180831270e-06   2.49423443899722e+01
