   4.00003000000000e+05   1.55322072714625e-06   2.51945432497076e+01
   8.00006000000000e+05   1.63963090926700e-06   2.48782938858728e+01
   1.20000800000000e+06   1.58808961714385e-06   2.49783727985210e+01
   1.60001100000000e+06   1.61503260187601e-06   2.49263317639489e+01
   2.00001300000000e+06   1.78614732249116e-06   2.47541960341345e+01
   2.40001600000000e+06   1.88751698715350e-06   2.50544327721075e+01
   2.80001900000000e+06   1.81194172910182e-06   2.48502717903243e+01
   3.20002100000000e+06   1.92993866221514e-06   2.49023128249120e+01
   3.60002400000000e+06   1.81896143658378e-06   2.53826916052223e+01
   4.00002600000000e+06   1.84476755293872e-06   2.50704453981228e+01
   4.40002900000000e+06   1.79885455509066e-06   2.50063948940555e+01
   4.80003200000000e+06   1.84744214948296e-06   2.51344959021740e+01
   5.20003400000000e+06   1.79080075213278e-06   2.48302560077878e+01
   5.60003700000000e+06   1.82169867457560e-06   2.49223286074429e+01
   6.00003900000000e+06   1.68106430464832e-06   2.49903822680362e+01
   6.40004200000000e+06   1.65800599916111e-06   2.52385779712233e+01
   6.80004500000000e+06   1.56504404458246e-06   2.54347326397022e+01
   7.20004700000000e+06   1.69666714100458e-06   2.50504296156035e+01
   7.60005000000000e+06   1.62636695222318e-06   2.51665211541937e+01
   8.00005300000000e+06   1.66578638527426e-06   2.48462686338171e+01
   8.40005500000000e+06   1.63886215887032e-06   2.51625179976914e+01
   8.80005800000000e+06   1.60212130140280e-06   2.48342591642952e+01
   9.20006000000000e+06   1.71250110270194e-06   2.51945432497076e+01
   9.60006300000000e+06   1.54220117565274e-06   2.48863001988861e+01
   4.20302640000000e+07  -2.03122477978468e-03   2.50504296156035e+01
   4.24302670000000e+07   1.08323024505808e-06   2.50584359286114e+01
   4.28302700000000e+07   1.87026114417677e-06   2.50264106765782e+01
   4.32302720000000e+07   2.10952680390619e-06   2.50224075200738e+01
   4.36302750000000e+07   3.07972709379101e-06   2.49823759550261e+01
   4.40302770000000e+07   5.20523656177829e-07   2.50224075200738e+01
   4.44302800000000e+07   1.50861285419523e-06   2.50384201460911e+01
   4.48302830000000e+07   2.04957586902310e-06   2.49183254509368e+01
   4.52302850000000e+07   2.26519046009344e-06   2.51184832761627e+01
   4.56302880000000e+07   2.49769186666526e-06   2.50504296156035e+01
   4.60302900000000e+07   4.05438868256169e-07   2.49983885810460e+01
   4.64302930000000e+07   1.70499129126256e-06   2.50704453981228e+01
   4.68302960000000e+07   2.20472111323033e-06   2.49543538594890e+01
   4.72302980000000e+07   2.17124511436850e-06   2.50624390851152e+01
   4.76303010000000e+07   1.98630300474179e-06   2.49983885810460e+01
   4.80303030000000e+07   4.34022183526395e-07   2.49063159814183e+01
   4.84303060000000e+07   2.35517177316069e-06   2.49383412334665e+01
   4.88303090000000e+07   2.40366694015393e-06   2.50544327721075e+01
   4.92303110000000e+07   2.05760920835019e-06   2.49743696420159e+01
   4.96303140000000e+07   1.70313307990000e-06   2.51064738066536e+01
   5.00303170000000e+07   7.67711298976792e-07   2.50944643371439e+01
   5.04303190000000e+07   2.61822538050183e-06   2.49303349204548e+01
   5.08303220000000e+07   2.21575714931532e-06   2.49263317639489e+01
   5.12303240000000e+07   1.80763527168892e-06   2.50544327721075e+01
   5.16303270000000e+07   1.55458394601737e-06   2.49263317639489e+01
   9.49759880000000e+07   4.56262519583106e-03   2.52065527192126e+01
   9.53759900000000e+07   3.91080311601399e-06   2.47501928776258e+01
   9.57759930000000e+07   2.07343668989779e-06   2.48822970423795e+01
   9.61759960000000e+07   9.00820225524512e-07   2.50224075200738e+01
   9.65759980000000e+07   2.28224484999373e-06   2.49583570159945e+01
   9.69760010000000e+07   2.73867584610343e-07   2.51224864326656e+01
   9.73760030000000e+07   4.22057382820640e-06   2.50424233025953e+01
   9.77760060000000e+07   1.51601102515997e-06   2.48863001988861e+01
   9.81760090000000e+07   8.35410958188731e-07   2.50304138330826e+01
   9.85760110000000e+07   2.18490686165751e-06   2.49263317639489e+01
   9.89760140000000e+07   6.56412282751262e-07   2.53506663532295e+01
   9.93760160000000e+07   4.07495735998964e-06   2.50504296156035e+01
   9.97760190000000e+07   8.61126579820848e-07   2.50464264590994e+01
   1.00176022000000e+08   7.71943120980723e-07   2.51865369367039e+01
   1.00576024000000e+08   2.21333084482467e-06   2.49743696420159e+01
   1.00976027000000e+08   8.68196650571917e-07   2.49783727985210e+01
   1.01376029000000e+08   3.78015124624653e-06   2.51785306237000e+01
   1.01776032000000e+08   3.57268561401725e-07   2.50224075200738e+01
   1.02176035000000e+08   1.57553165536228e-06   2.49303349204548e+01
   1.02576037000000e+08   2.54055908044393e-06   2.48983096684056e+01
   1.02976040000000e+08   1.49383947700699e-06   2.50384201460911e+01
   1.03376043000000e+08   3.64322636414727e-06   2.50544327721075e+01
   1.03776045000000e+08   3.10522949575898e-07   2.48502717903243e+01
   1.04176048000000e+08   1.89756826785015e-06   2.49023128249120e+01
   1.04576050000000e+08   2.62407138507115e-06   2.51104769631567e+01
   1.48200719000000e+08  -4.16544964537024e-03   2.49983885810460e+01
   1.48600722000000e+08   4.61374355609223e-07   2.48302560077878e+01
   1.49000724000000e+08   4.82880238905636e-07   2.51665211541937e+01
   1.49400727000000e+08   2.39457563111500e-06   2.50504296156035e+01
   1.49800729000000e+08   3.38755694428983e-06   2.50344169895869e+01
   1.50200732000000e+08   9.42312169627257e-07   2.53106347882328e+01
   1.50600735000000e+08   6.82890345160558e-07   2.50944643371439e+01
   1.51000737000000e+08   1.35685922941775e-06   2.52105558757142e+01
   1.51400740000000e+08   3.10587370222493e-06   2.51104769631567e+01
   1.51800742000000e+08   3.01127079183061e-06   2.50144012070648e+01
   1.52200745000000e+08   3.16444271675209e-07   2.51104769631567e+01
   1.52600748000000e+08   9.54990923673904e-07   2.49103191379245e+01
   1.53000750000000e+08   1.96399719243345e-06   2.50584359286114e+01
   1.53400753000000e+08   3.11905296257464e-06   2.52585937537280e+01
   1.53800756000000e+08   2.18290847442404e-06   2.50704453981228e+01
   1.54200758000000e+08   9.36425124109519e-08   2.51745274671980e+01
   1.54600761000000e+08   1.58830823693279e-06   2.49423443899722e+01
   1.55000763000000e+08   2.49876802627114e-06   2.51304927456713e+01
   1.55400766000000e+08   2.89005038212053e-06   2.49023128249120e+01
   1.55800769000000e+08   1.66144013746816e-06   2.50904611806405e+01
   1.56200771000000e+08   2.46353124566667e-07   2.49543538594890e+01
   1.56600774000000e+08   2.22899120672082e-06   2.49223286074429e+01
   1.57000776000000e+08   2.67096675088396e-06   2.50664422416190e+01
   1.57400779000000e+08   2.61027821579773e-06   2.51024706501504e+01
   1.57800782000000e+08   1.05011918094533e-06   2.51745274671980e+01
   1.92937502000000e+08   2.34504928812385e-03   2.52225653452185e+01
   1.93337504000000e+08   1.85860449164466e-06   2.54547484221917e+01
   1.93737507000000e+08   9.84424673333706e-07   2.53026284752328e+01
   1.94137509000000e+08   2.51562937592098e-06   2.56108715255570e+01
   1.94537512000000e+08   4.88382340790849e-07   2.47061581560259e+01
   1.94937515000000e+08   3.24936900142347e-06   2.62473734075480e+01
   1.95337517000000e+08   1.40929284953017e-06   2.48342591642952e+01
   1.95737520000000e+08   1.20194590635947e-06   2.43498772264355e+01
   1.96137522000000e+08   2.28317230721586e-06   2.48102402252496e+01
   1.96537525000000e+08   6.90004924308596e-07   2.56308873080330e+01
   1.96937528000000e+08   3.12405018121353e-06   2.45300192695499e+01
   1.97337530000000e+08   1.11906899746828e-06   2.47141644690447e+01
   1.97737533000000e+08   1.27687360418349e-06   2.47782149731853e+01
   1.98137535000000e+08   2.16311286749260e-06   2.48863001988861e+01
   1.98537538000000e+08   8.65539846017782e-07   2.52625969102287e+01
   1.98937541000000e+08   3.15586044052907e-06   2.50384201460911e+01
   1.99337543000000e+08   7.51188622416521e-07   2.47622023471517e+01
   1.99737546000000e+08   1.51412837112730e-06   2.50784517111300e+01
   2.00137548000000e+08   2.22921607928583e-06   2.50464264590994e+01
   2.00537551000000e+08   1.09925861124793e-06   2.50304138330826e+01
   2.00937554000000e+08   2.99816633742012e-06   2.47261739385723e+01
   2.01337556000000e+08   5.45291015896510e-07   2.45900666172260e+01
   2.01737559000000e+08   1.90397315691371e-06   2.52946221622325e+01
   2.02137562000000e+08   2.19028811443422e-06   2.49103191379245e+01
   2.02537564000000e+08   1.25503140679939e-06   2.51104769631567e+01
