   4.00003000000000e+05   1.50241851315513e-06   2.50624390851152e+01
   8.00006000000000e+05   1.89272680017893e-06   2.50224075200738e+01
   1.20000800000000e+06   1.68046790349763e-06   2.50904611806405e+01
   1.60001100000000e+06   1.96128894458525e-06   2.50063948940555e+01
   2.00001400000000e+06   1.71912552104914e-06   2.50144012070648e+01
   2.40001600000000e+06   1.95742563846579e-06   2.50304138330826e+01
   2.80001900000000e+06   2.11462656807271e-06   2.50584359286114e+01
   3.20002100000000e+06   1.88652927590738e-06   2.49663633290053e+01
   3.60002400000000e+06   1.71954275174357e-06   2.51024706501504e+01
   4.00002700000000e+06   2.21675099965069e-06   2.50664422416190e+01
   4.40002900000000e+06   1.70119938047719e-06   2.50464264590994e+01
   4.80003200000000e+06   2.07165180654556e-06   2.50224075200738e+01
   5.20003500000000e+06   1.67439395681868e-06   2.50504296156035e+01
   5.60003700000000e+06   2.19275921153894e-06   2.49183254509368e+01
   6.00004000000000e+06   1.92088509720634e-06   2.49823759550261e+01
   6.40004200000000e+06   1.67069674716913e-06   2.50264106765782e+01
   6.80004500000000e+06   2.06213144338108e-06   2.50984674936472e+01
   7.20004800000000e+06   1.90747641681810e-06   2.49663633290053e+01
   7.60005000000000e+06   1.71791134562227e-06   2.49703664855106e+01
   8.00005300000000e+06   1.84157067906199e-06   2.50464264590994e+01
   8.40005600000000e+06   1.86464706075640e-06   2.49343380769607e+01
   8.80005800000000e+06   2.10761095331691e-06   2.50304138330826e+01
   9.20006100000000e+06   1.65644144090038e-06   2.50744485546264e+01
   9.60006300000000e+06   1.86231261523062e-06   2.49743696420159e+01
   4.23953990000000e+07   2.34078755602241e-03   2.50824548676336e+01
   4.27954010000000e+07   2.66142274085723e-06   2.50464264590994e+01
   4.31954040000000e+07   8.99860822300980e-07   2.51104769631567e+01
   4.35954070000000e+07   1.87819716757076e-06   2.50344169895869e+01
   4.39954090000000e+07   1.63546599196707e-06   2.50824548676336e+01
   4.43954120000000e+07   2.15213822229998e-06   2.51785306237000e+01
   4.47954140000000e+07   2.01235138774791e-06   2.51264895891685e+01
   4.51954170000000e+07   1.09470477127616e-06   2.50023917375508e+01
   4.55954200000000e+07   1.94023368749185e-06   2.50744485546264e+01
   4.59954220000000e+07   1.66133702350635e-06   2.51144801196597e+01
   4.63954250000000e+07   2.20808010453766e-06   2.50264106765782e+01
   4.67954280000000e+07   2.09682184504345e-06   2.48903033553927e+01
   4.71954300000000e+07   8.03235309376760e-07   2.49223286074429e+01
   4.75954330000000e+07   1.98903671844164e-06   2.48943065118992e+01
   4.79954360000000e+07   1.85936448815482e-06   2.49663633290053e+01
   4.83954380000000e+07   2.36794630836812e-06   2.49103191379245e+01
   4.87954410000000e+07   1.71767612755502e-06   2.50544327721075e+01
   4.91954430000000e+07   1.29361603740108e-06   2.50384201460911e+01
   4.95954460000000e+07   2.48098513111472e-06   2.49903822680362e+01
   4.99954490000000e+07   1.96418636733142e-06   2.49383412334665e+01
   5.03954510000000e+07   2.09605036616267e-06   2.51024706501504e+01
   5.07954540000000e+07   1.89855882126722e-06   2.49623601725000e+01
   5.11954570000000e+07   1.42486078402726e-06   2.50584359286114e+01
   5.15954590000000e+07   2.29988745559240e-06   2.51304927456713e+01
   5.19954620000000e+07   1.95780171452498e-06   2.50344169895869e+01
   9.56014310000000e+07  -4.17089974507689e-03   2.49343380769607e+01
   9.60014340000000e+07   1.32441709865816e-06   2.49583570159945e+01
   9.64014360000000e+07   2.69372822003788e-06   2.50944643371439e+01
   9.68014390000000e+07   1.85039732514269e-06   2.49623601725000e+01
   9.72014410000000e+07   1.93506411960698e-06   2.49943854245411e+01
   9.76014440000000e+07   1.65098822435539e-06   2.49743696420159e+01
   9.80014470000000e+07   1.57122758537298e-06   2.49663633290053e+01
   9.84014490000000e+07   2.51382061833283e-06   2.49943854245411e+01
   9.88014520000000e+07   1.21078642223438e-06   2.49263317639489e+01
   9.92014550000000e+07   1.62185074259469e-06   2.50184043635693e+01
   9.96014570000000e+07   1.39206383664714e-06   2.50704453981228e+01
   1.00001460000000e+08   1.73190937857726e-06   2.50344169895869e+01
   1.00401462000000e+08   2.28788258027635e-06   2.49383412334665e+01
   1.00801465000000e+08   1.26026452562655e-06   2.50264106765782e+01
   1.01201468000000e+08   1.81993846126716e-06   2.50464264590994e+01
   1.01601470000000e+08   1.58310035658360e-06   2.50023917375508e+01
   1.02001473000000e+08   1.77545166479831e-06   2.49823759550261e+01
   1.02401476000000e+08   2.41636143982760e-06   2.50744485546264e+01
   1.02801478000000e+08   1.19327160064131e-06   2.50184043635693e+01
   1.03201481000000e+08   1.91285789696849e-06   2.50304138330826e+01
   1.03601484000000e+08   1.61186426339555e-06   2.50664422416190e+01
   1.04001486000000e+08   2.09136646844854e-06   2.50023917375508e+01
   1.04401489000000e+08   2.16869852920354e-06   2.50023917375508e+01
   1.04801491000000e+08   1.11015435777517e-06   2.50144012070648e+01
   1.05201494000000e+08   2.14943952414615e-06   2.50144012070648e+01
   1.48795257000000e+08   4.57409955561161e-03   2.49983885810460e+01
   1.49195260000000e+08   7.74557690874644e-07   2.50184043635693e+01
   1.49595263000000e+08   5.50066431515006e-07   2.50224075200738e+01
   1.49995265000000e+08   3.20730669045588e-06   2.49823759550261e+01
   1.50395268000000e+08   1.30731712033594e-06   2.49623601725000e+01
   1.50795271000000e+08   3.24938878293324e-06   2.49663633290053e+01
   1.51195273000000e+08   7.86600708124752e-07   2.50304138330826e+01
   1.51595276000000e+08   1.18144737371040e-06   2.49863791115312e+01
   1.51995278000000e+08   3.51475478055363e-06   2.50184043635693e+01
   1.52395281000000e+08   1.48267986332939e-06   2.49943854245411e+01
   1.52795284000000e+08   3.07980258185125e-06   2.49983885810460e+01
   1.53195286000000e+08   5.81246467845631e-07   2.50184043635693e+01
   1.53595289000000e+08   1.78626885372069e-06   2.49983885810460e+01
   1.53995292000000e+08   3.35124332195846e-06   2.50944643371439e+01
   1.54395294000000e+08   1.24264875012159e-06   2.49623601725000e+01
   1.54795297000000e+08   2.41230873143650e-06   2.50864580241371e+01
   1.55195299000000e+08   7.06571370301390e-07   2.50824548676336e+01
   1.55595302000000e+08   2.04731622943655e-06   2.50224075200738e+01
   1.55995305000000e+08   3.10181280838151e-06   2.50103980505602e+01
   1.56395307000000e+08   9.14923475647811e-07   2.49983885810460e+01
   1.56795310000000e+08   2.48036758421222e-06   2.50224075200738e+01
   1.57195313000000e+08   6.21741037321044e-07   2.49463475464779e+01
   1.57595315000000e+08   2.34969184020883e-06   2.50664422416190e+01
   1.57995318000000e+08   2.60759520642750e-06   2.50144012070648e+01
   1.58395320000000e+08   8.50990261369589e-07   2.50224075200738e+01
   1.93079203000000e+08  -2.02823686413467e-03   2.49823759550261e+01
   1.93479205000000e+08   1.09538530068676e-06   2.51064738066536e+01
   1.93879208000000e+08   1.55600309881265e-06   2.50824548676336e+01
   1.94279210000000e+08   2.11611336453643e-06   2.49943854245411e+01
   1.94679213000000e+08   1.39133817356196e-06   2.50384201460911e+01
   1.95079216000000e+08   1.65999028922670e-06   2.50464264590994e+01
   1.95479218000000e+08   1.00503723388101e-06   2.50904611806405e+01
   1.95879221000000e+08   1.82859002961777e-06   2.50904611806405e+01
   1.96279224000000e+08   2.17538740798773e-06   2.50063948940555e+01
   1.96679226000000e+08   1.55824716330244e-06   2.50544327721075e+01
   1.97079229000000e+08   1.61618208949221e-06   2.50264106765782e+01
   1.97479232000000e+08   1.31955209781154e-06   2.50424233025953e+01
   1.97879234000000e+08   2.15867771657940e-06   2.50504296156035e+01
   1.98279237000000e+08   2.27473969971470e-06   2.50103980505602e+01
   1.98679239000000e+08   1.73405987879960e-06   2.50824548676336e+01
   1.99079242000000e+08   2.03210038307589e-06   2.49903822680362e+01
   1.99479245000000e+08   1.81920302111394e-06   2.50464264590994e+01
   1.99879247000000e+08   2.44489592660102e-06   2.50384201460911e+01
   2.00279250000000e+08   2.34352000916260e-06   2.50424233025953e+01
   2.00679253000000e+08   1.90629521057417e-06   2.50344169895869e+01
   2.01079255000000e+08   2.07925972972589e-06   2.49463475464779e+01
   2.01479258000000e+08   2.04363300326804e-06   2.49943854245411e+01
   2.01879261000000e+08   2.71092153525387e-06   2.50984674936472e+01
   2.02279263000000e+08   2.14922715713328e-06   2.50184043635693e+01
   2.02679266000000e+08   1.87637022008857e-06   2.50464264590994e+01
