   4.00002000000000e+05   2.09853692467732e-06   2.50464264590994e+01
   8.00005000000000e+05   2.13655744119023e-06   2.50023917375508e+01
   1.20000700000000e+06   2.09242807613919e-06   2.50584359286114e+01
   1.60001000000000e+06   2.11858991860936e-06   2.50544327721075e+01
   2.00001300000000e+06   2.00104545911017e-06   2.50144012070648e+01
   2.40001500000000e+06   2.21430286728719e-06   2.50103980505602e+01
   2.80001800000000e+06   2.22779885916680e-06   2.50224075200738e+01
   3.20002000000000e+06   1.96057794710214e-06   2.49383412334665e+01
   3.60002300000000e+06   2.31349190471519e-06   2.50224075200738e+01
   4.00002600000000e+06   1.90335435945599e-06   2.49503507029835e+01
   4.40002800000000e+06   1.92875177162932e-06   2.49663633290053e+01
   4.80003100000000e+06   1.80526330950670e-06   2.50144012070648e+01
   5.20003300000000e+06   1.73380453816208e-06   2.50504296156035e+01
   5.60003600000000e+06   1.99199439521180e-06   2.50584359286114e+01
   6.00003900000000e+06   1.63596473612415e-06   2.50264106765782e+01
   6.40004100000000e+06   1.97091276277206e-06   2.49903822680362e+01
   6.80004400000000e+06   1.92267407328472e-06   2.50023917375508e+01
   7.20004600000000e+06   1.75136324287450e-06   2.48582781033385e+01
   7.60004900000000e+06   1.95567849914369e-06   2.51104769631567e+01
   8.00005200000000e+06   1.73188539065450e-06   2.50504296156035e+01
   8.40005400000000e+06   1.72014722465974e-06   2.49543538594890e+01
   8.80005700000000e+06   1.57541182943532e-06   2.49063159814183e+01
   9.20005900000000e+06   1.44783450650721e-06   2.49263317639489e+01
   9.60006200000000e+06   1.83790177743504e-06   2.50023917375508e+01
   4.20842190000000e+07   1.55825371621177e-04   2.50384201460911e+01
   4.24842220000000e+07   2.38947131947498e-06   2.50184043635693e+01
   4.28842250000000e+07   2.51352412306005e-06   2.50544327721075e+01
   4.32842270000000e+07   2.19950243263156e-06   2.49663633290053e+01
   4.36842300000000e+07   2.57153783422837e-06   2.49503507029835e+01
   4.40842320000000e+07   2.20706692743988e-06   2.50063948940555e+01
   4.44842350000000e+07   2.41158249991713e-06   2.49503507029835e+01
   4.48842380000000e+07   2.26918541557097e-06   2.50344169895869e+01
   4.52842400000000e+07   2.25376879825490e-06   2.50664422416190e+01
   4.56842430000000e+07   2.39300788962282e-06   2.49543538594890e+01
   4.60842450000000e+07   2.18226023207535e-06   2.49263317639489e+01
   4.64842480000000e+07   2.06720847018005e-06   2.50344169895869e+01
   4.68842510000000e+07   2.23363940676791e-06   2.49783727985210e+01
   4.72842530000000e+07   1.94552785615087e-06   2.50344169895869e+01
   4.76842560000000e+07   2.30079740504152e-06   2.49983885810460e+01
   4.80842580000000e+07   1.81485836492357e-06   2.49743696420159e+01
   4.84842610000000e+07   1.97635426957277e-06   2.50584359286114e+01
   4.88842640000000e+07   1.90646017017571e-06   2.50184043635693e+01
   4.92842660000000e+07   1.71662236425618e-06   2.50704453981228e+01
   4.96842690000000e+07   1.96385894923878e-06   2.50384201460911e+01
   5.00842710000000e+07   1.60214642619394e-06   2.51264895891685e+01
   5.04842740000000e+07   1.50876235238684e-06   2.50464264590994e+01
   5.08842770000000e+07   1.52435836753284e-06   2.51064738066536e+01
   5.12842790000000e+07   1.35894936192926e-06   2.48943065118992e+01
   5.16842820000000e+07   1.62593585173454e-06   2.50424233025953e+01
   9.53809600000000e+07   1.74150176462717e-04   2.50384201460911e+01
   9.57809620000000e+07   2.02246928893146e-06   2.50264106765782e+01
   9.61809650000000e+07   2.08417395697325e-06   2.49783727985210e+01
   9.65809670000000e+07   1.53885378040286e-06   2.49183254509368e+01
   9.69809700000000e+07   1.98765224013187e-06   2.49103191379245e+01
   9.73809730000000e+07   1.68101257713715e-06   2.50384201460911e+01
   9.77809750000000e+07   1.67571715792292e-06   2.50144012070648e+01
   9.81809780000000e+07   2.07326252166240e-06   2.51024706501504e+01
   9.85809800000000e+07   1.68676626799424e-06   2.50504296156035e+01
   9.89809830000000e+07   2.09766926673183e-06   2.49823759550261e+01
   9.93809860000000e+07   1.63530467034434e-06   2.50144012070648e+01
   9.97809880000000e+07   1.96582846001547e-06   2.50784517111300e+01
   1.00180991000000e+08   1.98333668777195e-06   2.50744485546264e+01
   1.00580993000000e+08   1.54003623720200e-06   2.50624390851152e+01
   1.00980996000000e+08   1.83765143901837e-06   2.49183254509368e+01
   1.01380999000000e+08   1.60875890742318e-06   2.49703664855106e+01
   1.01781001000000e+08   1.73551836724073e-06   2.49823759550261e+01
   1.02181004000000e+08   2.06872914532141e-06   2.49103191379245e+01
   1.02581006000000e+08   1.90686091627867e-06   2.50023917375508e+01
   1.02981009000000e+08   2.47501452577126e-06   2.49023128249120e+01
   1.03381012000000e+08   1.99710370907269e-06   2.49663633290053e+01
   1.03781014000000e+08   2.11151245821384e-06   2.49983885810460e+01
   1.04181017000000e+08   2.31507101489115e-06   2.50304138330826e+01
   1.04581019000000e+08   2.05000355890661e-06   2.50023917375508e+01
   1.04981022000000e+08   2.24884206545539e-06   2.50784517111300e+01
   1.48882492000000e+08   2.22325295908377e-04   2.49143222944307e+01
   1.49282494000000e+08   1.39433177537285e-06   2.50784517111300e+01
   1.49682497000000e+08   1.71091676293145e-06   2.49983885810460e+01
   1.50082500000000e+08   1.70336409155425e-06   2.51304927456713e+01
   1.50482502000000e+08   1.70587077263917e-06   2.51184832761627e+01
   1.50882505000000e+08   1.88570766113116e-06   2.50824548676336e+01
   1.51282507000000e+08   1.55411851210374e-06   2.49623601725000e+01
   1.51682510000000e+08   2.04786806534685e-06   2.49503507029835e+01
   1.52082513000000e+08   1.69316695064481e-06   2.50464264590994e+01
   1.52482515000000e+08   1.55645011545857e-06   2.50224075200738e+01
   1.52882518000000e+08   1.88731382877450e-06   2.49463475464779e+01
   1.53282520000000e+08   1.63205720582482e-06   2.50264106765782e+01
   1.53682523000000e+08   1.79354401552700e-06   2.50103980505602e+01
   1.54082526000000e+08   1.90628850305075e-06   2.49863791115312e+01
   1.54482528000000e+08   2.26041788664588e-06   2.50344169895869e+01
   1.54882531000000e+08   2.44713510255679e-06   2.49943854245411e+01
   1.55282533000000e+08   1.95298662220011e-06   2.49903822680362e+01
   1.55682536000000e+08   2.31509102377458e-06   2.49703664855106e+01
   1.56082539000000e+08   1.98070574697340e-06   2.50344169895869e+01
   1.56482541000000e+08   1.57712304371671e-06   2.50504296156035e+01
   1.56882544000000e+08   1.66407573942706e-06   2.49783727985210e+01
   1.57282546000000e+08   1.54003134866798e-06   2.49623601725000e+01
   1.57682549000000e+08   1.87033288057137e-06   2.50184043635693e+01
   1.58082552000000e+08   1.58963166541071e-06   2.50063948940555e+01
   1.58482554000000e+08   1.53379232870066e-06   2.50984674936472e+01
   1.93529857000000e+08   1.54850276885554e-04   2.51505085281844e+01
   1.93929859000000e+08   1.42319254337053e-06   2.50264106765782e+01
   1.94329862000000e+08   1.56133864948060e-06   2.50264106765782e+01
   1.94729864000000e+08   1.47086029755883e-06   2.49703664855106e+01
   1.95129867000000e+08   1.43903753269115e-06   2.49743696420159e+01
   1.95529870000000e+08   1.48647757214349e-06   2.50864580241371e+01
   1.95929872000000e+08   1.32751415549137e-06   2.50304138330826e+01
   1.96329875000000e+08   1.72595446201740e-06   2.50023917375508e+01
   1.96729877000000e+08   1.37437598368706e-06   2.50063948940555e+01
   1.97129880000000e+08   1.60601928200776e-06   2.50344169895869e+01
   1.97529883000000e+08   1.56423107000592e-06   2.50624390851152e+01
   1.97929885000000e+08   1.60996023623738e-06   2.49823759550261e+01
   1.98329888000000e+08   2.04395337277674e-06   2.49943854245411e+01
   1.98729890000000e+08   2.01526540877239e-06   2.50944643371439e+01
   1.99129893000000e+08   2.05881178771961e-06   2.50624390851152e+01
   1.99529895000000e+08   2.19610956264660e-06   2.50784517111300e+01
   1.99929898000000e+08   1.72752027083334e-06   2.51585148411891e+01
   2.00329901000000e+08   1.66968982284743e-06   2.50304138330826e+01
   2.00729903000000e+08   1.36641438075458e-06   2.51144801196597e+01
   2.01129906000000e+08   1.49786353631498e-06   2.50384201460911e+01
   2.01529908000000e+08   1.49507206970156e-06   2.50824548676336e+01
   2.01929911000000e+08   1.52479435655550e-06   2.50664422416190e+01
   2.02329914000000e+08   2.11975702768541e-06   2.50264106765782e+01
   2.02729916000000e+08   2.05415631171491e-06   2.50544327721075e+01
   2.03129919000000e+08   2.08385608857498e-06   2.51865369367039e+01
