   4.00003000000000e+05   1.64265247803996e-06   2.49583570159945e+01
   8.00006000000000e+05   2.01619377548923e-06   2.49863791115312e+01
   1.20000800000000e+06   1.66779295796005e-06   2.49983885810460e+01
   1.60001100000000e+06   2.00388694793219e-06   2.49703664855106e+01
   2.00001300000000e+06   1.81897462425695e-06   2.50584359286114e+01
   2.40001600000000e+06   1.93379037227714e-06   2.50504296156035e+01
   2.80001900000000e+06   2.15196746466972e-06   2.50304138330826e+01
   3.20002100000000e+06   1.84318616902601e-06   2.50864580241371e+01
   3.60002400000000e+06   2.06251161216642e-06   2.50344169895869e+01
   4.00002600000000e+06   2.09432118936093e-06   2.50704453981228e+01
   4.40002900000000e+06   2.26788006330025e-06   2.50384201460911e+01
   4.80003200000000e+06   2.59204307440086e-06   2.49983885810460e+01
   5.20003400000000e+06   2.19224375541671e-06   2.50664422416190e+01
   5.60003700000000e+06   2.53776579484111e-06   2.49543538594890e+01
   6.00003900000000e+06   2.29557849706907e-06   2.51064738066536e+01
   6.40004200000000e+06   2.29245574701054e-06   2.50864580241371e+01
   6.80004400000000e+06   2.47990965362987e-06   2.50023917375508e+01
   7.20004700000000e+06   2.10239295483916e-06   2.49703664855106e+01
   7.60005000000000e+06   2.41937436840090e-06   2.49983885810460e+01
   8.00005200000000e+06   2.18500576920633e-06   2.50864580241371e+01
   8.40005500000000e+06   1.78415598384163e-06   2.50904611806405e+01
   8.80005700000000e+06   1.98534394257877e-06   2.49903822680362e+01
   9.20006000000000e+06   1.63986828738416e-06   2.49383412334665e+01
   9.60006300000000e+06   2.03438889911922e-06   2.49903822680362e+01
   4.23683890000000e+07   2.36097513698041e-03   2.50224075200738e+01
   4.27683910000000e+07   2.98985423796694e-06   2.49583570159945e+01
   4.31683940000000e+07   9.70383439380385e-07   2.49543538594890e+01
   4.35683960000000e+07   1.96166138266562e-06   2.50144012070648e+01
   4.39683990000000e+07   2.02825140149798e-06   2.50624390851152e+01
   4.43684020000000e+07   5.78944138851512e-07   2.49383412334665e+01
   4.47684040000000e+07   3.37748542733607e-06   2.50184043635693e+01
   4.51684070000000e+07   1.24396262890514e-06   2.50864580241371e+01
   4.55684090000000e+07   2.39150472225447e-06   2.49623601725000e+01
   4.59684120000000e+07   2.21444588532904e-06   2.50904611806405e+01
   4.63684150000000e+07   9.58112082116713e-07   2.50304138330826e+01
   4.67684170000000e+07   3.34633909915283e-06   2.50624390851152e+01
   4.71684200000000e+07   1.30172350054636e-06   2.50464264590994e+01
   4.75684220000000e+07   2.59415901382454e-06   2.49743696420159e+01
   4.79684250000000e+07   2.14421947930532e-06   2.50384201460911e+01
   4.83684280000000e+07   7.37193374789058e-07   2.50023917375508e+01
   4.87684300000000e+07   3.27647921949392e-06   2.49743696420159e+01
   4.91684330000000e+07   1.15479156193032e-06   2.49343380769607e+01
   4.95684350000000e+07   2.19166759052314e-06   2.49823759550261e+01
   4.99684380000000e+07   2.00101112568518e-06   2.50023917375508e+01
   5.03684410000000e+07   9.92920604403480e-07   2.50103980505602e+01
   5.07684430000000e+07   3.10980340145761e-06   2.50063948940555e+01
   5.11684460000000e+07   9.89070258583524e-07   2.49863791115312e+01
   5.15684480000000e+07   2.39923929257202e-06   2.49503507029835e+01
   5.19684510000000e+07   1.94490780813794e-06   2.50504296156035e+01
   9.55451580000000e+07  -4.23989957198501e-03   2.50544327721075e+01
   9.59451600000000e+07   1.83773249773367e-06   2.50063948940555e+01
   9.63451630000000e+07   4.50866855317145e-06   2.50544327721075e+01
   9.67451650000000e+07   1.04653440757829e-06   2.49623601725000e+01
   9.71451680000000e+07  -2.94542502388140e-07   2.50344169895869e+01
   9.75451710000000e+07   2.69837187261146e-06   2.50664422416190e+01
   9.79451730000000e+07   1.83533450126561e-06   2.50584359286114e+01
   9.83451760000000e+07   4.20171591031249e-06   2.51104769631567e+01
   9.87451780000000e+07   6.64774518099875e-07   2.49743696420159e+01
   9.91451810000000e+07  -1.03559038677759e-07   2.51304927456713e+01
   9.95451840000000e+07   2.54727137871669e-06   2.51024706501504e+01
   9.99451860000000e+07   1.93861410480167e-06   2.50384201460911e+01
   1.00345189000000e+08   3.94157405025908e-06   2.50424233025953e+01
   1.00745191000000e+08   5.47132458450506e-07   2.50984674936472e+01
   1.01145194000000e+08   1.10923984664169e-07   2.50344169895869e+01
   1.01545197000000e+08   2.90349180431804e-06   2.50544327721075e+01
   1.01945199000000e+08   2.05148262466537e-06   2.49983885810460e+01
   1.02345202000000e+08   3.65774349120329e-06   2.49703664855106e+01
   1.02745204000000e+08   3.78721040306118e-07   2.49343380769607e+01
   1.03145207000000e+08   4.33904546071062e-07   2.49663633290053e+01
   1.03545210000000e+08   2.92244408228726e-06   2.50504296156035e+01
   1.03945212000000e+08   1.96719952327840e-06   2.50184043635693e+01
   1.04345215000000e+08   3.23872927765478e-06   2.49743696420159e+01
   1.04745217000000e+08   4.14593479547420e-08   2.49423443899722e+01
   1.05145220000000e+08   5.03409410157474e-07   2.50384201460911e+01
   1.48863585000000e+08   4.63434960693121e-03   2.49023128249120e+01
   1.49263587000000e+08   2.15036538975255e-06   2.49743696420159e+01
   1.49663590000000e+08   1.53618486820051e-06   2.49983885810460e+01
   1.50063592000000e+08   2.71563430942479e-06   2.49063159814183e+01
   1.50463595000000e+08   2.49142317443329e-06   2.49903822680362e+01
   1.50863598000000e+08   5.16712816533982e-07   2.49823759550261e+01
   1.51263600000000e+08   1.75844070327003e-06   2.49863791115312e+01
   1.51663603000000e+08   1.11984888917505e-06   2.48903033553927e+01
   1.52063605000000e+08   2.38939264818328e-06   2.49463475464779e+01
   1.52463608000000e+08   1.98741327039897e-06   2.49983885810460e+01
   1.52863611000000e+08   5.19250932029536e-07   2.49903822680362e+01
   1.53263613000000e+08   1.55556233494281e-06   2.50464264590994e+01
   1.53663616000000e+08   9.88332999440900e-07   2.50504296156035e+01
   1.54063618000000e+08   2.32700654123619e-06   2.49343380769607e+01
   1.54463621000000e+08   2.23425877265981e-06   2.50504296156035e+01
   1.54863623000000e+08   6.98460212333885e-07   2.49783727985210e+01
   1.55263626000000e+08   1.87268176432553e-06   2.50264106765782e+01
   1.55663629000000e+08   1.38975156005472e-06   2.49823759550261e+01
   1.56063631000000e+08   2.70380814981763e-06   2.49943854245411e+01
   1.56463634000000e+08   2.55543386629142e-06   2.50704453981228e+01
   1.56863636000000e+08   1.35993025196512e-06   2.50744485546264e+01
   1.57263639000000e+08   2.42437226916081e-06   2.49303349204548e+01
   1.57663642000000e+08   1.94937729247613e-06   2.49863791115312e+01
   1.58063644000000e+08   3.09209212900896e-06   2.50784517111300e+01
   1.58463647000000e+08   2.66221218225837e-06   2.49663633290053e+01
   1.93192167000000e+08  -2.05727457068861e-03   2.50944643371439e+01
   1.93592169000000e+08   2.12214536077227e-06   2.50544327721075e+01
   1.93992172000000e+08   1.09024256289558e-06   2.49823759550261e+01
   1.94392174000000e+08   9.73228907241719e-07   2.49503507029835e+01
   1.94792177000000e+08   3.30664101966249e-06   2.49823759550261e+01
   1.95192180000000e+08   1.65883523095545e-06   2.49463475464779e+01
   1.95592182000000e+08   2.17422348214313e-06   2.49983885810460e+01
   1.95992185000000e+08   1.25873293654877e-06   2.48983096684056e+01
   1.96392187000000e+08   8.15536964182684e-07   2.50624390851152e+01
   1.96792190000000e+08   3.23747417496634e-06   2.49823759550261e+01
   1.97192193000000e+08   1.26962765989447e-06   2.50664422416190e+01
   1.97592195000000e+08   1.97295184989343e-06   2.49463475464779e+01
   1.97992198000000e+08   1.02834167137189e-06   2.50464264590994e+01
   1.98392200000000e+08   1.08507038021344e-06   2.50504296156035e+01
   1.98792203000000e+08   3.05436742564780e-06   2.51505085281844e+01
   1.99192206000000e+08   1.13708392746048e-06   2.49663633290053e+01
   1.99592208000000e+08   1.90650587228447e-06   2.50864580241371e+01
   1.99992211000000e+08   1.03595425571257e-06   2.50544327721075e+01
   2.00392213000000e+08   1.03624006442260e-06   2.50504296156035e+01
   2.00792216000000e+08   2.84086672763806e-06   2.49903822680362e+01
   2.01192219000000e+08   1.08929191355855e-06   2.49423443899722e+01
   2.01592221000000e+08   1.76497042048140e-06   2.50224075200738e+01
   2.01992224000000e+08   1.02406318092108e-06   2.50784517111300e+01
   2.02392226000000e+08   1.29306363305659e-06   2.49303349204548e+01
   2.02792229000000e+08   2.96769189844781e-06   2.50144012070648e+01
